1
0.11064248E+001 0.10985854E+001 0.11732931E+001 0.10902521E+001 0.10652011E+001 -.10479110E+001 -.10308092E+001 -.99617402E+000 -.10746803E+001 -.10073408E+001
-.82775459E-001 -.29133805E+000 -.56616159E+000 0.18207672E+001 0.97281957E+000 0.82192277E+000 0.17807723E+000 0.42767632E+000 0.57232368E+000 0.47931794E+000
0.52068206E+000 0.61664572E+000 0.38335428E+000
0.41260345E-001 0.41251494E-001 0.42183056E-001 0.40566688E-001 0.39514433E-001 0.43778065E-001 0.43571938E-001 0.42574905E-001 0.44862886E-001 0.43243952E-001
0.49316251E-001 0.66746823E-001 0.80513222E-001 0.12022375E+000 0.10352224E+000 0.13860144E-001 0.13860144E-001 0.16337572E-001 0.16337572E-001 0.12307968E-001
0.12307968E-001 0.12171035E-001 0.12171035E-001
0.15000000E+002 -.38681882E+005 0.77393764E+005 0.77488175E+005 0.77440512E+005 0.35176458E+005 0.32752000E+005 0.00000000E+000 0.13810894E+005 0.32752000E+005
0.10000000E+001
2
0.10470600E+001 0.10615328E+001 0.10917620E+001 0.10960985E+001 0.11478577E+001 -.10581893E+001 -.99855321E+000 -.10188618E+001 -.10256059E+001 -.10265115E+001
-.26787193E-003 -.23363370E+000 -.48736209E+000 0.17071016E+001 0.69386161E+000 0.81358391E+000 0.18641609E+000 0.44185582E+000 0.55814418E+000 0.49993303E+000
0.50006697E+000 0.62769497E+000 0.37230503E+000
0.39709966E-001 0.41954861E-001 0.41052440E-001 0.42090000E-001 0.42212814E-001 0.45673071E-001 0.43039881E-001 0.44972168E-001 0.45229308E-001 0.45977309E-001
0.50654812E-001 0.69308474E-001 0.81739992E-001 0.12036311E+000 0.10413362E+000 0.14312847E-001 0.14312847E-001 0.17092804E-001 0.17092804E-001 0.12663703E-001
0.12663703E-001 0.12731160E-001 0.12731160E-001
0.15000000E+002 -.38808439E+005 0.77646878E+005 0.77741288E+005 0.77693625E+005 0.34676741E+005 0.32752000E+005 0.78825835E-013 0.13921662E+005 0.32752000E+005
0.10000000E+001
3
0.10882387E+001 0.11255204E+001 0.10899309E+001 0.10839217E+001 0.10306556E+001 -.10027417E+001 -.10143873E+001 -.10146910E+001 -.10338046E+001 -.10641678E+001
-.26771336E-001 -.33569165E+000 -.51296592E+000 0.18569053E+001 0.80551963E+000 0.82071712E+000 0.17928288E+000 0.41685640E+000 0.58314360E+000 0.49330757E+000
0.50669243E+000 0.61608395E+000 0.38391605E+000
0.41090470E-001 0.42081956E-001 0.42273904E-001 0.43368033E-001 0.42638484E-001 0.46978386E-001 0.46543211E-001 0.46069313E-001 0.44306352E-001 0.45045217E-001
0.53301284E-001 0.69031967E-001 0.82109456E-001 0.12463987E+000 0.10405634E+000 0.14428068E-001 0.14428068E-001 0.16780784E-001 0.16780784E-001 0.13322934E-001
0.13322934E-001 0.12861666E-001 0.12861666E-001
0.15000000E+002 -.38788054E+005 0.77606108E+005 0.77700519E+005 0.77652856E+005 0.33585951E+005 0.32752000E+005 0.61085581E-003 0.13840946E+005 0.32752000E+005
0.10000000E+001
4
0.11251967E+001 0.11078393E+001 0.10855546E+001 0.10760616E+001 0.10248877E+001 -.11107086E+001 -.10608965E+001 -.10875260E+001 -.10450923E+001 -.97325342E+000
0.12528632E-001 -.28214829E+000 -.42071934E+000 0.17286469E+001 0.64707090E+000 0.80945899E+000 0.19054101E+000 0.42992717E+000 0.57007283E+000 0.50313212E+000
0.49686788E+000 0.62088182E+000 0.37911818E+000
0.41581071E-001 0.40424785E-001 0.40667974E-001 0.40710133E-001 0.39531467E-001 0.46039579E-001 0.45480100E-001 0.45882420E-001 0.44354410E-001 0.42906634E-001
0.50391254E-001 0.70152151E-001 0.80563181E-001 0.11803444E+000 0.10171898E+000 0.13769825E-001 0.13769825E-001 0.17193577E-001 0.17193577E-001 0.12597319E-001
0.12597319E-001 0.12415995E-001 0.12415995E-001
0.15000000E+002 -.38741324E+005 0.77512647E+005 0.77607058E+005 0.77559395E+005 0.34036871E+005 0.32752000E+005 0.35489828E-006 0.13823183E+005 0.32752000E+005
0.10000000E+001
5
0.10474938E+001 0.10271286E+001 0.10648548E+001 0.11181394E+001 0.10628960E+001 -.10337490E+001 -.10520846E+001 -.99709919E+000 -.11185374E+001 -.10479899E+001
0.30371473E-001 -.36472492E+000 -.44458486E+000 0.19214189E+001 0.66948866E+000 0.82587844E+000 0.17412156E+000 0.40981628E+000 0.59018372E+000 0.50759228E+000
0.49240772E+000 0.62100622E+000 0.37899378E+000
0.41127283E-001 0.42124690E-001 0.40444753E-001 0.42862600E-001 0.42691136E-001 0.46788713E-001 0.45563071E-001 0.46465527E-001 0.49914475E-001 0.45436944E-001
0.52082627E-001 0.73572273E-001 0.84900990E-001 0.12391172E+000 0.10517229E+000 0.13932758E-001 0.13932758E-001 0.17794697E-001 0.17794697E-001 0.13017654E-001
0.13017654E-001 0.13476363E-001 0.13476363E-001
0.15000000E+002 -.38789155E+005 0.77608310E+005 0.77702721E+005 0.77655058E+005 0.34087308E+005 0.32752000E+005 0.12979057E-006 0.13912693E+005 0.32752000E+005
0.10000000E+001
6
0.10529107E+001 0.10838158E+001 0.10828530E+001 0.10827311E+001 0.11070673E+001 -.10687238E+001 -.10561551E+001 -.10164438E+001 -.10754666E+001 -.99378127E+000
-.26354691E-001 -.35831375E+000 -.60641589E+000 0.18464883E+001 0.91774911E+000 0.81580412E+000 0.18419588E+000 0.41136782E+000 0.58863218E+000 0.49341171E+000
0.50658829E+000 0.61092142E+000 0.38907858E+000
0.40598317E-001 0.41026544E-001 0.40433947E-001 0.40505491E-001 0.40160173E-001 0.42769952E-001 0.43472484E-001 0.42855697E-001 0.44760039E-001 0.44465287E-001
0.49392971E-001 0.70574366E-001 0.79593903E-001 0.12191272E+000 0.10391478E+000 0.13823899E-001 0.13823899E-001 0.17089183E-001 0.17089183E-001 0.12346099E-001
0.12346099E-001 0.12278657E-001 0.12278657E-001
0.15000000E+002 -.38772527E+005 0.77575053E+005 0.77669464E+005 0.77621801E+005 0.33591969E+005 0.32752000E+005 0.56321180E-003 0.13798107E+005 0.32752000E+005
0.10000000E+001
7
-.10149414E+001 -.98561462E+000 -.10162589E+001 -.93788176E+000 -.10044933E+001 0.10897956E+001 0.10371417E+001 0.11020816E+001 0.11475924E+001 0.11027772E+001
0.12399813E+000 -.17823128E+001 -.24579813E+000 0.21330716E+001 0.89594043E+000 0.58680157E+000 0.41319843E+000 0.14401779E+000 0.85598221E+000 0.53095987E+000
0.46904013E+000 0.37911821E+000 0.62088179E+000
0.43190753E-001 0.42002218E-001 0.44011136E-001 0.41326208E-001 0.42404325E-001 0.40927151E-001 0.41659941E-001 0.41075880E-001 0.42366596E-001 0.42246773E-001
0.50407575E-001 0.11312034E+000 0.62782393E-001 0.13623726E+000 0.10572836E+000 0.15666403E-001 0.15666403E-001 0.13945098E-001 0.13945098E-001 0.12553577E-001
0.12553577E-001 0.12032993E-001 0.12032993E-001
0.15000000E+002 -.38834863E+005 0.77699726E+005 0.77794136E+005 0.77746473E+005 0.34384053E+005 0.32752000E+005 0.17323365E-009 0.13945600E+005 0.32752000E+005
0.10000000E+001
8
0.10622212E+001 0.10266904E+001 0.10334500E+001 0.10628729E+001 0.10712048E+001 -.10239645E+001 -.10565300E+001 -.10645370E+001 -.10330921E+001 -.10110546E+001
-.29604697E-001 -.34914604E+000 -.47139717E+000 0.19540591E+001 0.77765136E+000 0.83270394E+000 0.16729606E+000 0.41358952E+000 0.58641048E+000 0.49259937E+000
0.50740063E+000 0.62004502E+000 0.37995498E+000
0.40448893E-001 0.40069441E-001 0.39611371E-001 0.40737851E-001 0.39361062E-001 0.44230286E-001 0.43180918E-001 0.44307146E-001 0.44211585E-001 0.44667143E-001
0.49017766E-001 0.68292023E-001 0.81065692E-001 0.12555674E+000 0.10432830E+000 0.13781663E-001 0.13781663E-001 0.16563085E-001 0.16563085E-001 0.12251757E-001
0.12251757E-001 0.12142904E-001 0.12142904E-001
0.15000000E+002 -.38907243E+005 0.77844485E+005 0.77938896E+005 0.77891233E+005 0.33693030E+005 0.32752000E+005 0.13382007E-003 0.13962595E+005 0.32752000E+005
0.10000000E+001
9
0.10827332E+001 0.10281463E+001 0.10228786E+001 0.10822077E+001 0.10664647E+001 -.10214909E+001 -.99180623E+000 -.99766166E+000 -.10491028E+001 -.98160779E+000
-.29959236E-001 -.20373417E+000 -.49609411E+000 0.17659472E+001 0.76484623E+000 0.82667068E+000 0.17332932E+000 0.44924191E+000 0.55075809E+000 0.49251075E+000
0.50748925E+000 0.63512963E+000 0.36487037E+000
0.41355465E-001 0.40356163E-001 0.39899127E-001 0.40997613E-001 0.39273072E-001 0.45169173E-001 0.43846433E-001 0.44149751E-001 0.46081031E-001 0.44144598E-001
0.51459829E-001 0.69157508E-001 0.84878445E-001 0.12655375E+000 0.10696809E+000 0.14372297E-001 0.14372297E-001 0.17111201E-001 0.17111201E-001 0.12862071E-001
0.12862071E-001 0.12667486E-001 0.12667486E-001
0.15000000E+002 -.38983310E+005 0.77996619E+005 0.78091030E+005 0.78043367E+005 0.34305381E+005 0.32752000E+005 0.11253942E-008 0.14101689E+005 0.32752000E+005
0.10000000E+001
10
0.10170146E+001 0.10439033E+001 0.10384029E+001 0.10033372E+001 0.99045000E+000 -.10888023E+001 -.11203053E+001 -.11150626E+001 -.10205046E+001 -.10796963E+001
0.90745865E-001 -.30629523E+000 -.48710202E+000 0.21178869E+001 0.78956007E+000 0.85955414E+000 0.14044586E+000 0.42401929E+000 0.57598071E+000 0.52267091E+000
0.47732909E+000 0.65166069E+000 0.34833931E+000
0.38324527E-001 0.40079906E-001 0.38121988E-001 0.37450055E-001 0.38845098E-001 0.47539710E-001 0.47508464E-001 0.48586692E-001 0.46226294E-001 0.46120827E-001
0.51457924E-001 0.70543759E-001 0.87626299E-001 0.13446183E+000 0.10651683E+000 0.13040007E-001 0.13040007E-001 0.17228686E-001 0.17228686E-001 0.12838033E-001
0.12838033E-001 0.12400220E-001 0.12400220E-001
0.15000000E+002 -.38822585E+005 0.77675171E+005 0.77769581E+005 0.77721918E+005 0.34382375E+005 0.32752000E+005 0.18044799E-009 0.13899766E+005 0.32752000E+005
0.10000000E+001
11
-.10660704E+001 -.10626582E+001 -.10852033E+001 -.10235951E+001 -.10390628E+001 0.10523671E+001 0.11009538E+001 0.10817989E+001 0.10048950E+001 0.10802415E+001
-.16914389E-001 -.13726183E+001 -.29039335E+000 0.16732372E+001 0.81289282E+000 0.57459380E+000 0.42540620E+000 0.20219714E+000 0.79780286E+000 0.49577150E+000
0.50422850E+000 0.38682079E+000 0.61317921E+000
0.45017619E-001 0.45174949E-001 0.47439547E-001 0.44575033E-001 0.45670677E-001 0.41781248E-001 0.42484700E-001 0.40907502E-001 0.40105747E-001 0.41593848E-001
0.51154458E-001 0.90428150E-001 0.62644060E-001 0.11750866E+000 0.10356804E+000 0.17031374E-001 0.17031374E-001 0.14587278E-001 0.14587278E-001 0.12787700E-001
0.12787700E-001 0.12807445E-001 0.12807445E-001
0.15000000E+002 -.38819458E+005 0.77668915E+005 0.77763326E+005 0.77715663E+005 0.34812612E+005 0.32752000E+005 0.15543122E-014 0.13969151E+005 0.32752000E+005
0.10000000E+001
12
0.10210602E+001 0.10525692E+001 0.10670141E+001 0.10524120E+001 0.10654271E+001 -.10499806E+001 -.10639761E+001 -.11057194E+001 -.11242440E+001 -.11187175E+001
0.43272001E-001 -.25931751E+000 -.46288370E+000 0.17729886E+001 0.82912027E+000 0.81960463E+000 0.18039537E+000 0.43553149E+000 0.56446851E+000 0.51081631E+000
0.48918369E+000 0.63172231E+000 0.36827769E+000
0.38625338E-001 0.40172644E-001 0.40248021E-001 0.40745058E-001 0.40892785E-001 0.46153847E-001 0.46374835E-001 0.48637962E-001 0.48411077E-001 0.48268003E-001
0.52228049E-001 0.69051692E-001 0.82194475E-001 0.12129865E+000 0.10370089E+000 0.13901136E-001 0.13901136E-001 0.16975931E-001 0.16975931E-001 0.13050902E-001
0.13050902E-001 0.12502160E-001 0.12502160E-001
0.15000000E+002 -.38703705E+005 0.77437409E+005 0.77531820E+005 0.77484156E+005 0.34797921E+005 0.32752000E+005 0.23314684E-014 0.13906556E+005 0.32752000E+005
0.10000000E+001
13
0.10696496E+001 0.10464755E+001 0.10922656E+001 0.10188836E+001 0.10531102E+001 -.10860684E+001 -.97506873E+000 -.10259268E+001 -.10718749E+001 -.10903364E+001
-.18909755E-001 -.25402984E+000 -.53672490E+000 0.17925013E+001 0.89124286E+000 0.82324241E+000 0.17675759E+000 0.43683187E+000 0.56316813E+000 0.49527270E+000
0.50472730E+000 0.62821046E+000 0.37178954E+000
0.40961134E-001 0.39623032E-001 0.40249893E-001 0.39935303E-001 0.41302938E-001 0.46424215E-001 0.44603365E-001 0.45766642E-001 0.46104812E-001 0.45435975E-001
0.51442077E-001 0.70095950E-001 0.81036366E-001 0.12320423E+000 0.10471596E+000 0.13953970E-001 0.13953970E-001 0.17244290E-001 0.17244290E-001 0.12859370E-001
0.12859370E-001 0.12685172E-001 0.12685172E-001
0.15000000E+002 -.38836549E+005 0.77703097E+005 0.77797508E+005 0.77749845E+005 0.34301083E+005 0.32752000E+005 0.12435453E-008 0.13896081E+005 0.32752000E+005
0.10000000E+001
14
-.10544985E+001 -.10361798E+001 -.10308508E+001 -.10443400E+001 -.10447529E+001 0.11140349E+001 0.10330923E+001 0.10842226E+001 0.10886439E+001 0.11455492E+001
0.91513896E-002 -.16524775E+001 -.23635018E+000 0.19381160E+001 0.79099405E+000 0.57092803E+000 0.42907197E+000 0.16077439E+000 0.83922561E+000 0.50228783E+000
0.49771217E+000 0.36678957E+000 0.63321043E+000
0.44995132E-001 0.44597857E-001 0.46556537E-001 0.43341908E-001 0.45956897E-001 0.41645699E-001 0.40114692E-001 0.39032878E-001 0.41869034E-001 0.41693055E-001
0.50686182E-001 0.10110185E+000 0.58211444E-001 0.12706183E+000 0.10339684E+000 0.17048217E-001 0.17048217E-001 0.13641266E-001 0.13641266E-001 0.12671280E-001
0.12671280E-001 0.12603692E-001 0.12603692E-001
0.15000000E+002 -.38682268E+005 0.77394536E+005 0.77488946E+005 0.77441283E+005 0.34336106E+005 0.32752000E+005 0.54733651E-009 0.13712709E+005 0.32752000E+005
0.10000000E+001
15
-.98888820E+000 -.10483014E+001 -.98414196E+000 -.10152084E+001 -.10271410E+001 0.10911879E+001 0.11265903E+001 0.10934080E+001 0.11371918E+001 0.10919972E+001
0.53159869E-001 -.12813647E+001 -.27924963E+000 0.15989850E+001 0.87733798E+000 0.57874419E+000 0.42125581E+000 0.21731801E+000 0.78268199E+000 0.51328684E+000
0.48671316E+000 0.40283331E+000 0.59716669E+000
0.44648715E-001 0.46377444E-001 0.45549061E-001 0.44619058E-001 0.43694312E-001 0.42488300E-001 0.43138463E-001 0.41702652E-001 0.44509360E-001 0.44020958E-001
0.51269847E-001 0.87250256E-001 0.62638868E-001 0.11520911E+000 0.10383559E+000 0.17103727E-001 0.17103727E-001 0.14840474E-001 0.14840474E-001 0.12808410E-001
0.12808410E-001 0.12945399E-001 0.12945399E-001
0.15000000E+002 -.38795177E+005 0.77620354E+005 0.77714764E+005 0.77667101E+005 0.35099550E+005 0.32752000E+005 0.00000000E+000 0.14027768E+005 0.32752000E+005
0.10000000E+001
16
-.10048373E+001 -.94590537E+000 -.98653741E+000 -.10157073E+001 -.99916299E+000 0.11309766E+001 0.10809209E+001 0.11367312E+001 0.11556852E+001 0.11046348E+001
-.98072013E-002 -.15895528E+001 -.16737882E+000 0.19430763E+001 0.75276699E+000 0.58747175E+000 0.41252825E+000 0.16944682E+000 0.83055318E+000 0.49754822E+000
0.50245178E+000 0.37743438E+000 0.62256562E+000
0.46829462E-001 0.42878541E-001 0.44339515E-001 0.44879095E-001 0.42675429E-001 0.40764697E-001 0.41559867E-001 0.41700209E-001 0.41774321E-001 0.43751537E-001
0.52747881E-001 0.96863373E-001 0.57982189E-001 0.12592322E+000 0.10552811E+000 0.17094916E-001 0.17094916E-001 0.13632028E-001 0.13632028E-001 0.13186653E-001
0.13186653E-001 0.12532362E-001 0.12532362E-001
0.15000000E+002 -.38732108E+005 0.77494215E+005 0.77588626E+005 0.77540963E+005 0.34491899E+005 0.32752000E+005 0.11629253E-010 0.13877183E+005 0.32752000E+005
0.10000000E+001
17
-.10547852E+001 -.10756600E+001 -.10442154E+001 -.10245523E+001 -.98874089E+000 0.10685078E+001 0.10633554E+001 0.10637411E+001 0.10760451E+001 0.10060183E+001
-.71002026E-001 -.16766747E+001 -.34511933E+000 0.21073844E+001 0.89512428E+000 0.60604313E+000 0.39395687E+000 0.15753630E+000 0.84246370E+000 0.48225695E+000
0.51774305E+000 0.37383183E+000 0.62616817E+000
0.45618525E-001 0.45726424E-001 0.46550726E-001 0.47062300E-001 0.43571381E-001 0.40112869E-001 0.41035180E-001 0.40272119E-001 0.39524843E-001 0.40070435E-001
0.51080829E-001 0.10151810E+000 0.59724528E-001 0.13034804E+000 0.10511024E+000 0.17460372E-001 0.17460372E-001 0.13473341E-001 0.13473341E-001 0.12754126E-001
0.12754126E-001 0.12753857E-001 0.12753857E-001
0.15000000E+002 -.38832334E+005 0.77694668E+005 0.77789079E+005 0.77741416E+005 0.34313163E+005 0.32752000E+005 0.93873875E-009 0.13916829E+005 0.32752000E+005
0.10000000E+001
18
0.11363132E+001 0.10702858E+001 0.10604739E+001 0.10617504E+001 0.10919078E+001 -.10932047E+001 -.10168681E+001 -.99282027E+000 -.10006950E+001 -.10071152E+001
-.70711588E-002 -.36778834E+000 -.45921367E+000 0.19518831E+001 0.74002648E+000 0.82978366E+000 0.17021634E+000 0.40907554E+000 0.59092446E+000 0.49823222E+000
0.50176778E+000 0.61868588E+000 0.38131412E+000
0.43561992E-001 0.40198133E-001 0.40519007E-001 0.40772267E-001 0.40639594E-001 0.46166189E-001 0.45383577E-001 0.44563000E-001 0.43802619E-001 0.45103825E-001
0.51455096E-001 0.69022996E-001 0.79941612E-001 0.12390613E+000 0.10326814E+000 0.13468372E-001 0.13468372E-001 0.16685118E-001 0.16685118E-001 0.12863613E-001
0.12863613E-001 0.12155838E-001 0.12155838E-001
0.15000000E+002 -.38799765E+005 0.77629529E+005 0.77723940E+005 0.77676277E+005 0.33973573E+005 0.32752000E+005 0.11940859E-005 0.13868186E+005 0.32752000E+005
0.10000000E+001
19
0.11182548E+001 0.10792566E+001 0.10835156E+001 0.10327354E+001 0.10200356E+001 -.10269556E+001 -.10021680E+001 -.10663935E+001 -.10283119E+001 -.10376686E+001
0.38749071E-001 -.40193260E+000 -.44422126E+000 0.19787544E+001 0.70435396E+000 0.82875394E+000 0.17124606E+000 0.40084810E+000 0.59915190E+000 0.50968606E+000
0.49031394E+000 0.61894574E+000 0.38105426E+000
0.42933327E-001 0.41003157E-001 0.41291584E-001 0.41036149E-001 0.42230826E-001 0.47377887E-001 0.46052265E-001 0.49171890E-001 0.45414695E-001 0.44472332E-001
0.55334512E-001 0.70095924E-001 0.82529279E-001 0.12620630E+000 0.10313261E+000 0.13817157E-001 0.13817157E-001 0.16834861E-001 0.16834861E-001 0.13828436E-001
0.13828436E-001 0.12715443E-001 0.12715443E-001
0.15000000E+002 -.38835568E+005 0.77701136E+005 0.77795547E+005 0.77747883E+005 0.34657514E+005 0.32752000E+005 0.13544721E-012 0.13887756E+005 0.32752000E+005
0.10000000E+001
20
0.11283609E+001 0.12005753E+001 0.10848664E+001 0.11406935E+001 0.10621657E+001 -.95124910E+000 -.95270373E+000 -.94488018E+000 -.10127701E+001 -.96397270E+000
-.49824906E-001 -.23007046E+000 -.62617277E+000 0.16414752E+001 0.82070541E+000 0.80398741E+000 0.19601259E+000 0.44273476E+000 0.55726524E+000 0.48754635E+000
0.51245365E+000 0.61886217E+000 0.38113783E+000
0.42560294E-001 0.43996715E-001 0.41961622E-001 0.44090051E-001 0.42662674E-001 0.43955816E-001 0.45040464E-001 0.43888067E-001 0.44884804E-001 0.42701501E-001
0.51706634E-001 0.68534693E-001 0.85506089E-001 0.11858028E+000 0.10637585E+000 0.14627563E-001 0.14627563E-001 0.16908927E-001 0.16908927E-001 0.12918639E-001
0.12918639E-001 0.12803936E-001 0.12803936E-001
0.15000000E+002 -.38854188E+005 0.77738376E+005 0.77832786E+005 0.77785123E+005 0.34170418E+005 0.32752000E+005 0.22937243E-007 0.13893410E+005 0.32752000E+005
0.10000000E+001
21
0.10633320E+001 0.10578860E+001 0.10295821E+001 0.10678609E+001 0.10670321E+001 -.10512913E+001 -.10246026E+001 -.10679274E+001 -.10203742E+001 -.10327218E+001
0.20745858E-001 -.21876879E+000 -.46928833E+000 0.19196735E+001 0.69560387E+000 0.84565286E+000 0.15434714E+000 0.44552489E+000 0.55447511E+000 0.50518628E+000
0.49481372E+000 0.64766405E+000 0.35233595E+000
0.41218152E-001 0.40798811E-001 0.40592662E-001 0.39582186E-001 0.40938051E-001 0.45928180E-001 0.45702114E-001 0.47035378E-001 0.47176786E-001 0.45461960E-001
0.50909698E-001 0.67697944E-001 0.85590736E-001 0.13060771E+000 0.10590020E+000 0.13845492E-001 0.13845492E-001 0.16723590E-001 0.16723590E-001 0.12726055E-001
0.12726055E-001 0.12368644E-001 0.12368644E-001
0.15000000E+002 -.38834961E+005 0.77699922E+005 0.77794333E+005 0.77746669E+005 0.34442837E+005 0.32752000E+005 0.40520143E-010 0.13937170E+005 0.32752000E+005
0.10000000E+001
22
0.11219239E+001 0.10723622E+001 0.10399931E+001 0.10853188E+001 0.10700778E+001 -.10663645E+001 -.10266508E+001 -.10443194E+001 -.10584711E+001 -.10156718E+001
-.23871488E-001 -.29427679E+000 -.52110815E+000 0.18924934E+001 0.81116150E+000 0.83176898E+000 0.16823102E+000 0.42695716E+000 0.57304284E+000 0.49403241E+000
0.50596759E+000 0.62694732E+000 0.37305268E+000
0.40618967E-001 0.40537134E-001 0.40192658E-001 0.41914839E-001 0.40834503E-001 0.46765218E-001 0.45489850E-001 0.44295221E-001 0.44541013E-001 0.44636847E-001
0.50333753E-001 0.68803185E-001 0.80909012E-001 0.12591772E+000 0.10403327E+000 0.13943858E-001 0.13943858E-001 0.16833714E-001 0.16833714E-001 0.12581646E-001
0.12581646E-001 0.12473841E-001 0.12473841E-001
0.15000000E+002 -.38757807E+005 0.77545613E+005 0.77640024E+005 0.77592360E+005 0.34478948E+005 0.32752000E+005 0.16218804E-010 0.13880351E+005 0.32752000E+005
0.10000000E+001
23
-.91412994E+000 -.94059190E+000 -.96435288E+000 -.10273516E+001 -.99315994E+000 0.11176688E+001 0.11258393E+001 0.10594251E+001 0.11583986E+001 0.11531466E+001
0.63766278E-001 -.15394066E+001 -.22125395E+000 0.18758862E+001 0.78337231E+000 0.58333514E+000 0.41666486E+000 0.17662156E+000 0.82337844E+000 0.51593617E+000
0.48406383E+000 0.38645981E+000 0.61354019E+000
0.43950932E-001 0.46501205E-001 0.44447147E-001 0.44833281E-001 0.45742033E-001 0.43650787E-001 0.42066863E-001 0.42175675E-001 0.46410114E-001 0.44963217E-001
0.55878562E-001 0.10119940E+000 0.61180728E-001 0.12669611E+000 0.10489306E+000 0.16476364E-001 0.16476364E-001 0.14717063E-001 0.14717063E-001 0.13955450E-001
0.13955450E-001 0.13074525E-001 0.13074525E-001
0.15000000E+002 -.38817293E+005 0.77664585E+005 0.77758996E+005 0.77711333E+005 0.34292741E+005 0.32752000E+005 0.15082944E-008 0.13937534E+005 0.32752000E+005
0.10000000E+001
24
0.10058209E+001 0.10395763E+001 0.10654810E+001 0.99384714E+000 0.98990024E+000 -.10427303E+001 -.99751988E+000 -.10214766E+001 -.10055116E+001 -.10913732E+001
-.10346437E-001 -.28106863E+000 -.47424284E+000 0.19146612E+001 0.79878059E+000 0.83666119E+000 0.16333881E+000 0.43019181E+000 0.56980819E+000 0.49741341E+000
0.50258659E+000 0.63237513E+000 0.36762487E+000
0.40944681E-001 0.42206334E-001 0.43564886E-001 0.40085661E-001 0.41581853E-001 0.48436801E-001 0.47385817E-001 0.46753219E-001 0.46675750E-001 0.47426894E-001
0.54711537E-001 0.70879796E-001 0.85847913E-001 0.13041979E+000 0.10735576E+000 0.14232588E-001 0.14232588E-001 0.17374539E-001 0.17374539E-001 0.13677518E-001
0.13677518E-001 0.13261756E-001 0.13261756E-001
0.15000000E+002 -.39024733E+005 0.78079467E+005 0.78173878E+005 0.78126214E+005 0.34919547E+005 0.32752000E+005 0.11102230E-015 0.14128557E+005 0.32752000E+005
0.10000000E+001
25
0.11427172E+001 0.10951514E+001 0.11363181E+001 0.11289593E+001 0.10527717E+001 -.10237173E+001 -.99247189E+000 -.96177716E+000 -.10538053E+001 -.10006755E+001
-.70299306E-001 -.21245343E+000 -.52816893E+000 0.15438095E+001 0.75094609E+000 0.79106485E+000 0.20893515E+000 0.44708552E+000 0.55291448E+000 0.48243241E+000
0.51756759E+000 0.61303230E+000 0.38696770E+000
0.43839023E-001 0.42336995E-001 0.44212615E-001 0.42398299E-001 0.41825114E-001 0.44829315E-001 0.43975053E-001 0.44025074E-001 0.47162471E-001 0.42892258E-001
0.51697559E-001 0.68174522E-001 0.79635118E-001 0.11661159E+000 0.10372513E+000 0.14963074E-001 0.14963074E-001 0.16852746E-001 0.16852746E-001 0.12908435E-001
0.12908435E-001 0.12813015E-001 0.12813015E-001
0.15000000E+002 -.38808728E+005 0.77647456E+005 0.77741867E+005 0.77694204E+005 0.34915600E+005 0.32752000E+005 0.11102230E-015 0.13878365E+005 0.32752000E+005
0.10000000E+001
26
-.10997074E+001 -.10206841E+001 -.10731614E+001 -.10290004E+001 -.11560528E+001 0.11025235E+001 0.10422334E+001 0.10532492E+001 0.99746984E+000 0.10642960E+001
-.11044312E-001 -.16269341E+001 -.31441745E+000 0.18830359E+001 0.87322716E+000 0.56367779E+000 0.43632221E+000 0.16425080E+000 0.83574920E+000 0.49723895E+000
0.50276105E+000 0.36286145E+000 0.63713855E+000
0.47475716E-001 0.43579740E-001 0.45674834E-001 0.43352977E-001 0.49510120E-001 0.40881459E-001 0.40048664E-001 0.40253146E-001 0.39379345E-001 0.39854380E-001
0.49477947E-001 0.99589286E-001 0.60675749E-001 0.12434596E+000 0.10503685E+000 0.16488601E-001 0.16488601E-001 0.13670867E-001 0.13670867E-001 0.12369109E-001
0.12369109E-001 0.12138074E-001 0.12138074E-001
0.15000000E+002 -.38742008E+005 0.77514015E+005 0.77608426E+005 0.77560763E+005 0.34110072E+005 0.32752000E+005 0.81496919E-007 0.13788124E+005 0.32752000E+005
0.10000000E+001
27
-.10620921E+001 -.10351035E+001 -.10093071E+001 -.10118316E+001 -.98714134E+000 0.10262270E+001 0.11081624E+001 0.10181678E+001 0.10904332E+001 0.10878313E+001
0.60322803E-001 -.15068443E+001 -.37658683E+000 0.18898621E+001 0.83697516E+000 0.59460075E+000 0.40539925E+000 0.18140694E+000 0.81859306E+000 0.51507613E+000
0.48492387E+000 0.39423320E+000 0.60576680E+000
0.44301260E-001 0.46497266E-001 0.42686429E-001 0.44790686E-001 0.45047406E-001 0.40843514E-001 0.41586003E-001 0.42089740E-001 0.41225364E-001 0.41050093E-001
0.50725599E-001 0.10104113E+000 0.61510564E-001 0.12605085E+000 0.10484919E+000 0.16886163E-001 0.16886163E-001 0.15004453E-001 0.15004453E-001 0.12669870E-001
0.12669870E-001 0.13206188E-001 0.13206188E-001
0.15000000E+002 -.38904587E+005 0.77839175E+005 0.77933585E+005 0.77885922E+005 0.33584398E+005 0.32752000E+005 0.62374147E-003 0.13935984E+005 0.32752000E+005
0.10000000E+001
28
0.10794105E+001 0.11095656E+001 0.10310173E+001 0.10782344E+001 0.10582891E+001 -.97567432E+000 -.10889190E+001 -.96837070E+000 -.10398200E+001 -.97508798E+000
-.31374350E-001 -.30401168E+000 -.60671896E+000 0.18299213E+001 0.86470133E+000 0.82140706E+000 0.17859294E+000 0.42457709E+000 0.57542291E+000 0.49215706E+000
0.50784294E+000 0.61987976E+000 0.38012024E+000
0.41758904E-001 0.44114894E-001 0.40361415E-001 0.42110150E-001 0.40310578E-001 0.44202417E-001 0.46462511E-001 0.43628244E-001 0.45644151E-001 0.45197309E-001
0.51439020E-001 0.71840283E-001 0.83973107E-001 0.12382520E+000 0.10657931E+000 0.14132572E-001 0.14132572E-001 0.17551399E-001 0.17551399E-001 0.12856591E-001
0.12856591E-001 0.13063726E-001 0.13063726E-001
0.15000000E+002 -.38902227E+005 0.77834454E+005 0.77928865E+005 0.77881202E+005 0.33725988E+005 0.32752000E+005 0.81269383E-004 0.13968889E+005 0.32752000E+005
0.10000000E+001
29
-.10686829E+001 -.10060460E+001 -.10448307E+001 -.10715112E+001 -.10655122E+001 0.10708037E+001 0.10384591E+001 0.97778113E+000 0.99989627E+000 0.10301453E+001
-.46397497E-001 -.16622128E+001 -.34522843E+000 0.20499264E+001 0.89890433E+000 0.59573217E+000 0.40426783E+000 0.15946517E+000 0.84053483E+000 0.48840271E+000
0.51159729E+000 0.37253916E+000 0.62746084E+000
0.48329995E-001 0.45419385E-001 0.48434480E-001 0.45311382E-001 0.46023543E-001 0.41181311E-001 0.41004074E-001 0.38569578E-001 0.40689380E-001 0.41952541E-001
0.51741857E-001 0.10305252E+000 0.63615137E-001 0.12960465E+000 0.10694798E+000 0.17618603E-001 0.17618603E-001 0.13812751E-001 0.13812751E-001 0.12928505E-001
0.12928505E-001 0.13244681E-001 0.13244681E-001
0.15000000E+002 -.38923758E+005 0.77877517E+005 0.77971928E+005 0.77924264E+005 0.34719351E+005 0.32752000E+005 0.23425706E-013 0.14054216E+005 0.32752000E+005
0.10000000E+001
30
0.10605681E+001 0.11273116E+001 0.10551854E+001 0.11851815E+001 0.10757556E+001 -.10438406E+001 -.98818637E+000 -.96411351E+000 -.10240728E+001 -.94988823E+000
-.41211269E-001 -.34340097E+000 -.52081918E+000 0.18954072E+001 0.70794991E+000 0.82520330E+000 0.17479670E+000 0.41498358E+000 0.58501642E+000 0.48969864E+000
0.51030136E+000 0.61586762E+000 0.38413238E+000
0.43278624E-001 0.43988945E-001 0.40116736E-001 0.44508340E-001 0.41811336E-001 0.44125938E-001 0.44150304E-001 0.45675430E-001 0.46703221E-001 0.44444911E-001
0.53168510E-001 0.69128859E-001 0.85063330E-001 0.12478748E+000 0.10390722E+000 0.14063659E-001 0.14063659E-001 0.16782566E-001 0.16782566E-001 0.13286485E-001
0.13286485E-001 0.12709727E-001 0.12709727E-001
0.15000000E+002 -.38827861E+005 0.77685722E+005 0.77780133E+005 0.77732470E+005 0.34078625E+005 0.32752000E+005 0.15471238E-006 0.13865080E+005 0.32752000E+005
0.10000000E+001
31
0.10522878E+001 0.10461040E+001 0.10829845E+001 0.10532661E+001 0.10309696E+001 -.10687567E+001 -.10558515E+001 -.10779790E+001 -.10341944E+001 -.10711061E+001
-.31229510E-001 -.27784651E+000 -.54131291E+000 0.18235587E+001 0.83838919E+000 0.82429358E+000 0.17570642E+000 0.43098181E+000 0.56901819E+000 0.49219326E+000
0.50780674E+000 0.62456721E+000 0.37543279E+000
0.41331078E-001 0.41791872E-001 0.41037977E-001 0.40343935E-001 0.40368369E-001 0.45295128E-001 0.46250215E-001 0.46931132E-001 0.45878026E-001 0.45304138E-001
0.51188143E-001 0.70480338E-001 0.84257325E-001 0.12333179E+000 0.10487475E+000 0.13880299E-001 0.13880299E-001 0.17284351E-001 0.17284351E-001 0.12793916E-001
0.12793916E-001 0.12743563E-001 0.12743563E-001
0.15000000E+002 -.38806646E+005 0.77643292E+005 0.77737702E+005 0.77690039E+005 0.34229111E+005 0.32752000E+005 0.63736237E-008 0.13898332E+005 0.32752000E+005
0.10000000E+001
32
-.10113533E+001 -.10403330E+001 -.10094099E+001 -.10057925E+001 -.10031317E+001 0.10583071E+001 0.11429888E+001 0.10713911E+001 0.10614817E+001 0.10288182E+001
0.41144551E-001 -.16994288E+001 -.23043737E+000 0.21039021E+001 0.82224454E+000 0.59976196E+000 0.40023804E+000 0.15453989E+000 0.84546011E+000 0.51028469E+000
0.48971531E+000 0.38172989E+000 0.61827011E+000
0.46181877E-001 0.45595922E-001 0.45001189E-001 0.46714647E-001 0.46134339E-001 0.42940072E-001 0.45786167E-001 0.44482661E-001 0.41435235E-001 0.41251579E-001
0.53539941E-001 0.10769552E+000 0.61401112E-001 0.13358835E+000 0.10611009E+000 0.17139561E-001 0.17139561E-001 0.14071208E-001 0.14071208E-001 0.13379322E-001
0.13379322E-001 0.13368098E-001 0.13368098E-001
0.15000000E+002 -.38836625E+005 0.77703251E+005 0.77797661E+005 0.77749998E+005 0.34453390E+005 0.32752000E+005 0.31063263E-010 0.13953359E+005 0.32752000E+005
0.10000000E+001
33
0.11086681E+001 0.10949286E+001 0.10948846E+001 0.10744382E+001 0.11952034E+001 -.10179571E+001 -.97606451E+000 -.10521282E+001 -.10211353E+001 -.10552269E+001
-.81435584E-001 -.40051862E+000 -.49316953E+000 0.18811261E+001 0.75978717E+000 0.81466431E+000 0.18533569E+000 0.40118774E+000 0.59881226E+000 0.47965235E+000
0.52034765E+000 0.59951275E+000 0.40048725E+000
0.42260946E-001 0.40645552E-001 0.40804505E-001 0.40788517E-001 0.42445422E-001 0.42266295E-001 0.42808545E-001 0.43844228E-001 0.41493385E-001 0.45517662E-001
0.48660766E-001 0.68628051E-001 0.80626805E-001 0.11886044E+000 0.10151513E+000 0.13940644E-001 0.13940644E-001 0.16486938E-001 0.16486938E-001 0.12145045E-001
0.12145045E-001 0.12401465E-001 0.12401465E-001
0.15000000E+002 -.38713830E+005 0.77457661E+005 0.77552072E+005 0.77504408E+005 0.33991603E+005 0.32752000E+005 0.84988856E-006 0.13710564E+005 0.32752000E+005
0.10000000E+001
34
0.10332941E+001 0.11002979E+001 0.10994153E+001 0.10134685E+001 0.11438193E+001 -.97022404E+000 -.10001872E+001 -.10064787E+001 -.10431719E+001 -.10508966E+001
-.46512161E-001 -.39282627E+000 -.46513841E+000 0.20140213E+001 0.69793504E+000 0.83495988E+000 0.16504012E+000 0.40303712E+000 0.59696288E+000 0.48837406E+000
0.51162594E+000 0.61397699E+000 0.38602301E+000
0.40834216E-001 0.41406164E-001 0.40606954E-001 0.39645061E-001 0.43382017E-001 0.41900206E-001 0.43900386E-001 0.44859527E-001 0.45653134E-001 0.45564601E-001
0.50987434E-001 0.70072989E-001 0.81434519E-001 0.12791726E+000 0.10350554E+000 0.13691471E-001 0.13691471E-001 0.16859435E-001 0.16859435E-001 0.12739967E-001
0.12739967E-001 0.12430170E-001 0.12430170E-001
0.15000000E+002 -.38866006E+005 0.77762012E+005 0.77856423E+005 0.77808760E+005 0.34189588E+005 0.32752000E+005 0.15175099E-007 0.13941126E+005 0.32752000E+005
0.10000000E+001
35
0.11043434E+001 0.10350307E+001 0.10560580E+001 0.10664783E+001 0.10679458E+001 -.10695146E+001 -.92148968E+000 -.99223624E+000 -.10868247E+001 -.98905616E+000
-.10346221E+000 -.22559710E+000 -.48060580E+000 0.19975307E+001 0.62750439E+000 0.85469797E+000 0.14530203E+000 0.44383871E+000 0.55616129E+000 0.47415750E+000
0.52584250E+000 0.63865071E+000 0.36134929E+000
0.42636170E-001 0.41951391E-001 0.41639752E-001 0.43213884E-001 0.41920041E-001 0.48022587E-001 0.42178479E-001 0.44905583E-001 0.46206086E-001 0.44118510E-001
0.51968406E-001 0.67033603E-001 0.87442007E-001 0.13783754E+000 0.10716693E+000 0.14660741E-001 0.14660741E-001 0.16546971E-001 0.16546971E-001 0.12957395E-001
0.12957395E-001 0.13274075E-001 0.13274075E-001
0.15000000E+002 -.38892232E+005 0.77814463E+005 0.77908874E+005 0.77861211E+005 0.33835287E+005 0.32752000E+005 0.13982463E-004 0.13988792E+005 0.32752000E+005
0.10000000E+001
36
0.10361964E+001 0.10507336E+001 0.98290171E+000 0.10250642E+001 0.10247037E+001 -.10771954E+001 -.11355348E+001 -.10790384E+001 -.10671090E+001 -.10637276E+001
0.66950034E-001 -.29113900E+000 -.36900227E+000 0.18904685E+001 0.59845976E+000 0.83192465E+000 0.16807535E+000 0.42772504E+000 0.57227496E+000 0.51673126E+000
0.48326874E+000 0.63658762E+000 0.36341238E+000
0.39061460E-001 0.39995420E-001 0.38466434E-001 0.39249371E-001 0.37833681E-001 0.45510792E-001 0.47795071E-001 0.46497542E-001 0.46059133E-001 0.47181216E-001
0.50284931E-001 0.68543811E-001 0.85040869E-001 0.12291698E+000 0.10377361E+000 0.13383374E-001 0.13383374E-001 0.16777903E-001 0.16777903E-001 0.12557156E-001
0.12557156E-001 0.12054057E-001 0.12054057E-001
0.15000000E+002 -.38876519E+005 0.77783039E+005 0.77877450E+005 0.77829786E+005 0.34419574E+005 0.32752000E+005 0.72409301E-010 0.13916485E+005 0.32752000E+005
0.10000000E+001
37
0.10725690E+001 0.11206021E+001 0.10677170E+001 0.11253136E+001 0.10822655E+001 -.10231298E+001 -.10778824E+001 -.10558998E+001 -.96261910E+000 -.98256026E+000
-.39129804E-001 -.29137717E+000 -.52430356E+000 0.19400823E+001 0.79984368E+000 0.83871597E+000 0.16128403E+000 0.42766675E+000 0.57233325E+000 0.49021880E+000
0.50978120E+000 0.62917080E+000 0.37082920E+000
0.40089281E-001 0.40685092E-001 0.40898170E-001 0.41413896E-001 0.39409606E-001 0.43496114E-001 0.46538508E-001 0.44187698E-001 0.42061761E-001 0.43075388E-001
0.48387681E-001 0.68786597E-001 0.83817228E-001 0.12679352E+000 0.10510672E+000 0.13560519E-001 0.13560519E-001 0.16836751E-001 0.16836751E-001 0.12092291E-001
0.12092291E-001 0.12141751E-001 0.12141751E-001
0.15000000E+002 -.38757838E+005 0.77545675E+005 0.77640086E+005 0.77592423E+005 0.33568893E+005 0.32752000E+005 0.76690650E-003 0.13760630E+005 0.32752000E+005
0.10000000E+001
38
0.11053323E+001 0.10670035E+001 0.10819987E+001 0.10557977E+001 0.11122404E+001 -.95933868E+000 -.98436498E+000 -.10611995E+001 -.10116146E+001 -.97267448E+000
-.93274740E-001 -.34400552E+000 -.49362236E+000 0.18886384E+001 0.75267195E+000 0.82413720E+000 0.17586280E+000 0.41483682E+000 0.58516318E+000 0.47669821E+000
0.52330179E+000 0.60994958E+000 0.39005042E+000
0.42844661E-001 0.41097160E-001 0.42598684E-001 0.41823986E-001 0.42807342E-001 0.43146741E-001 0.44964233E-001 0.45620488E-001 0.43764551E-001 0.43424064E-001
0.52789037E-001 0.67469502E-001 0.80912443E-001 0.12610368E+000 0.10453696E+000 0.14327810E-001 0.14327810E-001 0.16378035E-001 0.16378035E-001 0.13168596E-001
0.13168596E-001 0.12409041E-001 0.12409041E-001
0.15000000E+002 -.38904565E+005 0.77839130E+005 0.77933541E+005 0.77885877E+005 0.33693305E+005 0.32752000E+005 0.13327393E-003 0.13991053E+005 0.32752000E+005
0.10000000E+001
39
-.94574388E+000 -.96628106E+000 -.10229783E+001 -.99745924E+000 -.10128845E+001 0.10483531E+001 0.11525289E+001 0.10922879E+001 0.11080367E+001 0.10904667E+001
0.22341371E-001 -.14678887E+001 -.18690895E+000 0.17982957E+001 0.77726905E+000 0.58185841E+000 0.41814159E+000 0.18726373E+000 0.81273627E+000 0.50558511E+000
0.49441489E+000 0.38676493E+000 0.61323507E+000
0.44044135E-001 0.44791183E-001 0.44179542E-001 0.46008459E-001 0.45481500E-001 0.41211747E-001 0.43896000E-001 0.43942272E-001 0.42429467E-001 0.42182855E-001
0.50653435E-001 0.93449479E-001 0.65876300E-001 0.12122899E+000 0.10551024E+000 0.17293664E-001 0.17293664E-001 0.14222640E-001 0.14222640E-001 0.12661779E-001
0.12661779E-001 0.12883722E-001 0.12883722E-001
0.15000000E+002 -.38876113E+005 0.77782226E+005 0.77876637E+005 0.77828974E+005 0.34354469E+005 0.32752000E+005 0.35359027E-009 0.14000039E+005 0.32752000E+005
0.10000000E+001
40
0.11136708E+001 0.10970185E+001 0.11047504E+001 0.11183198E+001 0.11089491E+001 -.10686085E+001 -.10242253E+001 -.10783600E+001 -.10267885E+001 -.10405467E+001
-.49728737E-001 -.18216978E+000 -.37485466E+000 0.17002785E+001 0.58289390E+000 0.82025982E+000 0.17974018E+000 0.45458308E+000 0.54541692E+000 0.48757038E+000
0.51242962E+000 0.63287623E+000 0.36712377E+000
0.42254321E-001 0.41020277E-001 0.41045386E-001 0.41269848E-001 0.40896521E-001 0.44863575E-001 0.44364625E-001 0.45939409E-001 0.45239562E-001 0.44583975E-001
0.49545159E-001 0.64984814E-001 0.83421483E-001 0.11923542E+000 0.10141251E+000 0.13650914E-001 0.13650914E-001 0.16112160E-001 0.16112160E-001 0.12378635E-001
0.12378635E-001 0.11556694E-001 0.11556694E-001
0.15000000E+002 -.38649457E+005 0.77328914E+005 0.77423325E+005 0.77375662E+005 0.34713069E+005 0.32752000E+005 0.27977620E-013 0.13800334E+005 0.32752000E+005
0.10000000E+001
41
-.10132199E+001 -.95134506E+000 -.10484723E+001 -.10229132E+001 -.10098351E+001 0.10263131E+001 0.10846327E+001 0.10686020E+001 0.10847631E+001 0.10743460E+001
0.31708433E-001 -.18775718E+001 -.17877690E+000 0.20814688E+001 0.64010835E+000 0.55079840E+000 0.44920160E+000 0.13266803E+000 0.86733197E+000 0.50792644E+000
0.49207356E+000 0.34504750E+000 0.65495250E+000
0.44722388E-001 0.44412510E-001 0.45489674E-001 0.45129426E-001 0.43916800E-001 0.38702419E-001 0.40178478E-001 0.40544280E-001 0.41169288E-001 0.40649066E-001
0.50235726E-001 0.11762309E+000 0.60696681E-001 0.14094827E+000 0.10805010E+000 0.16482527E-001 0.16482527E-001 0.13534562E-001 0.13534562E-001 0.12555775E-001
0.12555775E-001 0.12103491E-001 0.12103491E-001
0.15000000E+002 -.38862622E+005 0.77755244E+005 0.77849655E+005 0.77801992E+005 0.34325626E+005 0.32752000E+005 0.70090422E-009 0.13929545E+005 0.32752000E+005
0.10000000E+001
42
0.10850423E+001 0.10773502E+001 0.10955202E+001 0.10978705E+001 0.10913004E+001 -.10655213E+001 -.99279581E+000 -.10038493E+001 -.10304617E+001 -.99186006E+000
-.41401241E-001 -.26984033E+000 -.52638509E+000 0.19216730E+001 0.75988973E+000 0.83913858E+000 0.16086142E+000 0.43294629E+000 0.56705371E+000 0.48965117E+000
0.51034883E+000 0.63183882E+000 0.36816118E+000
0.42716581E-001 0.41041618E-001 0.40615167E-001 0.43334044E-001 0.41511833E-001 0.47024748E-001 0.45653772E-001 0.45951247E-001 0.44692282E-001 0.45072024E-001
0.52120407E-001 0.67943864E-001 0.85333942E-001 0.12791164E+000 0.10536280E+000 0.13935220E-001 0.13935220E-001 0.16680477E-001 0.16680477E-001 0.13024520E-001
0.13024520E-001 0.12676851E-001 0.12676851E-001
0.15000000E+002 -.38778298E+005 0.77586595E+005 0.77681006E+005 0.77633343E+005 0.35021110E+005 0.32752000E+005 0.00000000E+000 0.13991785E+005 0.32752000E+005
0.10000000E+001
43
0.10387986E+001 0.11311948E+001 0.10587322E+001 0.11210805E+001 0.10518924E+001 -.96261918E+000 -.10826031E+001 -.96379766E+000 -.10622023E+001 -.98040849E+000
-.62333646E-002 -.33164428E+000 -.54286201E+000 0.18042704E+001 0.71083379E+000 0.81345621E+000 0.18654379E+000 0.41784060E+000 0.58215940E+000 0.49844166E+000
0.50155834E+000 0.61503190E+000 0.38496810E+000
0.41457937E-001 0.43982898E-001 0.41319910E-001 0.43333164E-001 0.41972785E-001 0.43672830E-001 0.48268010E-001 0.45095228E-001 0.47148217E-001 0.43720324E-001
0.52917747E-001 0.71647350E-001 0.88619398E-001 0.12159719E+000 0.10611374E+000 0.14137891E-001 0.14137891E-001 0.17428206E-001 0.17428206E-001 0.13229308E-001
0.13229308E-001 0.13076905E-001 0.13076905E-001
0.15000000E+002 -.38883327E+005 0.77796653E+005 0.77891064E+005 0.77843401E+005 0.34381377E+005 0.32752000E+005 0.18487434E-009 0.13928629E+005 0.32752000E+005
0.10000000E+001
44
0.11064805E+001 0.10345498E+001 0.10532366E+001 0.11173920E+001 0.10533941E+001 -.11018314E+001 -.97721474E+000 -.10107938E+001 -.10305627E+001 -.96576782E+000
-.64411886E-001 -.22035223E+000 -.59980517E+000 0.18828975E+001 0.81117768E+000 0.84057938E+000 0.15942062E+000 0.44513377E+000 0.55486623E+000 0.48390259E+000
0.51609741E+000 0.63649092E+000 0.36350908E+000
0.42791514E-001 0.40165884E-001 0.40184320E-001 0.42723267E-001 0.40726138E-001 0.46581514E-001 0.42347383E-001 0.44676214E-001 0.45107425E-001 0.43524789E-001
0.51302440E-001 0.69085116E-001 0.86427183E-001 0.13001256E+000 0.10706357E+000 0.14151069E-001 0.14151069E-001 0.17063312E-001 0.17063312E-001 0.12812316E-001
0.12812316E-001 0.12868209E-001 0.12868209E-001
0.15000000E+002 -.38850554E+005 0.77731108E+005 0.77825519E+005 0.77777856E+005 0.34066927E+005 0.32752000E+005 0.19569684E-006 0.13815673E+005 0.32752000E+005
0.10000000E+001
45
0.10983811E+001 0.99850362E+000 0.10645371E+001 0.10819231E+001 0.10799980E+001 -.10119026E+001 -.97913302E+000 -.10312682E+001 -.10946412E+001 -.10475857E+001
0.37316184E-002 -.40230769E+000 -.56923114E+000 0.17994049E+001 0.87802566E+000 0.80172286E+000 0.19827714E+000 0.40075802E+000 0.59924198E+000 0.50093290E+000
0.49906710E+000 0.60161450E+000 0.39838550E+000
0.44494084E-001 0.41349042E-001 0.42272355E-001 0.42686893E-001 0.43468741E-001 0.44533967E-001 0.43455688E-001 0.45751759E-001 0.49392445E-001 0.45750216E-001
0.52281218E-001 0.69431042E-001 0.80613491E-001 0.12059963E+000 0.10534685E+000 0.15140305E-001 0.15140305E-001 0.16673936E-001 0.16673936E-001 0.13070259E-001
0.13070259E-001 0.13243446E-001 0.13243446E-001
0.15000000E+002 -.38868193E+005 0.77766386E+005 0.77860796E+005 0.77813133E+005 0.34397524E+005 0.32752000E+005 0.12468959E-009 0.13989951E+005 0.32752000E+005
0.10000000E+001
46
0.11447113E+001 0.11665292E+001 0.10895135E+001 0.10748605E+001 0.11373963E+001 -.94651811E+000 -.98769506E+000 -.97498295E+000 -.95797486E+000 -.99620165E+000
-.11262267E+000 -.31213366E+000 -.55834642E+000 0.19201886E+001 0.78726649E+000 0.83314117E+000 0.16685883E+000 0.42259402E+000 0.57740598E+000 0.47187405E+000
0.52812595E+000 0.61632057E+000 0.38367943E+000
0.42039382E-001 0.43420572E-001 0.42948291E-001 0.42024941E-001 0.43002084E-001 0.44716526E-001 0.46129214E-001 0.44056278E-001 0.44045744E-001 0.44523461E-001
0.50901364E-001 0.70780019E-001 0.85536390E-001 0.12848149E+000 0.10549506E+000 0.13967975E-001 0.13967975E-001 0.17270913E-001 0.17270913E-001 0.12685075E-001
0.12685075E-001 0.12871957E-001 0.12871957E-001
0.15000000E+002 -.38810795E+005 0.77651589E+005 0.77746000E+005 0.77698337E+005 0.34809365E+005 0.32752000E+005 0.16653345E-014 0.13965807E+005 0.32752000E+005
0.10000000E+001
47
-.10713674E+001 -.10427276E+001 -.99752660E+000 -.10304842E+001 -.11058102E+001 0.10421249E+001 0.10202058E+001 0.10583109E+001 0.10476506E+001 0.10931429E+001
-.53299157E-001 -.16424544E+001 -.26787254E+000 0.19096269E+001 0.63536911E+000 0.56639862E+000 0.43360138E+000 0.16213137E+000 0.83786863E+000 0.48667836E+000
0.51332164E+000 0.35887949E+000 0.64112051E+000
0.46473546E-001 0.46532006E-001 0.44211123E-001 0.44906035E-001 0.48804632E-001 0.40426871E-001 0.38834044E-001 0.40389808E-001 0.39779954E-001 0.40991940E-001
0.48823509E-001 0.10241777E+000 0.60767792E-001 0.12684030E+000 0.10474740E+000 0.17341663E-001 0.17341663E-001 0.13912920E-001 0.13912920E-001 0.12197213E-001
0.12197213E-001 0.12807382E-001 0.12807382E-001
0.15000000E+002 -.38839644E+005 0.77709289E+005 0.77803700E+005 0.77756036E+005 0.34091055E+005 0.32752000E+005 0.12027855E-006 0.13920706E+005 0.32752000E+005
0.10000000E+001
48
0.10604535E+001 0.11380428E+001 0.11114440E+001 0.10525951E+001 0.10523476E+001 -.97902627E+000 -.95967196E+000 -.10302845E+001 -.95203565E+000 -.10213869E+001
-.62570305E-001 -.37132993E+000 -.42059506E+000 0.18547020E+001 0.65465110E+000 0.81508138E+000 0.18491862E+000 0.40821970E+000 0.59178030E+000 0.48436253E+000
0.51563747E+000 0.60528825E+000 0.39471175E+000
0.41556635E-001 0.43155742E-001 0.42108775E-001 0.40701016E-001 0.43681905E-001 0.44079567E-001 0.43644576E-001 0.46717401E-001 0.44705179E-001 0.43541310E-001
0.52750433E-001 0.69934500E-001 0.84450588E-001 0.12387823E+000 0.10412971E+000 0.14428122E-001 0.14428122E-001 0.16894523E-001 0.16894523E-001 0.13174709E-001
0.13174709E-001 0.12809832E-001 0.12809832E-001
0.15000000E+002 -.38952137E+005 0.77934274E+005 0.78028685E+005 0.77981022E+005 0.34164134E+005 0.32752000E+005 0.26234818E-007 0.14033322E+005 0.32752000E+005
0.10000000E+001
49
0.10668947E+001 0.10695313E+001 0.10338143E+001 0.10229811E+001 0.10329371E+001 -.10820008E+001 -.10447670E+001 -.10746345E+001 -.10195086E+001 -.10144816E+001
0.23410838E-001 -.30294713E+000 -.45708814E+000 0.18138007E+001 0.77782213E+000 0.81918767E+000 0.18081233E+000 0.42483719E+000 0.57516281E+000 0.50585244E+000
0.49414756E+000 0.62432034E+000 0.37567966E+000
0.40872399E-001 0.41436842E-001 0.40294872E-001 0.40608620E-001 0.40744677E-001 0.48772100E-001 0.46693988E-001 0.47721300E-001 0.46189675E-001 0.44959977E-001
0.52642222E-001 0.74364616E-001 0.83329508E-001 0.12238181E+000 0.10498973E+000 0.13665930E-001 0.13665930E-001 0.18171035E-001 0.18171035E-001 0.13158752E-001
0.13158752E-001 0.13207306E-001 0.13207306E-001
0.15000000E+002 -.38894289E+005 0.77818578E+005 0.77912988E+005 0.77865325E+005 0.34891650E+005 0.32752000E+005 0.11102230E-015 0.13994547E+005 0.32752000E+005
0.10000000E+001
50
0.10630463E+001 0.10501381E+001 0.10700929E+001 0.10029007E+001 0.10208053E+001 -.10217468E+001 -.11022548E+001 -.11000005E+001 -.10504392E+001 -.10652261E+001
-.11052777E-001 -.37849160E+000 -.49480439E+000 0.20631353E+001 0.76388990E+000 0.84351845E+000 0.15648155E+000 0.40649076E+000 0.59350924E+000 0.49723683E+000
0.50276317E+000 0.62379702E+000 0.37620298E+000
0.41601167E-001 0.41018185E-001 0.41653116E-001 0.39795781E-001 0.41127321E-001 0.44523746E-001 0.46556109E-001 0.46492365E-001 0.45583420E-001 0.46027501E-001
0.52512383E-001 0.69860826E-001 0.82782636E-001 0.12783642E+000 0.10402938E+000 0.13416951E-001 0.13416951E-001 0.16854345E-001 0.16854345E-001 0.13127695E-001
0.13127695E-001 0.12753379E-001 0.12753379E-001
0.15000000E+002 -.38807154E+005 0.77644307E+005 0.77738718E+005 0.77691054E+005 0.34795259E+005 0.32752000E+005 0.25535130E-014 0.13877960E+005 0.32752000E+005
0.10000000E+001
51
0.10657939E+001 0.11203757E+001 0.10518989E+001 0.10828722E+001 0.11050198E+001 -.99258137E+000 -.10458152E+001 -.10107766E+001 -.10383057E+001 -.10641955E+001
-.44072566E-001 -.34225331E+000 -.50793551E+000 0.20178807E+001 0.75695760E+000 0.84232465E+000 0.15767535E+000 0.41526223E+000 0.58473777E+000 0.48898364E+000
0.51101636E+000 0.62408877E+000 0.37591123E+000
0.40244831E-001 0.41538517E-001 0.39976972E-001 0.39233248E-001 0.40699435E-001 0.42020229E-001 0.44186163E-001 0.42263092E-001 0.44594330E-001 0.44088937E-001
0.48979994E-001 0.68036733E-001 0.82636595E-001 0.12725801E+000 0.10322811E+000 0.13380338E-001 0.13380338E-001 0.16520646E-001 0.16520646E-001 0.12239054E-001
0.12239054E-001 0.12013255E-001 0.12013255E-001
0.15000000E+002 -.38777616E+005 0.77585232E+005 0.77679643E+005 0.77631980E+005 0.34402773E+005 0.32752000E+005 0.10962387E-009 0.13906275E+005 0.32752000E+005
0.10000000E+001
52
-.10886434E+001 -.97558042E+000 -.10452586E+001 -.10038147E+001 -.10261682E+001 0.10991660E+001 0.10813165E+001 0.10721036E+001 0.10503606E+001 0.10938603E+001
0.21943937E-001 -.15906149E+001 -.19662502E+000 0.18201912E+001 0.75017090E+000 0.55714333E+000 0.44285667E+000 0.16929741E+000 0.83070259E+000 0.50548576E+000
0.49451424E+000 0.36534800E+000 0.63465200E+000
0.45697219E-001 0.44565977E-001 0.45119448E-001 0.44055807E-001 0.44430219E-001 0.42277966E-001 0.40072233E-001 0.40280562E-001 0.40406127E-001 0.40485295E-001
0.51077045E-001 0.99555837E-001 0.57058632E-001 0.12554722E+000 0.10654257E+000 0.17184855E-001 0.17184855E-001 0.14001114E-001 0.14001114E-001 0.12767724E-001
0.12767724E-001 0.12739497E-001 0.12739497E-001
0.15000000E+002 -.38816813E+005 0.77663626E+005 0.77758037E+005 0.77710373E+005 0.34976004E+005 0.32752000E+005 0.00000000E+000 0.13999459E+005 0.32752000E+005
0.10000000E+001
53
-.10174819E+001 -.98295814E+000 -.10242686E+001 -.10635474E+001 -.10199204E+001 0.10385115E+001 0.10613931E+001 0.10646194E+001 0.10850034E+001 0.10664957E+001
0.11134328E-001 -.17148123E+001 -.22468880E+000 0.19872231E+001 0.89415946E+000 0.56768467E+000 0.43231533E+000 0.15254058E+000 0.84745942E+000 0.50278355E+000
0.49721645E+000 0.36126820E+000 0.63873180E+000
0.46027474E-001 0.45731848E-001 0.46284950E-001 0.46933111E-001 0.46259610E-001 0.41280275E-001 0.41322864E-001 0.42192411E-001 0.42964917E-001 0.42819422E-001
0.52973695E-001 0.10490919E+000 0.62946364E-001 0.13168799E+000 0.10974812E+000 0.17487335E-001 0.17487335E-001 0.13561816E-001 0.13561816E-001 0.13243013E-001
0.13243013E-001 0.12963929E-001 0.12963929E-001
0.15000000E+002 -.38831799E+005 0.77693599E+005 0.77788010E+005 0.77740346E+005 0.34579781E+005 0.32752000E+005 0.11463053E-011 0.14034767E+005 0.32752000E+005
0.10000000E+001
54
0.10138840E+001 0.10200998E+001 0.10416554E+001 0.10533409E+001 0.10176570E+001 -.10581463E+001 -.10580646E+001 -.11432094E+001 -.10494223E+001 -.10379954E+001
-.29244251E-001 -.29534324E+000 -.46491813E+000 0.19641359E+001 0.78708622E+000 0.84141479E+000 0.15858521E+000 0.42669626E+000 0.57330374E+000 0.49268946E+000
0.50731054E+000 0.63102371E+000 0.36897629E+000
0.40210325E-001 0.39466879E-001 0.41724300E-001 0.41008435E-001 0.39415562E-001 0.46045284E-001 0.46708447E-001 0.48793624E-001 0.45521754E-001 0.45465267E-001
0.51439174E-001 0.70104610E-001 0.81647309E-001 0.12930397E+000 0.10415682E+000 0.13555591E-001 0.13555591E-001 0.17149450E-001 0.17149450E-001 0.12857044E-001
0.12857044E-001 0.12538682E-001 0.12538682E-001
0.15000000E+002 -.38866076E+005 0.77762152E+005 0.77856563E+005 0.77808900E+005 0.34063326E+005 0.32752000E+005 0.21030312E-006 0.14001973E+005 0.32752000E+005
0.10000000E+001
55
-.10206317E+001 -.10528772E+001 -.10278504E+001 -.10206510E+001 -.10590167E+001 0.10982666E+001 0.10908534E+001 0.11015501E+001 0.10609067E+001 0.10312828E+001
0.44993190E-001 -.13753677E+001 -.24388295E+000 0.16744161E+001 0.69264700E+000 0.57420988E+000 0.42579012E+000 0.20175400E+000 0.79824600E+000 0.51124640E+000
0.48875360E+000 0.39217073E+000 0.60782927E+000
0.46483962E-001 0.45616735E-001 0.44992190E-001 0.45364667E-001 0.44262971E-001 0.41652752E-001 0.42988780E-001 0.42320420E-001 0.41431367E-001 0.41827804E-001
0.51389425E-001 0.89835698E-001 0.64175521E-001 0.11720203E+000 0.10312789E+000 0.17016208E-001 0.17016208E-001 0.14467978E-001 0.14467978E-001 0.12840856E-001
0.12840856E-001 0.12798763E-001 0.12798763E-001
0.15000000E+002 -.38840964E+005 0.77711928E+005 0.77806339E+005 0.77758676E+005 0.34041421E+005 0.32752000E+005 0.32457497E-006 0.13856537E+005 0.32752000E+005
0.10000000E+001
56
0.11604620E+001 0.11098773E+001 0.11122127E+001 0.11652136E+001 0.11385159E+001 -.91352050E+000 -.94296700E+000 -.10063604E+001 -.91951364E+000 -.95070761E+000
-.18320785E+000 -.34006475E+000 -.66712845E+000 0.18779752E+001 0.86015448E+000 0.82316075E+000 0.17683925E+000 0.41579375E+000 0.58420625E+000 0.45432572E+000
0.54567428E+000 0.60087106E+000 0.39912894E+000
0.43658717E-001 0.42440905E-001 0.44865007E-001 0.44049068E-001 0.45027007E-001 0.42586545E-001 0.43255990E-001 0.43114700E-001 0.42817246E-001 0.41812414E-001
0.51396388E-001 0.70766753E-001 0.87243793E-001 0.12992881E+000 0.10748675E+000 0.14878461E-001 0.14878461E-001 0.17189903E-001 0.17189903E-001 0.12741877E-001
0.12741877E-001 0.13170222E-001 0.13170222E-001
0.15000000E+002 -.38876079E+005 0.77782158E+005 0.77876568E+005 0.77828905E+005 0.34404366E+005 0.32752000E+005 0.10541246E-009 0.13968078E+005 0.32752000E+005
0.10000000E+001
57
-.10206836E+001 -.10402681E+001 -.10468892E+001 -.99001836E+000 -.10513040E+001 0.10942311E+001 0.10258034E+001 0.10788129E+001 0.10347587E+001 0.10128871E+001
0.72820816E-001 -.15013862E+001 -.29651754E+000 0.17419295E+001 0.81829685E+000 0.55984754E+000 0.44015246E+000 0.18221887E+000 0.81778113E+000 0.51819716E+000
0.48180284E+000 0.37790498E+000 0.62209502E+000
0.46073198E-001 0.45786391E-001 0.45454060E-001 0.44184701E-001 0.45630120E-001 0.42105629E-001 0.40578392E-001 0.42353050E-001 0.40802775E-001 0.41085228E-001
0.53341879E-001 0.99040791E-001 0.65192494E-001 0.12468836E+000 0.10597897E+000 0.16674189E-001 0.16674189E-001 0.14758578E-001 0.14758578E-001 0.13317806E-001
0.13317806E-001 0.12769220E-001 0.12769220E-001
0.15000000E+002 -.38941067E+005 0.77912134E+005 0.78006545E+005 0.77958881E+005 0.33883611E+005 0.32752000E+005 0.60963458E-005 0.14016519E+005 0.32752000E+005
0.10000000E+001
58
-.99341953E+000 -.95527393E+000 -.10621654E+001 -.10285674E+001 -.10677977E+001 0.10888609E+001 0.11346447E+001 0.10962326E+001 0.10025684E+001 0.10430836E+001
-.66928838E-002 -.15013527E+001 -.21253309E+000 0.20205049E+001 0.70834115E+000 0.62694949E+000 0.37305051E+000 0.18222386E+000 0.81777614E+000 0.49832679E+000
0.50167321E+000 0.40384255E+000 0.59615745E+000
0.44993673E-001 0.43718039E-001 0.47076522E-001 0.45488612E-001 0.46516974E-001 0.43563981E-001 0.45159416E-001 0.44546284E-001 0.41502905E-001 0.41879957E-001
0.53483288E-001 0.99928516E-001 0.61587356E-001 0.12830949E+000 0.10376939E+000 0.17158508E-001 0.17158508E-001 0.14891180E-001 0.14891180E-001 0.13370672E-001
0.13370672E-001 0.13574203E-001 0.13574203E-001
0.15000000E+002 -.38848494E+005 0.77726988E+005 0.77821399E+005 0.77773736E+005 0.34870703E+005 0.32752000E+005 0.22204460E-015 0.14081026E+005 0.32752000E+005
0.10000000E+001
59
0.10800757E+001 0.10715857E+001 0.10316501E+001 0.10770284E+001 0.10708065E+001 -.10971796E+001 -.10528828E+001 -.10496349E+001 -.11101948E+001 -.99975508E+000
-.38713385E-002 -.20979630E+000 -.44779553E+000 0.18214970E+001 0.72441473E+000 0.83364737E+000 0.16635263E+000 0.44774246E+000 0.55225754E+000 0.49903217E+000
0.50096783E+000 0.64032142E+000 0.35967858E+000
0.40136513E-001 0.39165316E-001 0.38093673E-001 0.39905776E-001 0.38875613E-001 0.45306793E-001 0.45102733E-001 0.44410401E-001 0.44985471E-001 0.44552253E-001
0.50231018E-001 0.67142566E-001 0.84280875E-001 0.12207939E+000 0.10302015E+000 0.13047038E-001 0.13047038E-001 0.16602285E-001 0.16602285E-001 0.12557707E-001
0.12557707E-001 0.11626293E-001 0.11626293E-001
0.15000000E+002 -.38757465E+005 0.77544931E+005 0.77639342E+005 0.77591678E+005 0.33558096E+005 0.32752000E+005 0.88388274E-003 0.13661559E+005 0.32752000E+005
0.10000000E+001
60
0.10136851E+001 0.10161448E+001 0.10146895E+001 0.99507339E+000 0.10185343E+001 -.10922023E+001 -.10550998E+001 -.10224138E+001 -.10315123E+001 -.10271798E+001
0.26286586E-001 -.39365731E+000 -.42230128E+000 0.20756904E+001 0.83797591E+000 0.84317356E+000 0.15682644E+000 0.40283719E+000 0.59716281E+000 0.50657127E+000
0.49342873E+000 0.62589894E+000 0.37410106E+000
0.41149422E-001 0.39773714E-001 0.40993762E-001 0.40190346E-001 0.39698158E-001 0.47240893E-001 0.50282077E-001 0.46477863E-001 0.45955330E-001 0.47674303E-001
0.55165610E-001 0.71390781E-001 0.80491702E-001 0.13294502E+000 0.10507480E+000 0.13955745E-001 0.13955745E-001 0.17173723E-001 0.17173723E-001 0.13789020E-001
0.13789020E-001 0.13129692E-001 0.13129692E-001
0.15000000E+002 -.38994681E+005 0.78019361E+005 0.78113772E+005 0.78066109E+005 0.34655789E+005 0.32752000E+005 0.14210855E-012 0.14103882E+005 0.32752000E+005
0.10000000E+001
61
0.10693851E+001 0.11644193E+001 0.11213673E+001 0.10882404E+001 0.10116849E+001 -.10222351E+001 -.11086715E+001 -.10179149E+001 -.10403898E+001 -.99589387E+000
-.26443224E-002 -.39175533E+000 -.50946702E+000 0.19663964E+001 0.68919490E+000 0.82844423E+000 0.17155577E+000 0.40329481E+000 0.59670519E+000 0.49933892E+000
0.50066108E+000 0.61558846E+000 0.38441154E+000
0.40656320E-001 0.45338708E-001 0.42846575E-001 0.42716024E-001 0.39796102E-001 0.46053797E-001 0.46737922E-001 0.46454981E-001 0.45529592E-001 0.44688872E-001
0.52161081E-001 0.72072537E-001 0.81721006E-001 0.12576308E+000 0.10212424E+000 0.13968613E-001 0.13968613E-001 0.17344120E-001 0.17344120E-001 0.13040248E-001
0.13040248E-001 0.13177532E-001 0.13177532E-001
0.15000000E+002 -.38717591E+005 0.77465183E+005 0.77559593E+005 0.77511930E+005 0.34544704E+005 0.32752000E+005 0.29264369E-011 0.13750019E+005 0.32752000E+005
0.10000000E+001
62
0.10108215E+001 0.10689873E+001 0.10605857E+001 0.10951115E+001 0.11693694E+001 -.99194895E+000 -.96191076E+000 -.95821949E+000 -.10898647E+001 -.10841790E+001
-.65817317E-001 -.31897960E+000 -.61190404E+000 0.19000168E+001 0.88914858E+000 0.82935136E+000 0.17064864E+000 0.42092445E+000 0.57907555E+000 0.48355161E+000
0.51644839E+000 0.61841994E+000 0.38158006E+000
0.40006589E-001 0.39368272E-001 0.40271859E-001 0.41768510E-001 0.44458038E-001 0.43507355E-001 0.43654727E-001 0.42218231E-001 0.44891359E-001 0.45065299E-001
0.50406503E-001 0.69197126E-001 0.84863949E-001 0.12643535E+000 0.10599749E+000 0.14092666E-001 0.14092666E-001 0.16866596E-001 0.16866596E-001 0.12587988E-001
0.12587988E-001 0.12575734E-001 0.12575734E-001
0.15000000E+002 -.38845370E+005 0.77720739E+005 0.77815150E+005 0.77767486E+005 0.34702012E+005 0.32752000E+005 0.38413717E-013 0.13935326E+005 0.32752000E+005
0.10000000E+001
63
0.10563197E+001 0.10752409E+001 0.10835602E+001 0.10750425E+001 0.10778522E+001 -.10071681E+001 -.10105483E+001 -.10108405E+001 -.10954446E+001 -.10098372E+001
-.49271404E-001 -.23430806E+000 -.46749917E+000 0.20381498E+001 0.74826770E+000 0.85861595E+000 0.14138405E+000 0.44168951E+000 0.55831049E+000 0.48768464E+000
0.51231536E+000 0.64501813E+000 0.35498187E+000
0.40867356E-001 0.40696075E-001 0.40434796E-001 0.39961392E-001 0.40855338E-001 0.43348908E-001 0.45140808E-001 0.45643610E-001 0.47930443E-001 0.44196316E-001
0.49613760E-001 0.68907235E-001 0.84299142E-001 0.13377017E+000 0.10553809E+000 0.13419622E-001 0.13419622E-001 0.16992516E-001 0.16992516E-001 0.12395915E-001
0.12395915E-001 0.12626787E-001 0.12626787E-001
0.15000000E+002 -.38793696E+005 0.77617392E+005 0.77711803E+005 0.77664140E+005 0.33841913E+005 0.32752000E+005 0.12501812E-004 0.13858244E+005 0.32752000E+005
0.10000000E+001
64
0.11361039E+001 0.10856677E+001 0.10861101E+001 0.11021758E+001 0.10619082E+001 -.10301552E+001 -.10060609E+001 -.95352562E+000 -.99049526E+000 -.94969097E+000
-.13418468E+000 -.32344827E+000 -.54542190E+000 0.18029074E+001 0.75686264E+000 0.81449087E+000 0.18550913E+000 0.41983561E+000 0.58016439E+000 0.46650407E+000
0.53349593E+000 0.60394390E+000 0.39605610E+000
0.42580925E-001 0.42847043E-001 0.41721219E-001 0.43908932E-001 0.40687975E-001 0.45545832E-001 0.42706301E-001 0.42868638E-001 0.41845298E-001 0.41997301E-001
0.50380877E-001 0.68752644E-001 0.83373131E-001 0.12381849E+000 0.10508386E+000 0.14833241E-001 0.14833241E-001 0.16746334E-001 0.16746334E-001 0.12538693E-001
0.12538693E-001 0.12855201E-001 0.12855201E-001
0.15000000E+002 -.38937956E+005 0.77905911E+005 0.78000322E+005 0.77952659E+005 0.33463629E+005 0.32752000E+005 0.28619367E-002 0.13942635E+005 0.32752000E+005
0.10000000E+001
65
0.97996523E+000 0.10699911E+001 0.10646629E+001 0.99652196E+000 0.11165274E+001 -.11126336E+001 -.10796803E+001 -.10061213E+001 -.10473577E+001 -.10557721E+001
-.75403592E-001 -.26103405E+000 -.43303984E+000 0.19950880E+001 0.77631241E+000 0.84993023E+000 0.15006977E+000 0.43510953E+000 0.56489047E+000 0.48115803E+000
0.51884197E+000 0.63470384E+000 0.36529616E+000
0.38614921E-001 0.41373352E-001 0.39091264E-001 0.39251719E-001 0.39807001E-001 0.46262744E-001 0.44531301E-001 0.44489592E-001 0.44775458E-001 0.46652506E-001
0.48541395E-001 0.67839462E-001 0.84699542E-001 0.12816817E+000 0.10485333E+000 0.13028639E-001 0.13028639E-001 0.16674209E-001 0.16674209E-001 0.12118116E-001
0.12118116E-001 0.11976411E-001 0.11976411E-001
0.15000000E+002 -.38822429E+005 0.77674858E+005 0.77769269E+005 0.77721606E+005 0.34851733E+005 0.32752000E+005 0.44408921E-015 0.13922021E+005 0.32752000E+005
0.10000000E+001
66
0.11112018E+001 0.11512272E+001 0.10891879E+001 0.11411402E+001 0.12024711E+001 -.91036566E+000 -.99784990E+000 -.93187710E+000 -.96583270E+000 -.10490474E+001
-.13281357E+000 -.39397933E+000 -.52395480E+000 0.18088664E+001 0.70120767E+000 0.80453562E+000 0.19546438E+000 0.40275973E+000 0.59724027E+000 0.46684533E+000
0.53315467E+000 0.59032693E+000 0.40967307E+000
0.41276273E-001 0.44597897E-001 0.41499205E-001 0.43845201E-001 0.44912681E-001 0.40995254E-001 0.41704261E-001 0.41353133E-001 0.40593627E-001 0.44460445E-001
0.51355170E-001 0.68240650E-001 0.76340448E-001 0.12088149E+000 0.10161888E+000 0.14933851E-001 0.14933851E-001 0.16414901E-001 0.16414901E-001 0.12782341E-001
0.12782341E-001 0.12851260E-001 0.12851260E-001
0.15000000E+002 -.38825422E+005 0.77680843E+005 0.77775254E+005 0.77727591E+005 0.33474267E+005 0.32752000E+005 0.25223758E-002 0.13771382E+005 0.32752000E+005
0.10000000E+001
67
-.10229466E+001 -.10128978E+001 -.10099487E+001 -.10086305E+001 -.97747403E+000 0.11038181E+001 0.10817690E+001 0.10275794E+001 0.10472352E+001 0.10512781E+001
-.10414078E-001 -.15096015E+001 -.27672248E+000 0.18625846E+001 0.74453174E+000 0.58734078E+000 0.41265922E+000 0.18099786E+000 0.81900214E+000 0.49739650E+000
0.50260350E+000 0.38311141E+000 0.61688859E+000
0.47995787E-001 0.45486784E-001 0.44649115E-001 0.46560523E-001 0.44469420E-001 0.41567691E-001 0.42778789E-001 0.41659697E-001 0.40003752E-001 0.41513807E-001
0.52360144E-001 0.96837574E-001 0.62895433E-001 0.12520429E+000 0.10615916E+000 0.17757991E-001 0.17757991E-001 0.14354973E-001 0.14354973E-001 0.13089681E-001
0.13089681E-001 0.13324813E-001 0.13324813E-001
0.15000000E+002 -.38957957E+005 0.77945915E+005 0.78040325E+005 0.77992662E+005 0.33925696E+005 0.32752000E+005 0.28828498E-005 0.13942368E+005 0.32752000E+005
0.10000000E+001
68
-.10887144E+001 -.11523929E+001 -.10800323E+001 -.10357954E+001 -.11050626E+001 0.10300738E+001 0.10665278E+001 0.10436192E+001 0.10126999E+001 0.10476678E+001
-.19745196E-001 -.15528867E+001 -.15722974E+000 0.17865363E+001 0.69928857E+000 0.55814811E+000 0.44185189E+000 0.17466972E+000 0.82533028E+000 0.49506386E+000
0.50493614E+000 0.36451601E+000 0.63548399E+000
0.44781973E-001 0.46077273E-001 0.43690119E-001 0.43050238E-001 0.45092730E-001 0.38387963E-001 0.39226061E-001 0.39517159E-001 0.38627854E-001 0.39134440E-001
0.48748146E-001 0.92198140E-001 0.57769838E-001 0.11996217E+000 0.10382387E+000 0.17169196E-001 0.17169196E-001 0.13291303E-001 0.13291303E-001 0.12185849E-001
0.12185849E-001 0.12114506E-001 0.12114506E-001
0.15000000E+002 -.38780966E+005 0.77591931E+005 0.77686342E+005 0.77638679E+005 0.33432781E+005 0.32752000E+005 0.40925277E-002 0.13790780E+005 0.32752000E+005
0.10000000E+001
69
-.10617934E+001 -.10424802E+001 -.10398784E+001 -.10166993E+001 -.10915823E+001 0.10472587E+001 0.10598018E+001 0.10745289E+001 0.11033216E+001 0.11338566E+001
-.80873643E-001 -.14654438E+001 -.26468861E+000 0.17623037E+001 0.96264266E+000 0.57367470E+000 0.42632530E+000 0.18763612E+000 0.81236388E+000 0.47979260E+000
0.52020740E+000 0.37285457E+000 0.62714543E+000
0.46175859E-001 0.45423527E-001 0.44510553E-001 0.43282290E-001 0.47381496E-001 0.39354819E-001 0.39784548E-001 0.40539808E-001 0.41865653E-001 0.41367056E-001
0.49717845E-001 0.91063235E-001 0.59926224E-001 0.11770491E+000 0.10567295E+000 0.16892107E-001 0.16892107E-001 0.13880660E-001 0.13880660E-001 0.12409160E-001
0.12409160E-001 0.12359244E-001 0.12359244E-001
0.15000000E+002 -.38707544E+005 0.77445088E+005 0.77539499E+005 0.77491836E+005 0.34024981E+005 0.32752000E+005 0.44761024E-006 0.13654461E+005 0.32752000E+005
0.10000000E+001
70
-.10334773E+001 -.10316638E+001 -.10355307E+001 -.10704622E+001 -.10310579E+001 0.10888777E+001 0.11620713E+001 0.11613596E+001 0.11234547E+001 0.10752113E+001
-.14748346E-001 -.14248792E+001 -.25427612E+000 0.17280445E+001 0.81362165E+000 0.57521612E+000 0.42478388E+000 0.19389782E+000 0.80610218E+000 0.49631298E+000
0.50368702E+000 0.38315104E+000 0.61684896E+000
0.45597778E-001 0.44791453E-001 0.46603813E-001 0.45107960E-001 0.44460503E-001 0.41689475E-001 0.42287170E-001 0.40912877E-001 0.43019562E-001 0.41402555E-001
0.49014943E-001 0.88645183E-001 0.61366762E-001 0.11642540E+000 0.10328782E+000 0.17243054E-001 0.17243054E-001 0.13855371E-001 0.13855371E-001 0.12253069E-001
0.12253069E-001 0.12597583E-001 0.12597583E-001
0.15000000E+002 -.38601257E+005 0.77232514E+005 0.77326924E+005 0.77279261E+005 0.34102700E+005 0.32752000E+005 0.94824740E-007 0.13605388E+005 0.32752000E+005
0.10000000E+001
71
0.11402287E+001 0.10808947E+001 0.11430572E+001 0.10557297E+001 0.10567085E+001 -.98877949E+000 -.99359618E+000 -.10419613E+001 -.10229925E+001 -.96627006E+000
-.10917151E+000 -.40064150E+000 -.53068348E+000 0.19614101E+001 0.86216637E+000 0.82646361E+000 0.17353639E+000 0.40115822E+000 0.59884178E+000 0.47273420E+000
0.52726580E+000 0.60221462E+000 0.39778538E+000
0.42157539E-001 0.40809559E-001 0.42228304E-001 0.40230461E-001 0.40757752E-001 0.43945243E-001 0.42802065E-001 0.44513396E-001 0.43384937E-001 0.42232115E-001
0.50115044E-001 0.70152326E-001 0.79319324E-001 0.12559710E+000 0.10268460E+000 0.13817071E-001 0.13817071E-001 0.16852714E-001 0.16852714E-001 0.12491504E-001
0.12491504E-001 0.12395616E-001 0.12395616E-001
0.15000000E+002 -.38847875E+005 0.77725751E+005 0.77820161E+005 0.77772498E+005 0.34480008E+005 0.32752000E+005 0.15784485E-010 0.13941850E+005 0.32752000E+005
0.10000000E+001
72
0.11065068E+001 0.10610767E+001 0.10124810E+001 0.10088904E+001 0.10157332E+001 -.10065695E+001 -.10639128E+001 -.10284299E+001 -.10576661E+001 -.97209824E+000
0.79133054E-003 -.33518570E+000 -.44648972E+000 0.18322459E+001 0.61942926E+000 0.81713560E+000 0.18286440E+000 0.41697940E+000 0.58302060E+000 0.50019783E+000
0.49980217E+000 0.61713667E+000 0.38286333E+000
0.43398539E-001 0.41939592E-001 0.41341184E-001 0.41745509E-001 0.40812480E-001 0.45938143E-001 0.47355102E-001 0.46112261E-001 0.46249502E-001 0.43081705E-001
0.51268337E-001 0.73252820E-001 0.83336821E-001 0.12351695E+000 0.10536273E+000 0.14326558E-001 0.14326558E-001 0.17808316E-001 0.17808316E-001 0.12817082E-001
0.12817082E-001 0.13330453E-001 0.13330453E-001
0.15000000E+002 -.39000832E+005 0.78031665E+005 0.78126076E+005 0.78078412E+005 0.34501665E+005 0.32752000E+005 0.90354391E-011 0.14107334E+005 0.32752000E+005
0.10000000E+001
73
0.10785328E+001 0.11385760E+001 0.10813695E+001 0.11259558E+001 0.10460779E+001 -.10016500E+001 -.96646112E+000 -.10046019E+001 -.97996359E+000 -.10046503E+001
-.75913876E-001 -.39446053E+000 -.59615657E+000 0.19115620E+001 0.79901805E+000 0.82011126E+000 0.17988874E+000 0.40264398E+000 0.59735602E+000 0.48103064E+000
0.51896936E+000 0.60345853E+000 0.39654147E+000
0.43058528E-001 0.42738247E-001 0.42656927E-001 0.42586371E-001 0.41480123E-001 0.43737361E-001 0.44074911E-001 0.43073569E-001 0.44678986E-001 0.43341014E-001
0.52752599E-001 0.69043413E-001 0.84664308E-001 0.12550081E+000 0.10496857E+000 0.14544436E-001 0.14544436E-001 0.16606446E-001 0.16606446E-001 0.13169167E-001
0.13169167E-001 0.12816520E-001 0.12816520E-001
0.15000000E+002 -.38888103E+005 0.77806206E+005 0.77900617E+005 0.77852953E+005 0.33879829E+005 0.32752000E+005 0.65130631E-005 0.14040463E+005 0.32752000E+005
0.10000000E+001
74
0.10659642E+001 0.10924716E+001 0.10480730E+001 0.10965353E+001 0.10831609E+001 -.99811062E+000 -.10477534E+001 -.10073871E+001 -.10121300E+001 -.10586911E+001
-.91379207E-001 -.29788743E+000 -.53079402E+000 0.19593775E+001 0.72429841E+000 0.84043793E+000 0.15956207E+000 0.42607400E+000 0.57392600E+000 0.47717108E+000
0.52282892E+000 0.62379648E+000 0.37620352E+000
0.41474904E-001 0.41228725E-001 0.40692842E-001 0.42764929E-001 0.41179217E-001 0.43616650E-001 0.45674168E-001 0.43406035E-001 0.43597813E-001 0.45037983E-001
0.50949887E-001 0.67071096E-001 0.83406896E-001 0.13395215E+000 0.10409145E+000 0.14570411E-001 0.14570411E-001 0.16401227E-001 0.16401227E-001 0.12710919E-001
0.12710919E-001 0.12413144E-001 0.12413144E-001
0.15000000E+002 -.38818390E+005 0.77666780E+005 0.77761191E+005 0.77713527E+005 0.33813325E+005 0.32752000E+005 0.20176584E-004 0.13806226E+005 0.32752000E+005
0.10000000E+001
75
0.98137695E+000 0.10917406E+001 0.10789286E+001 0.10954021E+001 0.10852479E+001 -.96377938E+000 -.11224091E+001 -.10536770E+001 -.10471755E+001 -.99665656E+000
0.71550838E-003 -.26767453E+000 -.58972677E+000 0.18723179E+001 0.82256534E+000 0.83266636E+000 0.16733364E+000 0.43347808E+000 0.56652192E+000 0.50017888E+000
0.49982112E+000 0.63314363E+000 0.36685637E+000
0.37648504E-001 0.44064704E-001 0.41992785E-001 0.41763015E-001 0.40256402E-001 0.43757465E-001 0.45526338E-001 0.44121614E-001 0.45917803E-001 0.46087498E-001
0.50933612E-001 0.67224692E-001 0.86575669E-001 0.12561752E+000 0.10684650E+000 0.14184611E-001 0.14184611E-001 0.16508693E-001 0.16508693E-001 0.12733401E-001
0.12733401E-001 0.12587806E-001 0.12587806E-001
0.15000000E+002 -.38815835E+005 0.77661670E+005 0.77756080E+005 0.77708417E+005 0.34447152E+005 0.32752000E+005 0.36354253E-010 0.13933860E+005 0.32752000E+005
0.10000000E+001
76
0.10872982E+001 0.10191965E+001 0.10162104E+001 0.10397938E+001 0.10717283E+001 -.10444198E+001 -.97350415E+000 -.95238080E+000 -.10312580E+001 -.10984980E+001
0.15224097E-002 -.17940581E+000 -.42496840E+000 0.16989054E+001 0.72612648E+000 0.82046478E+000 0.17953522E+000 0.45526846E+000 0.54473154E+000 0.50038060E+000
0.49961940E+000 0.63800561E+000 0.36199439E+000
0.42685786E-001 0.40329388E-001 0.39928919E-001 0.40177440E-001 0.41508120E-001 0.46529706E-001 0.45343099E-001 0.44871507E-001 0.48224655E-001 0.49808980E-001
0.55205016E-001 0.70933337E-001 0.85212603E-001 0.12552043E+000 0.10594897E+000 0.14248657E-001 0.14248657E-001 0.17591403E-001 0.17591403E-001 0.13801246E-001
0.13801246E-001 0.12930795E-001 0.12930795E-001
0.15000000E+002 -.38978701E+005 0.77987402E+005 0.78081813E+005 0.78034149E+005 0.34545842E+005 0.32752000E+005 0.28395064E-011 0.14221506E+005 0.32752000E+005
0.10000000E+001
77
0.10397282E+001 0.10062832E+001 0.11023446E+001 0.10995370E+001 0.10482241E+001 -.10713181E+001 -.10519130E+001 -.10775288E+001 -.10752018E+001 -.11057740E+001
-.17779639E-001 -.23599764E+000 -.63192510E+000 0.19075289E+001 0.92860364E+000 0.84177986E+000 0.15822014E+000 0.44127290E+000 0.55872710E+000 0.49555521E+000
0.50444479E+000 0.63974621E+000 0.36025379E+000
0.39046258E-001 0.39479953E-001 0.40321382E-001 0.40858797E-001 0.40099915E-001 0.44726926E-001 0.43572902E-001 0.44887931E-001 0.45111160E-001 0.45461887E-001
0.48314957E-001 0.66774068E-001 0.86064271E-001 0.12615663E+000 0.10642336E+000 0.13609890E-001 0.13609890E-001 0.16463222E-001 0.16463222E-001 0.12077785E-001
0.12077785E-001 0.12068695E-001 0.12068695E-001
0.15000000E+002 -.38703741E+005 0.77437482E+005 0.77531893E+005 0.77484230E+005 0.34053232E+005 0.32752000E+005 0.25706568E-006 0.13779552E+005 0.32752000E+005
0.10000000E+001
78
0.99745127E+000 0.11496335E+001 0.11173358E+001 0.11060997E+001 0.11083305E+001 -.92041518E+000 -.94461169E+000 -.10506360E+001 -.10185113E+001 -.99300664E+000
-.60897878E-001 -.39197468E+000 -.64348345E+000 0.20419579E+001 0.92450344E+000 0.83888879E+000 0.16111121E+000 0.40324203E+000 0.59675797E+000 0.48478023E+000
0.51521977E+000 0.61443496E+000 0.38556504E+000
0.38890987E-001 0.42397425E-001 0.42782073E-001 0.39710172E-001 0.43205222E-001 0.41544572E-001 0.42871886E-001 0.45388317E-001 0.46570100E-001 0.42600249E-001
0.51125137E-001 0.69592932E-001 0.86897642E-001 0.13073920E+000 0.10630123E+000 0.13809189E-001 0.13809189E-001 0.16746697E-001 0.16746697E-001 0.12769442E-001
0.12769442E-001 0.12302325E-001 0.12302325E-001
0.15000000E+002 -.38857699E+005 0.77745397E+005 0.77839808E+005 0.77792144E+005 0.33958919E+005 0.32752000E+005 0.15690626E-005 0.13929215E+005 0.32752000E+005
0.10000000E+001
79
0.10426052E+001 0.10426554E+001 0.10567541E+001 0.10500919E+001 0.99354091E+000 -.10305301E+001 -.10676251E+001 -.10501181E+001 -.10862277E+001 -.10701031E+001
0.13009091E-001 -.42412148E+000 -.41528612E+000 0.20469443E+001 0.73450347E+000 0.83518407E+000 0.16481593E+000 0.39553094E+000 0.60446906E+000 0.50325223E+000
0.49674777E+000 0.61678736E+000 0.38321264E+000
0.39173067E-001 0.39992833E-001 0.38911932E-001 0.40416241E-001 0.38830969E-001 0.44104519E-001 0.44970962E-001 0.45377145E-001 0.45555480E-001 0.46031702E-001
0.49454603E-001 0.70197955E-001 0.82656781E-001 0.12702735E+000 0.10356026E+000 0.13558238E-001 0.13558238E-001 0.16783363E-001 0.16783363E-001 0.12363128E-001
0.12363128E-001 0.12191036E-001 0.12191036E-001
0.15000000E+002 -.38869593E+005 0.77769187E+005 0.77863597E+005 0.77815934E+005 0.33933941E+005 0.32752000E+005 0.24823685E-005 0.13868316E+005 0.32752000E+005
0.10000000E+001
80
-.10336479E+001 -.10160959E+001 -.10404747E+001 -.97120366E+000 -.10595220E+001 0.10984476E+001 0.10499053E+001 0.11115249E+001 0.10988639E+001 0.11180885E+001
0.63596972E-002 -.15046517E+001 -.12112653E+000 0.18174422E+001 0.70349337E+000 0.57756623E+000 0.42243377E+000 0.18173276E+000 0.81826724E+000 0.50158992E+000
0.49841008E+000 0.38027884E+000 0.61972116E+000
0.43653071E-001 0.43638148E-001 0.44446511E-001 0.43429280E-001 0.43410790E-001 0.41826385E-001 0.40790032E-001 0.42350966E-001 0.40792771E-001 0.43862161E-001
0.50636817E-001 0.93239360E-001 0.59889705E-001 0.11979979E+000 0.10428074E+000 0.16496979E-001 0.16496979E-001 0.13865249E-001 0.13865249E-001 0.12659076E-001
0.12659076E-001 0.12247847E-001 0.12247847E-001
0.15000000E+002 -.38771381E+005 0.77572762E+005 0.77667173E+005 0.77619510E+005 0.33812581E+005 0.32752000E+005 0.20426411E-004 0.13761904E+005 0.32752000E+005
0.10000000E+001
81
-.11571923E+001 -.10299318E+001 -.10366700E+001 -.10670836E+001 -.10014353E+001 0.10996281E+001 0.10435183E+001 0.10546878E+001 0.11116955E+001 0.10197493E+001
-.28778328E-001 -.15204551E+001 -.30957025E+000 0.17776321E+001 0.81291159E+000 0.56394219E+000 0.43605781E+000 0.17939451E+000 0.82060549E+000 0.49280591E+000
0.50719409E+000 0.36890188E+000 0.63109812E+000
0.46921132E-001 0.44999445E-001 0.44527413E-001 0.47165924E-001 0.42791596E-001 0.41252026E-001 0.39289829E-001 0.38972413E-001 0.39718203E-001 0.39094428E-001
0.49919033E-001 0.94574330E-001 0.61228420E-001 0.12127267E+000 0.10425733E+000 0.16595412E-001 0.16595412E-001 0.13922487E-001 0.13922487E-001 0.12477175E-001
0.12477175E-001 0.12058275E-001 0.12058275E-001
0.15000000E+002 -.38776576E+005 0.77583152E+005 0.77677563E+005 0.77629900E+005 0.34578635E+005 0.32752000E+005 0.11822765E-011 0.13790143E+005 0.32752000E+005
0.10000000E+001
82
0.10169492E+001 0.10629759E+001 0.11241622E+001 0.10435786E+001 0.10991956E+001 -.10492728E+001 -.10057906E+001 -.95732214E+000 -.99795160E+000 -.10271799E+001
-.80606660E-001 -.46186804E+000 -.58823892E+000 0.20083265E+001 0.75702131E+000 0.82440164E+000 0.17559836E+000 0.38654277E+000 0.61345723E+000 0.47985924E+000
0.52014076E+000 0.59665339E+000 0.40334661E+000
0.42905982E-001 0.43718875E-001 0.43128181E-001 0.43191455E-001 0.43358459E-001 0.43806709E-001 0.44379407E-001 0.44503803E-001 0.42779406E-001 0.45873714E-001
0.50582028E-001 0.75621573E-001 0.84869396E-001 0.12780996E+000 0.10560320E+000 0.14565485E-001 0.14565485E-001 0.17931951E-001 0.17931951E-001 0.12624988E-001
0.12624988E-001 0.13962501E-001 0.13962501E-001
0.15000000E+002 -.38925352E+005 0.77880705E+005 0.77975115E+005 0.77927452E+005 0.34411860E+005 0.32752000E+005 0.87637897E-010 0.13959615E+005 0.32752000E+005
0.10000000E+001
83
0.10912857E+001 0.10807736E+001 0.10336660E+001 0.10123485E+001 0.10821526E+001 -.10743445E+001 -.10549906E+001 -.10193184E+001 -.10651164E+001 -.10546829E+001
-.53475447E-001 -.27460527E+000 -.41224407E+000 0.17047008E+001 0.65295106E+000 0.80691620E+000 0.19308380E+000 0.43177686E+000 0.56822314E+000 0.48663432E+000
0.51336568E+000 0.61433254E+000 0.38566746E+000
0.42625760E-001 0.42085474E-001 0.41949703E-001 0.40458287E-001 0.42244633E-001 0.46417759E-001 0.45629332E-001 0.45307713E-001 0.46957941E-001 0.45894048E-001
0.52212057E-001 0.71495142E-001 0.83085809E-001 0.12105677E+000 0.10322111E+000 0.14667764E-001 0.14667764E-001 0.17541019E-001 0.17541019E-001 0.13043687E-001
0.13043687E-001 0.13371366E-001 0.13371366E-001
0.15000000E+002 -.38849601E+005 0.77729203E+005 0.77823613E+005 0.77775950E+005 0.34835290E+005 0.32752000E+005 0.77715612E-015 0.13969167E+005 0.32752000E+005
0.10000000E+001
84
0.10667751E+001 0.10911175E+001 0.10599548E+001 0.11217320E+001 0.10902783E+001 -.10008712E+001 -.98757778E+000 -.10105418E+001 -.10055387E+001 -.97163202E+000
-.83776111E-001 -.24342395E+000 -.46146020E+000 0.17742852E+001 0.58721254E+000 0.82213229E+000 0.17786771E+000 0.43944275E+000 0.56055725E+000 0.47906821E+000
0.52093179E+000 0.62277714E+000 0.37722286E+000
0.42983575E-001 0.42589277E-001 0.43179333E-001 0.45733026E-001 0.45047314E-001 0.46194981E-001 0.47666183E-001 0.45867898E-001 0.45404034E-001 0.44640808E-001
0.55188712E-001 0.71415595E-001 0.87713774E-001 0.12702565E+000 0.10553245E+000 0.14667811E-001 0.14667811E-001 0.17592005E-001 0.17592005E-001 0.13772998E-001
0.13772998E-001 0.13596099E-001 0.13596099E-001
0.15000000E+002 -.38904716E+005 0.77839431E+005 0.77933842E+005 0.77886179E+005 0.34637405E+005 0.32752000E+005 0.23714364E-012 0.13983035E+005 0.32752000E+005
0.10000000E+001
85
0.10480983E+001 0.10345921E+001 0.10293579E+001 0.11229521E+001 0.10349985E+001 -.97878988E+000 -.10195006E+001 -.10423828E+001 -.10397735E+001 -.10237081E+001
0.42604443E-003 -.31806368E+000 -.46478014E+000 0.19445222E+001 0.70329893E+000 0.83568391E+000 0.16431609E+000 0.42114772E+000 0.57885228E+000 0.50010651E+000
0.49989349E+000 0.62845997E+000 0.37154003E+000
0.39526239E-001 0.40903154E-001 0.40354089E-001 0.40818781E-001 0.40512741E-001 0.43549799E-001 0.44224770E-001 0.43859780E-001 0.47466980E-001 0.43689557E-001
0.51283104E-001 0.68679554E-001 0.83512478E-001 0.12786266E+000 0.10508203E+000 0.13984845E-001 0.13984845E-001 0.16742861E-001 0.16742861E-001 0.12820775E-001
0.12820775E-001 0.12479694E-001 0.12479694E-001
0.15000000E+002 -.38937841E+005 0.77905681E+005 0.78000092E+005 0.77952429E+005 0.34091035E+005 0.32752000E+005 0.12032741E-006 0.13996632E+005 0.32752000E+005
0.10000000E+001
86
0.11960538E+001 0.11005506E+001 0.11173541E+001 0.11356400E+001 0.11225207E+001 -.99234928E+000 -.10262559E+001 -.97386610E+000 -.10329955E+001 -.96341567E+000
-.61844701E-001 -.39716901E+000 -.68675972E+000 0.19026989E+001 0.90731890E+000 0.81839780E+000 0.18160220E+000 0.40199271E+000 0.59800729E+000 0.48454375E+000
0.51545625E+000 0.60375919E+000 0.39624081E+000
0.43235418E-001 0.42431443E-001 0.43158660E-001 0.43451852E-001 0.42147575E-001 0.43168778E-001 0.43891992E-001 0.42521517E-001 0.43641075E-001 0.42154532E-001
0.51471363E-001 0.65481883E-001 0.82482280E-001 0.12162536E+000 0.10383193E+000 0.14411287E-001 0.14411287E-001 0.15741489E-001 0.15741489E-001 0.12855544E-001
0.12855544E-001 0.12304280E-001 0.12304280E-001
0.15000000E+002 -.38692180E+005 0.77414361E+005 0.77508772E+005 0.77461108E+005 0.34311309E+005 0.32752000E+005 0.98027009E-009 0.13830436E+005 0.32752000E+005
0.10000000E+001
87
0.11185418E+001 0.10642444E+001 0.10931429E+001 0.10500635E+001 0.10639351E+001 -.10077473E+001 -.10152113E+001 -.10221579E+001 -.10295529E+001 -.10257496E+001
-.49353909E-001 -.37999512E+000 -.54591778E+000 0.19154433E+001 0.80284584E+000 0.82280206E+000 0.17719794E+000 0.40612807E+000 0.59387193E+000 0.48766403E+000
0.51233597E+000 0.60932499E+000 0.39067501E+000
0.43249088E-001 0.42919278E-001 0.43166604E-001 0.42398294E-001 0.41768480E-001 0.45103707E-001 0.45138507E-001 0.45644811E-001 0.44532136E-001 0.45424989E-001
0.52155382E-001 0.69099366E-001 0.83633252E-001 0.12469871E+000 0.10457651E+000 0.14775636E-001 0.14775636E-001 0.16665942E-001 0.16665942E-001 0.13030909E-001
0.13030909E-001 0.13366845E-001 0.13366845E-001
0.15000000E+002 -.38849072E+005 0.77728144E+005 0.77822555E+005 0.77774891E+005 0.35070233E+005 0.32752000E+005 0.00000000E+000 0.13929734E+005 0.32752000E+005
0.10000000E+001
88
0.11005047E+001 0.10081500E+001 0.10925446E+001 0.95116418E+000 0.10133233E+001 -.11667068E+001 -.10682867E+001 -.10963778E+001 -.10806211E+001 -.10729946E+001
0.58424576E-001 -.25110280E+000 -.32569468E+000 0.16871043E+001 0.69610509E+000 0.80783469E+000 0.19216531E+000 0.43755208E+000 0.56244792E+000 0.51460199E+000
0.48539801E+000 0.62810025E+000 0.37189975E+000
0.41402115E-001 0.39156072E-001 0.40658893E-001 0.36403959E-001 0.38452836E-001 0.49879621E-001 0.45584816E-001 0.46754345E-001 0.46931081E-001 0.46180198E-001
0.50104184E-001 0.68576789E-001 0.80131049E-001 0.11693728E+000 0.10215298E+000 0.13746589E-001 0.13746589E-001 0.16876765E-001 0.16876765E-001 0.12515363E-001
0.12515363E-001 0.12010217E-001 0.12010217E-001
0.15000000E+002 -.38815785E+005 0.77661570E+005 0.77755980E+005 0.77708317E+005 0.34489718E+005 0.32752000E+005 0.12301160E-010 0.13924809E+005 0.32752000E+005
0.10000000E+001
89
0.11123330E+001 0.11528781E+001 0.11118243E+001 0.10984728E+001 0.11690606E+001 -.96976553E+000 -.10740866E+001 -.10180657E+001 -.97831479E+000 -.96227603E+000
-.68977792E-001 -.39263860E+000 -.51713218E+000 0.18869781E+001 0.76014790E+000 0.81672871E+000 0.18327129E+000 0.40308227E+000 0.59691773E+000 0.48276239E+000
0.51723761E+000 0.60277521E+000 0.39722479E+000
0.41578523E-001 0.43698252E-001 0.41507279E-001 0.42319936E-001 0.43427726E-001 0.43310641E-001 0.45245838E-001 0.44507734E-001 0.42259961E-001 0.43439237E-001
0.49991121E-001 0.68885855E-001 0.81132099E-001 0.12152693E+000 0.10210893E+000 0.13811629E-001 0.13811629E-001 0.16574416E-001 0.16574416E-001 0.12482926E-001
0.12482926E-001 0.12106864E-001 0.12106864E-001
0.15000000E+002 -.38712118E+005 0.77454235E+005 0.77548646E+005 0.77500983E+005 0.34562097E+005 0.32752000E+005 0.18424151E-011 0.13806893E+005 0.32752000E+005
0.10000000E+001
90
0.10240143E+001 0.11070971E+001 0.10720926E+001 0.10186318E+001 0.10458030E+001 -.10293009E+001 -.10798522E+001 -.10542055E+001 -.10127717E+001 -.97564046E+000
-.23018433E-001 -.51646003E+000 -.58304499E+000 0.20427068E+001 0.77218112E+000 0.82145651E+000 0.17854349E+000 0.37368037E+000 0.62631963E+000 0.49424565E+000
0.50575435E+000 0.59499178E+000 0.40500822E+000
0.41325479E-001 0.43277791E-001 0.41675466E-001 0.40640472E-001 0.41757457E-001 0.44813803E-001 0.45611693E-001 0.44564652E-001 0.44139422E-001 0.42830596E-001
0.50365123E-001 0.72924713E-001 0.81515816E-001 0.12579487E+000 0.10416730E+000 0.13987735E-001 0.13987735E-001 0.17067544E-001 0.17067544E-001 0.12589613E-001
0.12589613E-001 0.12695881E-001 0.12695881E-001
0.15000000E+002 -.38907529E+005 0.77845058E+005 0.77939468E+005 0.77891805E+005 0.34451011E+005 0.32752000E+005 0.32985614E-010 0.13999519E+005 0.32752000E+005
0.10000000E+001
91
0.11653648E+001 0.11016303E+001 0.11248006E+001 0.11489393E+001 0.10843866E+001 -.10123766E+001 -.10307817E+001 -.96883846E+000 -.10499451E+001 -.96869206E+000
-.46388883E-001 -.42127689E+000 -.45674968E+000 0.19558336E+001 0.75890151E+000 0.82267204E+000 0.17732796E+000 0.39621124E+000 0.60378876E+000 0.48840486E+000
0.51159514E+000 0.60449677E+000 0.39550323E+000
0.43070480E-001 0.42006299E-001 0.40734632E-001 0.42704419E-001 0.39981316E-001 0.44094022E-001 0.44896404E-001 0.43372404E-001 0.44955276E-001 0.42938677E-001
0.47780492E-001 0.70615666E-001 0.80997620E-001 0.12250294E+000 0.10218797E+000 0.13976329E-001 0.13976329E-001 0.16893237E-001 0.16893237E-001 0.11938699E-001
0.11938699E-001 0.12644385E-001 0.12644385E-001
0.15000000E+002 -.38698229E+005 0.77426457E+005 0.77520868E+005 0.77473205E+005 0.34324952E+005 0.32752000E+005 0.71209749E-009 0.13801479E+005 0.32752000E+005
0.10000000E+001
92
-.10481650E+001 -.10413588E+001 -.10162487E+001 -.10121946E+001 -.10061711E+001 0.11193486E+001 0.10888437E+001 0.10672200E+001 0.10863699E+001 0.10489308E+001
-.58212407E-001 -.15272432E+001 -.19613223E+000 0.18377605E+001 0.67508433E+000 0.57701152E+000 0.42298848E+000 0.17839740E+000 0.82160260E+000 0.48545101E+000
0.51454899E+000 0.37190503E+000 0.62809497E+000
0.44989136E-001 0.44106600E-001 0.43393691E-001 0.42436516E-001 0.42184137E-001 0.40452478E-001 0.40097425E-001 0.39417600E-001 0.39268018E-001 0.39584243E-001
0.49440765E-001 0.93428962E-001 0.59137889E-001 0.12324973E+000 0.10415342E+000 0.17169670E-001 0.17169670E-001 0.13694048E-001 0.13694048E-001 0.12349726E-001
0.12349726E-001 0.12037206E-001 0.12037206E-001
0.15000000E+002 -.38824218E+005 0.77678436E+005 0.77772847E+005 0.77725183E+005 0.33217313E+005 0.32752000E+005 0.34982780E-001 0.13807953E+005 0.32752000E+005
0.10000000E+001
93
0.10573715E+001 0.11038795E+001 0.11260087E+001 0.10842717E+001 0.10857194E+001 -.96580907E+000 -.98277696E+000 -.10092987E+001 -.10398880E+001 -.10099241E+001
-.99898320E-001 -.35037093E+000 -.52574292E+000 0.18434490E+001 0.80480529E+000 0.81653982E+000 0.18346018E+000 0.41329247E+000 0.58670753E+000 0.47504617E+000
0.52495383E+000 0.60485358E+000 0.39514642E+000
0.41983311E-001 0.44589162E-001 0.43258789E-001 0.42497041E-001 0.42379792E-001 0.44183207E-001 0.42617107E-001 0.45023174E-001 0.45000578E-001 0.45122483E-001
0.52412214E-001 0.68976828E-001 0.81784147E-001 0.12519869E+000 0.10494580E+000 0.15081895E-001 0.15081895E-001 0.16725626E-001 0.16725626E-001 0.13070417E-001
0.13070417E-001 0.13306454E-001 0.13306454E-001
0.15000000E+002 -.38874059E+005 0.77778117E+005 0.77872528E+005 0.77824865E+005 0.35059954E+005 0.32752000E+005 0.00000000E+000 0.13931664E+005 0.32752000E+005
0.10000000E+001
94
0.10872909E+001 0.11074222E+001 0.11111333E+001 0.10820075E+001 0.10840569E+001 -.98006040E+000 -.10336223E+001 -.10018904E+001 -.99653627E+000 -.98811239E+000
-.15018547E+000 -.34050507E+000 -.66155833E+000 0.20020796E+001 0.96034840E+000 0.84044926E+000 0.15955074E+000 0.41568679E+000 0.58431321E+000 0.46252405E+000
0.53747595E+000 0.61214965E+000 0.38785035E+000
0.41880787E-001 0.44508063E-001 0.42991155E-001 0.41831126E-001 0.42666016E-001 0.44206030E-001 0.43925141E-001 0.44490226E-001 0.44591128E-001 0.44311300E-001
0.51845873E-001 0.66214794E-001 0.82588322E-001 0.13124841E+000 0.10636205E+000 0.14421944E-001 0.14421944E-001 0.16082996E-001 0.16082996E-001 0.12888653E-001
0.12888653E-001 0.12618688E-001 0.12618688E-001
0.15000000E+002 -.38813372E+005 0.77656745E+005 0.77751155E+005 0.77703492E+005 0.34543789E+005 0.32752000E+005 0.29981573E-011 0.13941308E+005 0.32752000E+005
0.10000000E+001
95
-.10742347E+001 -.11952373E+001 -.10595648E+001 -.11166898E+001 -.10335598E+001 0.10521284E+001 0.10815406E+001 0.10624072E+001 0.10610337E+001 0.98499218E+000
-.89527610E-001 -.17030773E+001 -.38776907E+000 0.20416778E+001 0.10034839E+001 0.58385053E+000 0.41614947E+000 0.15406378E+000 0.84593622E+000 0.47763304E+000
0.52236696E+000 0.35934413E+000 0.64065587E+000
0.45674219E-001 0.48118868E-001 0.46032315E-001 0.47236591E-001 0.44864562E-001 0.39491242E-001 0.40626727E-001 0.39708746E-001 0.38749047E-001 0.36849517E-001
0.49252855E-001 0.99622414E-001 0.61393812E-001 0.12522720E+000 0.10558298E+000 0.16610271E-001 0.16610271E-001 0.12983603E-001 0.12983603E-001 0.12288573E-001
0.12288573E-001 0.12005745E-001 0.12005745E-001
0.15000000E+002 -.38652001E+005 0.77334003E+005 0.77428414E+005 0.77380750E+005 0.34070239E+005 0.32752000E+005 0.18313742E-006 0.13744806E+005 0.32752000E+005
0.10000000E+001
96
-.10039286E+001 -.97885765E+000 -.10898172E+001 -.10569192E+001 -.10429317E+001 0.10608674E+001 0.10703060E+001 0.10978544E+001 0.10518117E+001 0.10786844E+001
-.16873200E-001 -.15091136E+001 -.29605821E+000 0.17880109E+001 0.94812648E+000 0.56927587E+000 0.43072413E+000 0.18107020E+000 0.81892980E+000 0.49578180E+000
0.50421820E+000 0.37353550E+000 0.62646450E+000
0.46934669E-001 0.45499320E-001 0.46139343E-001 0.46410422E-001 0.44008726E-001 0.39658188E-001 0.40506748E-001 0.42343163E-001 0.40307340E-001 0.42209813E-001
0.51212576E-001 0.92795278E-001 0.62205947E-001 0.12042224E+000 0.10607197E+000 0.17183266E-001 0.17183266E-001 0.13760035E-001 0.13760035E-001 0.12802233E-001
0.12802233E-001 0.12564434E-001 0.12564434E-001
0.15000000E+002 -.38808027E+005 0.77646055E+005 0.77740466E+005 0.77692802E+005 0.33839563E+005 0.32752000E+005 0.13008967E-004 0.13917550E+005 0.32752000E+005
0.10000000E+001
97
0.11194944E+001 0.10279407E+001 0.10888087E+001 0.10940018E+001 0.11178938E+001 -.10475352E+001 -.96798177E+000 -.10204003E+001 -.10537084E+001 -.10228295E+001
-.69746038E-001 -.30151463E+000 -.53392848E+000 0.18901234E+001 0.78617006E+000 0.83042027E+000 0.16957973E+000 0.42518726E+000 0.57481274E+000 0.48257056E+000
0.51742944E+000 0.62074078E+000 0.37925922E+000
0.42053789E-001 0.39110590E-001 0.41468868E-001 0.41070377E-001 0.40630153E-001 0.43680871E-001 0.42911527E-001 0.42680372E-001 0.44655674E-001 0.44872876E-001
0.51622168E-001 0.66582214E-001 0.79636940E-001 0.12737247E+000 0.10299800E+000 0.14199093E-001 0.14199093E-001 0.16272896E-001 0.16272896E-001 0.12889860E-001
0.12889860E-001 0.12133751E-001 0.12133751E-001
0.15000000E+002 -.38797084E+005 0.77624168E+005 0.77718579E+005 0.77670915E+005 0.34169091E+005 0.32752000E+005 0.23598126E-007 0.13910613E+005 0.32752000E+005
0.10000000E+001
98
0.10991704E+001 0.11811240E+001 0.11020209E+001 0.10386446E+001 0.11411701E+001 -.10602001E+001 -.10165761E+001 -.10148950E+001 -.10083299E+001 -.10836980E+001
-.43412562E-001 -.42372401E+000 -.56916613E+000 0.19371722E+001 0.87276358E+000 0.81957166E+000 0.18042834E+000 0.39562597E+000 0.60437403E+000 0.48914856E+000
0.51085144E+000 0.60299840E+000 0.39700160E+000
0.41614878E-001 0.43288127E-001 0.40541994E-001 0.40985026E-001 0.43874119E-001 0.45070290E-001 0.43635349E-001 0.44231243E-001 0.42965434E-001 0.45534529E-001
0.51129174E-001 0.69218183E-001 0.78937366E-001 0.12196082E+000 0.10115888E+000 0.13936418E-001 0.13936418E-001 0.16550487E-001 0.16550487E-001 0.12776273E-001
0.12776273E-001 0.12523134E-001 0.12523134E-001
0.15000000E+002 -.38643450E+005 0.77316900E+005 0.77411310E+005 0.77363647E+005 0.35214792E+005 0.32752000E+005 0.00000000E+000 0.13830997E+005 0.32752000E+005
0.10000000E+001
99
0.10600428E+001 0.11365943E+001 0.12178475E+001 0.11465492E+001 0.11333160E+001 -.96823066E+000 -.96845277E+000 -.99448507E+000 -.97597759E+000 -.92483430E+000
-.10617736E+000 -.49854717E+000 -.73417536E+000 0.20589486E+001 0.80621904E+000 0.82641094E+000 0.17358906E+000 0.37788215E+000 0.62211785E+000 0.47348057E+000
0.52651943E+000 0.59025182E+000 0.40974818E+000
0.42045746E-001 0.45454580E-001 0.45785184E-001 0.45430190E-001 0.43182256E-001 0.42144772E-001 0.41588918E-001 0.43395100E-001 0.42763200E-001 0.41873181E-001
0.52183399E-001 0.70670348E-001 0.82265895E-001 0.12764364E+000 0.10456209E+000 0.14469057E-001 0.14469057E-001 0.16613696E-001 0.16613696E-001 0.13009150E-001
0.13009150E-001 0.13156742E-001 0.13156742E-001
0.15000000E+002 -.38792196E+005 0.77614392E+005 0.77708803E+005 0.77661140E+005 0.34216165E+005 0.32752000E+005 0.84879680E-008 0.13970001E+005 0.32752000E+005
0.10000000E+001
100
0.10361966E+001 0.10596786E+001 0.10540262E+001 0.10533218E+001 0.10557390E+001 -.10216801E+001 -.10373958E+001 -.10971093E+001 -.10156615E+001 -.10584742E+001
0.31029514E-001 -.30572425E+000 -.39773658E+000 0.19422343E+001 0.60874602E+000 0.83705951E+000 0.16294049E+000 0.42415874E+000 0.57584126E+000 0.50775676E+000
0.49224324E+000 0.63381190E+000 0.36618810E+000
0.38926814E-001 0.40467318E-001 0.41124375E-001 0.39260399E-001 0.40969779E-001 0.45771976E-001 0.45663112E-001 0.46126755E-001 0.45534233E-001 0.45800821E-001
0.51503047E-001 0.70261206E-001 0.82788556E-001 0.12762410E+000 0.10311926E+000 0.13456874E-001 0.13456874E-001 0.17161166E-001 0.17161166E-001 0.12872663E-001
0.12872663E-001 0.12275578E-001 0.12275578E-001
0.15000000E+002 -.38860546E+005 0.77751093E+005 0.77845503E+005 0.77797840E+005 0.34235450E+005 0.32752000E+005 0.55348319E-008 0.14049335E+005 0.32752000E+005
0.10000000E+001
101
-.11025512E+001 -.11463185E+001 -.98257966E+000 -.10497709E+001 -.10456572E+001 0.10855098E+001 0.10126907E+001 0.98956538E+000 0.10196992E+001 0.10101559E+001
-.48241407E-001 -.15553492E+001 -.32116916E+000 0.18590913E+001 0.81874782E+000 0.57535706E+000 0.42464294E+000 0.17431502E+000 0.82568498E+000 0.48794199E+000
0.51205801E+000 0.37000027E+000 0.62999973E+000
0.46465755E-001 0.48574176E-001 0.44132643E-001 0.47118166E-001 0.46109983E-001 0.42244093E-001 0.39110492E-001 0.39183598E-001 0.39239974E-001 0.39753427E-001
0.51117609E-001 0.95788426E-001 0.61579649E-001 0.12464270E+000 0.10632732E+000 0.18065300E-001 0.18065300E-001 0.13786761E-001 0.13786761E-001 0.12771970E-001
0.12771970E-001 0.13110338E-001 0.13110338E-001
0.15000000E+002 -.38914531E+005 0.77859061E+005 0.77953472E+005 0.77905809E+005 0.33881895E+005 0.32752000E+005 0.62821842E-005 0.13963130E+005 0.32752000E+005
0.10000000E+001
102
0.10802102E+001 0.10724196E+001 0.10745048E+001 0.10314124E+001 0.10630638E+001 -.11237048E+001 -.10168508E+001 -.10073327E+001 -.10544122E+001 -.10746765E+001
-.36436811E-001 -.40523144E+000 -.51148630E+000 0.20527673E+001 0.73435932E+000 0.83855773E+000 0.16144227E+000 0.40005608E+000 0.59994392E+000 0.49089180E+000
0.50910820E+000 0.61531295E+000 0.38468705E+000
0.41803441E-001 0.41875652E-001 0.40078642E-001 0.39790159E-001 0.39996051E-001 0.46238394E-001 0.42229429E-001 0.43532059E-001 0.44520583E-001 0.45150004E-001
0.49526122E-001 0.69550530E-001 0.81312824E-001 0.12748419E+000 0.10243134E+000 0.13545393E-001 0.13545393E-001 0.16692907E-001 0.16692907E-001 0.12377422E-001
0.12377422E-001 0.12285140E-001 0.12285140E-001
0.15000000E+002 -.38767325E+005 0.77564650E+005 0.77659061E+005 0.77611398E+005 0.34508164E+005 0.32752000E+005 0.76334494E-011 0.13811208E+005 0.32752000E+005
0.10000000E+001
103
0.10814637E+001 0.10062851E+001 0.10654460E+001 0.10203011E+001 0.10610631E+001 -.10421860E+001 -.10067565E+001 -.10381708E+001 -.10744815E+001 -.11052572E+001
0.12293812E-001 -.22212500E+000 -.55831503E+000 0.18516073E+001 0.94643738E+000 0.83609870E+000 0.16390130E+000 0.44469595E+000 0.55530405E+000 0.50307341E+000
0.49692659E+000 0.64160027E+000 0.35839973E+000
0.40862336E-001 0.39418708E-001 0.40275823E-001 0.39562393E-001 0.40175637E-001 0.46871290E-001 0.45318183E-001 0.46268457E-001 0.47042334E-001 0.49092082E-001
0.51135099E-001 0.68807314E-001 0.84956354E-001 0.12483383E+000 0.10727101E+000 0.13635057E-001 0.13635057E-001 0.16991379E-001 0.16991379E-001 0.12783292E-001
0.12783292E-001 0.12499337E-001 0.12499337E-001
0.15000000E+002 -.38824970E+005 0.77679940E+005 0.77774350E+005 0.77726687E+005 0.34347257E+005 0.32752000E+005 0.42000925E-009 0.13882625E+005 0.32752000E+005
0.10000000E+001
104
0.11762431E+001 0.11173687E+001 0.11361208E+001 0.11541227E+001 0.11133190E+001 -.10205745E+001 -.98647885E+000 -.10088218E+001 -.10039358E+001 -.98154096E+000
-.11161050E+000 -.32744588E+000 -.46706087E+000 0.18212706E+001 0.57806432E+000 0.81665165E+000 0.18334835E+000 0.41886221E+000 0.58113779E+000 0.47212630E+000
0.52787370E+000 0.60666907E+000 0.39333093E+000
0.42874068E-001 0.40692457E-001 0.42908139E-001 0.42993432E-001 0.41775672E-001 0.42965573E-001 0.42805987E-001 0.42082752E-001 0.41932399E-001 0.42323263E-001
0.48835095E-001 0.68907270E-001 0.80945035E-001 0.12070107E+000 0.10141085E+000 0.14283217E-001 0.14283217E-001 0.16773177E-001 0.16773177E-001 0.12170832E-001
0.12170832E-001 0.12759555E-001 0.12759555E-001
0.15000000E+002 -.38718104E+005 0.77466208E+005 0.77560619E+005 0.77512956E+005 0.34743806E+005 0.32752000E+005 0.11546319E-013 0.13734201E+005 0.32752000E+005
0.10000000E+001
105
0.10888597E+001 0.11369872E+001 0.10670090E+001 0.11414249E+001 0.10590799E+001 -.96607213E+000 -.10750434E+001 -.95470439E+000 -.98845076E+000 -.10550283E+001
-.67927438E-001 -.51568979E+000 -.53401266E+000 0.21143203E+001 0.84310920E+000 0.83182690E+000 0.16817310E+000 0.37386066E+000 0.62613934E+000 0.48302467E+000
0.51697533E+000 0.59506965E+000 0.40493035E+000
0.41335767E-001 0.44327575E-001 0.42632738E-001 0.40722044E-001 0.43012318E-001 0.43299510E-001 0.45149400E-001 0.42381250E-001 0.46170572E-001 0.43483653E-001
0.50209703E-001 0.70811960E-001 0.78697606E-001 0.12962120E+000 0.10288167E+000 0.14294125E-001 0.14294125E-001 0.16576291E-001 0.16576291E-001 0.12537957E-001
0.12537957E-001 0.12792712E-001 0.12792712E-001
0.15000000E+002 -.38781180E+005 0.77592360E+005 0.77686771E+005 0.77639107E+005 0.34190334E+005 0.32752000E+005 0.14931424E-007 0.13829435E+005 0.32752000E+005
0.10000000E+001
106
0.10871617E+001 0.10754111E+001 0.10327557E+001 0.10740446E+001 0.10571954E+001 -.10542066E+001 -.10916357E+001 -.10286240E+001 -.10366551E+001 -.10342823E+001
-.85803634E-001 -.28788877E+000 -.58633578E+000 0.21430647E+001 0.82094230E+000 0.86473368E+000 0.13526632E+000 0.42852081E+000 0.57147919E+000 0.47856224E+000
0.52143776E+000 0.63727582E+000 0.36272418E+000
0.40993292E-001 0.40434264E-001 0.38369540E-001 0.39056904E-001 0.38579387E-001 0.43183290E-001 0.44295856E-001 0.43510679E-001 0.45005991E-001 0.43453418E-001
0.49162626E-001 0.68523329E-001 0.84282107E-001 0.13901865E+000 0.10524889E+000 0.13162242E-001 0.13162242E-001 0.16780728E-001 0.16780728E-001 0.12268063E-001
0.12268063E-001 0.12045526E-001 0.12045526E-001
0.15000000E+002 -.38754130E+005 0.77538259E+005 0.77632670E+005 0.77585007E+005 0.33682884E+005 0.32752000E+005 0.15556428E-003 0.13703329E+005 0.32752000E+005
0.10000000E+001
107
0.11078184E+001 0.11196305E+001 0.10843680E+001 0.10959510E+001 0.11207266E+001 -.10022595E+001 -.10196082E+001 -.10405964E+001 -.93243228E+000 -.10189672E+001
-.68909989E-001 -.32899433E+000 -.45540906E+000 0.18964441E+001 0.72589856E+000 0.82741975E+000 0.17258025E+000 0.41848534E+000 0.58151466E+000 0.48277932E+000
0.51722068E+000 0.61591041E+000 0.38408959E+000
0.41851102E-001 0.41830745E-001 0.42666141E-001 0.40894707E-001 0.44368429E-001 0.44828465E-001 0.46006831E-001 0.43994011E-001 0.42926192E-001 0.45034193E-001
0.52705003E-001 0.66931473E-001 0.80561190E-001 0.12571212E+000 0.10272010E+000 0.14353058E-001 0.14353058E-001 0.16288133E-001 0.16288133E-001 0.13160621E-001
0.13160621E-001 0.12604044E-001 0.12604044E-001
0.15000000E+002 -.38788093E+005 0.77606186E+005 0.77700596E+005 0.77652933E+005 0.34525155E+005 0.32752000E+005 0.48986371E-011 0.13868839E+005 0.32752000E+005
0.10000000E+001
108
0.10643872E+001 0.10878850E+001 0.10470490E+001 0.10806071E+001 0.97972645E+000 -.11254329E+001 -.11079300E+001 -.10503816E+001 -.10430495E+001 -.10667572E+001
0.43435381E-001 -.27623215E+000 -.32870964E+000 0.18858158E+001 0.57405206E+000 0.83335357E+000 0.16664643E+000 0.43137776E+000 0.56862224E+000 0.51085714E+000
0.48914286E+000 0.63672997E+000 0.36327003E+000
0.39715279E-001 0.41441510E-001 0.39559585E-001 0.40432728E-001 0.38947377E-001 0.49199656E-001 0.47720549E-001 0.46456441E-001 0.46799902E-001 0.45606318E-001
0.49834632E-001 0.69285880E-001 0.80523234E-001 0.12296438E+000 0.10258043E+000 0.13377823E-001 0.13377823E-001 0.16995202E-001 0.16995202E-001 0.12452784E-001
0.12452784E-001 0.12286110E-001 0.12286110E-001
0.15000000E+002 -.38755881E+005 0.77541761E+005 0.77636172E+005 0.77588509E+005 0.34478760E+005 0.32752000E+005 0.16297297E-010 0.13839725E+005 0.32752000E+005
0.10000000E+001
109
0.10575448E+001 0.11134342E+001 0.11337931E+001 0.11176532E+001 0.11019815E+001 -.97974852E+000 -.99154139E+000 -.10192087E+001 -.95411753E+000 -.98169482E+000
-.82120359E-001 -.39989255E+000 -.48915488E+000 0.18161875E+001 0.67186657E+000 0.80475693E+000 0.19524307E+000 0.40133816E+000 0.59866184E+000 0.47948144E+000
0.52051856E+000 0.59476997E+000 0.40523003E+000
0.41895567E-001 0.42099535E-001 0.43582419E-001 0.43084706E-001 0.41932790E-001 0.43242998E-001 0.44832222E-001 0.44869975E-001 0.41883595E-001 0.43894952E-001
0.51460107E-001 0.71165664E-001 0.81643038E-001 0.12123635E+000 0.10368330E+000 0.14329267E-001 0.14329267E-001 0.17098678E-001 0.17098678E-001 0.12843362E-001
0.12843362E-001 0.12750287E-001 0.12750287E-001
0.15000000E+002 -.38901247E+005 0.77832493E+005 0.77926904E+005 0.77879241E+005 0.33836467E+005 0.32752000E+005 0.13707026E-004 0.13979337E+005 0.32752000E+005
0.10000000E+001
110
0.10999048E+001 0.10801648E+001 0.11608790E+001 0.10180253E+001 0.10768575E+001 -.10465717E+001 -.10059906E+001 -.10369959E+001 -.98504382E+000 -.10283824E+001
-.82693545E-001 -.44768151E+000 -.51679919E+000 0.19042290E+001 0.82246403E+000 0.81100405E+000 0.18899595E+000 0.38991215E+000 0.61008785E+000 0.47933839E+000
0.52066161E+000 0.59175766E+000 0.40824234E+000
0.44296746E-001 0.42402224E-001 0.45240797E-001 0.40544102E-001 0.42953996E-001 0.45357291E-001 0.43706240E-001 0.45256071E-001 0.45028995E-001 0.45485616E-001
0.52121521E-001 0.68950235E-001 0.83349009E-001 0.12219023E+000 0.10357884E+000 0.14794254E-001 0.14794254E-001 0.16401928E-001 0.16401928E-001 0.13008129E-001
0.13008129E-001 0.13066229E-001 0.13066229E-001
0.15000000E+002 -.38823781E+005 0.77677562E+005 0.77771972E+005 0.77724309E+005 0.34757371E+005 0.32752000E+005 0.77715612E-014 0.13925958E+005 0.32752000E+005
0.10000000E+001
111
-.10664005E+001 -.96241847E+000 -.98532769E+000 -.10902347E+001 -.99587364E+000 0.11406207E+001 0.10439803E+001 0.10330577E+001 0.11163236E+001 0.10808597E+001
0.71002910E-001 -.14606933E+001 -.29096841E+000 0.16574772E+001 0.83494793E+000 0.54903784E+000 0.45096216E+000 0.18836131E+000 0.81163869E+000 0.51774327E+000
0.48225673E+000 0.37509916E+000 0.62490084E+000
0.46351731E-001 0.43683467E-001 0.43477084E-001 0.49205398E-001 0.44309499E-001 0.44147116E-001 0.40645560E-001 0.40587450E-001 0.42371415E-001 0.41863720E-001
0.52841907E-001 0.94446811E-001 0.62865991E-001 0.12038761E+000 0.10592901E+000 0.16379688E-001 0.16379688E-001 0.14439154E-001 0.14439154E-001 0.13193841E-001
0.13193841E-001 0.12317376E-001 0.12317376E-001
0.15000000E+002 -.38839461E+005 0.77708923E+005 0.77803333E+005 0.77755670E+005 0.34157983E+005 0.32752000E+005 0.29906060E-007 0.13863600E+005 0.32752000E+005
0.10000000E+001
112
0.10662107E+001 0.10896243E+001 0.11431278E+001 0.10988770E+001 0.10207781E+001 -.97939837E+000 -.10380005E+001 -.10128113E+001 -.98701506E+000 -.99749344E+000
-.69480310E-001 -.25803111E+000 -.44753462E+000 0.17748065E+001 0.67912668E+000 0.82006315E+000 0.17993685E+000 0.43584777E+000 0.56415223E+000 0.48263691E+000
0.51736309E+000 0.62128429E+000 0.37871571E+000
0.41652973E-001 0.41839358E-001 0.43757463E-001 0.41228888E-001 0.39067193E-001 0.42643931E-001 0.45776152E-001 0.44356756E-001 0.44388200E-001 0.44881707E-001
0.53702038E-001 0.71062452E-001 0.80978524E-001 0.12698570E+000 0.10384072E+000 0.14505164E-001 0.14505164E-001 0.17473155E-001 0.17473155E-001 0.13409319E-001
0.13409319E-001 0.13056005E-001 0.13056005E-001
0.15000000E+002 -.38905588E+005 0.77841175E+005 0.77935586E+005 0.77887923E+005 0.34811647E+005 0.32752000E+005 0.15543122E-014 0.14052471E+005 0.32752000E+005
0.10000000E+001
113
0.10495939E+001 0.11138548E+001 0.10290542E+001 0.10403539E+001 0.99412523E+000 -.10290395E+001 -.10873504E+001 -.10119940E+001 -.10407009E+001 -.10074810E+001
-.26417458E-001 -.38350096E+000 -.46379768E+000 0.19680249E+001 0.74662077E+000 0.82984427E+000 0.17015573E+000 0.40528279E+000 0.59471721E+000 0.49339602E+000
0.50660398E+000 0.61475973E+000 0.38524027E+000
0.40189324E-001 0.42096311E-001 0.39631277E-001 0.41937894E-001 0.40341157E-001 0.45731856E-001 0.46959220E-001 0.44002202E-001 0.44626747E-001 0.43199894E-001
0.51063049E-001 0.70064283E-001 0.81840740E-001 0.12714137E+000 0.10443383E+000 0.14104436E-001 0.14104436E-001 0.16887500E-001 0.16887500E-001 0.12763535E-001
0.12763535E-001 0.12662275E-001 0.12662275E-001
0.15000000E+002 -.38929285E+005 0.77888569E+005 0.77982980E+005 0.77935317E+005 0.34465030E+005 0.32752000E+005 0.23130498E-010 0.13958002E+005 0.32752000E+005
0.10000000E+001
114
-.98978026E+000 -.10211339E+001 -.10094401E+001 -.10389014E+001 -.97669902E+000 0.10959637E+001 0.11776942E+001 0.10568298E+001 0.10752013E+001 0.10680299E+001
0.54120246E-001 -.15114178E+001 -.23322711E+000 0.18125167E+001 0.74763681E+000 0.57471112E+000 0.42528888E+000 0.18072877E+000 0.81927123E+000 0.51352676E+000
0.48647324E+000 0.38304925E+000 0.61695075E+000
0.43620416E-001 0.45222002E-001 0.44249443E-001 0.45134676E-001 0.44106614E-001 0.42859772E-001 0.44210039E-001 0.41671593E-001 0.41217146E-001 0.41774223E-001
0.51466235E-001 0.98050439E-001 0.60945207E-001 0.12461193E+000 0.10409819E+000 0.16936846E-001 0.16936846E-001 0.14517925E-001 0.14517925E-001 0.12857142E-001
0.12857142E-001 0.12804631E-001 0.12804631E-001
0.15000000E+002 -.38829283E+005 0.77688566E+005 0.77782976E+005 0.77735313E+005 0.34207769E+005 0.32752000E+005 0.10208712E-007 0.13977406E+005 0.32752000E+005
0.10000000E+001
115
0.11888409E+001 0.10623870E+001 0.11433236E+001 0.10879422E+001 0.11580320E+001 -.10441151E+001 -.92948519E+000 -.98058354E+000 -.91104571E+000 -.93214516E+000
-.73820680E-001 -.29888816E+000 -.63809895E+000 0.19104614E+001 0.89549529E+000 0.83362969E+000 0.16637031E+000 0.42582930E+000 0.57417070E+000 0.48155321E+000
0.51844679E+000 0.62220689E+000 0.37779311E+000
0.43690489E-001 0.40600992E-001 0.42736522E-001 0.41439929E-001 0.42651355E-001 0.46361659E-001 0.42977771E-001 0.44378188E-001 0.43325641E-001 0.42419981E-001
0.53081210E-001 0.69519153E-001 0.85909685E-001 0.12869609E+000 0.10654550E+000 0.13952735E-001 0.13952735E-001 0.16997343E-001 0.16997343E-001 0.13252240E-001
0.13252240E-001 0.12622011E-001 0.12622011E-001
0.15000000E+002 -.38810506E+005 0.77651011E+005 0.77745422E+005 0.77697758E+005 0.34153277E+005 0.32752000E+005 0.33046390E-007 0.13893940E+005 0.32752000E+005
0.10000000E+001
116
0.11037478E+001 0.10994251E+001 0.10982446E+001 0.10749145E+001 0.11254764E+001 -.10296564E+001 -.10050101E+001 -.98219358E+000 -.10128208E+001 -.10157065E+001
-.92768127E-001 -.39978990E+000 -.49622716E+000 0.22212346E+001 0.73746178E+000 0.86073939E+000 0.13926061E+000 0.40136282E+000 0.59863718E+000 0.47682459E+000
0.52317541E+000 0.62040486E+000 0.37959514E+000
0.42627179E-001 0.41589282E-001 0.42097246E-001 0.43289647E-001 0.41553579E-001 0.45397583E-001 0.44463304E-001 0.44839929E-001 0.43487211E-001 0.46213525E-001
0.51373206E-001 0.71348572E-001 0.82193524E-001 0.13885067E+000 0.10348471E+000 0.13421899E-001 0.13421899E-001 0.17142972E-001 0.17142972E-001 0.12815709E-001
0.12815709E-001 0.12917735E-001 0.12917735E-001
0.15000000E+002 -.38731562E+005 0.77493123E+005 0.77587534E+005 0.77539871E+005 0.34678387E+005 0.32752000E+005 0.75273121E-013 0.13884870E+005 0.32752000E+005
0.10000000E+001
117
0.10931786E+001 0.10823201E+001 0.10678261E+001 0.11030371E+001 0.10459937E+001 -.95472414E+000 -.10328269E+001 -.95494587E+000 -.10418931E+001 -.93534548E+000
-.11396660E+000 -.38581018E+000 -.73197910E+000 0.20233065E+001 0.98665591E+000 0.83719397E+000 0.16280603E+000 0.40472632E+000 0.59527368E+000 0.47153915E+000
0.52846085E+000 0.60865175E+000 0.39134825E+000
0.43388191E-001 0.43188977E-001 0.41623123E-001 0.43080115E-001 0.41161830E-001 0.42232716E-001 0.44153667E-001 0.42894927E-001 0.45373046E-001 0.41555284E-001
0.51990841E-001 0.69479038E-001 0.87147813E-001 0.13300234E+000 0.10893405E+000 0.14674826E-001 0.14674826E-001 0.16739093E-001 0.16739093E-001 0.12955597E-001
0.12955597E-001 0.13031735E-001 0.13031735E-001
0.15000000E+002 -.38945555E+005 0.77921111E+005 0.78015522E+005 0.77967858E+005 0.34036359E+005 0.32752000E+005 0.35848027E-006 0.14031256E+005 0.32752000E+005
0.10000000E+001
118
0.11381813E+001 0.11550190E+001 0.11560808E+001 0.11581223E+001 0.10361739E+001 -.10152997E+001 -.10261304E+001 -.10153121E+001 -.10220997E+001 -.98030869E+000
-.20150526E-001 -.34012988E+000 -.60161425E+000 0.20583578E+001 0.81768513E+000 0.84790044E+000 0.15209956E+000 0.41577793E+000 0.58422207E+000 0.49496254E+000
0.50503746E+000 0.62966238E+000 0.37033762E+000
0.40729329E-001 0.41755736E-001 0.40823330E-001 0.42323181E-001 0.38794651E-001 0.43304321E-001 0.43736352E-001 0.43790587E-001 0.43073189E-001 0.42310289E-001
0.49369503E-001 0.66735481E-001 0.84705842E-001 0.13063031E+000 0.10495078E+000 0.13530606E-001 0.13530606E-001 0.16210492E-001 0.16210492E-001 0.12341123E-001
0.12341123E-001 0.11865172E-001 0.11865172E-001
0.15000000E+002 -.38610113E+005 0.77250226E+005 0.77344637E+005 0.77296974E+005 0.33661299E+005 0.32752000E+005 0.21329896E-003 0.13673426E+005 0.32752000E+005
0.10000000E+001
119
-.10905319E+001 -.10438446E+001 -.11046430E+001 -.98621268E+000 -.10559543E+001 0.11179741E+001 0.10384606E+001 0.10978651E+001 0.10389263E+001 0.11033485E+001
0.22274738E-001 -.18138985E+001 -.24996490E+000 0.21560295E+001 0.62092860E+000 0.58470807E+000 0.41529193E+000 0.14016762E+000 0.85983238E+000 0.50556845E+000
0.49443155E+000 0.36491325E+000 0.63508675E+000
0.46183459E-001 0.43314655E-001 0.45681443E-001 0.42578965E-001 0.46495661E-001 0.40873871E-001 0.38727777E-001 0.40934308E-001 0.39387694E-001 0.39462092E-001
0.50325289E-001 0.10961826E+000 0.60606187E-001 0.13427266E+000 0.10110929E+000 0.15979372E-001 0.15979372E-001 0.13211264E-001 0.13211264E-001 0.12579762E-001
0.12579762E-001 0.11820882E-001 0.11820882E-001
0.15000000E+002 -.38674652E+005 0.77379305E+005 0.77473716E+005 0.77426052E+005 0.34128842E+005 0.32752000E+005 0.55231812E-007 0.13624668E+005 0.32752000E+005
0.10000000E+001
120
0.10789571E+001 0.10835556E+001 0.10416409E+001 0.10451952E+001 0.10643659E+001 -.10948919E+001 -.11259145E+001 -.10087612E+001 -.98324010E+000 -.10754644E+001
0.42365383E-002 -.29309702E+000 -.58566556E+000 0.20074840E+001 0.85960542E+000 0.84740443E+000 0.15259557E+000 0.42724583E+000 0.57275417E+000 0.50105913E+000
0.49894087E+000 0.63777013E+000 0.36222987E+000
0.42036042E-001 0.41255128E-001 0.39446641E-001 0.39537736E-001 0.40257439E-001 0.45425403E-001 0.47026161E-001 0.43818692E-001 0.44776762E-001 0.46449940E-001
0.49386854E-001 0.68178687E-001 0.83923484E-001 0.12848820E+000 0.10605468E+000 0.13577196E-001 0.13577196E-001 0.16683790E-001 0.16683790E-001 0.12346658E-001
0.12346658E-001 0.12494727E-001 0.12494727E-001
0.15000000E+002 -.38738329E+005 0.77506658E+005 0.77601069E+005 0.77553405E+005 0.34643251E+005 0.32752000E+005 0.20161650E-012 0.13769392E+005 0.32752000E+005
0.10000000E+001
121
-.11214819E+001 -.11263024E+001 -.10696326E+001 -.10546083E+001 -.10285383E+001 0.99399234E+000 0.10074809E+001 0.10604432E+001 0.10192136E+001 0.10255986E+001
-.75706978E-001 -.16184393E+001 -.32013058E+000 0.18229056E+001 0.86814968E+000 0.55093923E+000 0.44906077E+000 0.16542022E+000 0.83457978E+000 0.48108229E+000
0.51891771E+000 0.35088659E+000 0.64911341E+000
0.48094935E-001 0.48830114E-001 0.48839833E-001 0.47457122E-001 0.44419234E-001 0.38805730E-001 0.39943478E-001 0.38219130E-001 0.39086910E-001 0.40501828E-001
0.51828417E-001 0.97060276E-001 0.62793742E-001 0.12435733E+000 0.10778015E+000 0.17199677E-001 0.17199677E-001 0.13399789E-001 0.13399789E-001 0.12938556E-001
0.12938556E-001 0.12263069E-001 0.12263069E-001
0.15000000E+002 -.38855381E+005 0.77740761E+005 0.77835172E+005 0.77787509E+005 0.34339266E+005 0.32752000E+005 0.50785842E-009 0.13963166E+005 0.32752000E+005
0.10000000E+001
122
0.11219690E+001 0.10727026E+001 0.10896019E+001 0.10472470E+001 0.11313765E+001 -.99745740E+000 -.10233308E+001 -.97979530E+000 -.95125486E+000 -.10549801E+001
-.30031760E-001 -.43886927E+000 -.48900907E+000 0.18780443E+001 0.68042937E+000 0.80832687E+000 0.19167313E+000 0.39201043E+000 0.60798957E+000 0.49249262E+000
0.50750738E+000 0.59704321E+000 0.40295679E+000
0.45214939E-001 0.43810108E-001 0.43234192E-001 0.42236275E-001 0.43562418E-001 0.44311984E-001 0.45554981E-001 0.45119402E-001 0.43988903E-001 0.49127578E-001
0.54859391E-001 0.71973734E-001 0.80930158E-001 0.12246377E+000 0.10244621E+000 0.14445476E-001 0.14445476E-001 0.17154094E-001 0.17154094E-001 0.13711756E-001
0.13711756E-001 0.13263056E-001 0.13263056E-001
0.15000000E+002 -.38864278E+005 0.77758557E+005 0.77852967E+005 0.77805304E+005 0.34134716E+005 0.32752000E+005 0.48853135E-007 0.14020939E+005 0.32752000E+005
0.10000000E+001
123
-.94631675E+000 -.97181735E+000 -.99840058E+000 -.97129974E+000 -.90132363E+000 0.11122398E+001 0.11906428E+001 0.11832085E+001 0.10353272E+001 0.11090970E+001
0.14047758E+000 -.14926397E+001 -.14734378E+000 0.18361896E+001 0.69008640E+000 0.58505257E+000 0.41494743E+000 0.18352585E+000 0.81647415E+000 0.53506175E+000
0.46493825E+000 0.39836744E+000 0.60163256E+000
0.43018736E-001 0.44987585E-001 0.45402524E-001 0.43829328E-001 0.41403517E-001 0.44332455E-001 0.45350178E-001 0.45099438E-001 0.43038801E-001 0.45056681E-001
0.53602315E-001 0.98681253E-001 0.59722339E-001 0.12613566E+000 0.10662934E+000 0.17486467E-001 0.17486467E-001 0.14786805E-001 0.14786805E-001 0.13334684E-001
0.13334684E-001 0.13635546E-001 0.13635546E-001
0.15000000E+002 -.38888643E+005 0.77807286E+005 0.77901697E+005 0.77854034E+005 0.34836711E+005 0.32752000E+005 0.77715612E-015 0.14019602E+005 0.32752000E+005
0.10000000E+001
124
0.10870009E+001 0.11303956E+001 0.10595747E+001 0.11177494E+001 0.11222644E+001 -.97733572E+000 -.10581549E+001 -.10132498E+001 -.10022646E+001 -.10125570E+001
-.46537151E-001 -.36098505E+000 -.51319754E+000 0.18861261E+001 0.79860970E+000 0.82129428E+000 0.17870572E+000 0.41072113E+000 0.58927887E+000 0.48836781E+000
0.51163219E+000 0.61123184E+000 0.38876816E+000
0.40991951E-001 0.42859935E-001 0.40710992E-001 0.43100575E-001 0.42493047E-001 0.44482067E-001 0.47457511E-001 0.45891888E-001 0.43367317E-001 0.44897100E-001
0.53294405E-001 0.68531953E-001 0.81051002E-001 0.12319557E+000 0.10230218E+000 0.13889222E-001 0.13889222E-001 0.16586740E-001 0.16586740E-001 0.13316390E-001
0.13316390E-001 0.12410471E-001 0.12410471E-001
0.15000000E+002 -.38761204E+005 0.77552407E+005 0.77646818E+005 0.77599155E+005 0.34542095E+005 0.32752000E+005 0.31356029E-011 0.13931690E+005 0.32752000E+005
0.10000000E+001
125
0.10636412E+001 0.11097202E+001 0.10583657E+001 0.10818517E+001 0.10163877E+001 -.10152064E+001 -.99787664E+000 -.10601503E+001 -.10483322E+001 -.96106273E+000
-.11098354E+000 -.38614520E+000 -.61430197E+000 0.20344237E+001 0.91730254E+000 0.83865825E+000 0.16134175E+000 0.40464561E+000 0.59535439E+000 0.47228256E+000
0.52771744E+000 0.60962221E+000 0.39037779E+000
0.40455829E-001 0.41271101E-001 0.41281493E-001 0.40701909E-001 0.40286069E-001 0.43815226E-001 0.43410628E-001 0.44343903E-001 0.44798171E-001 0.41680952E-001
0.50925222E-001 0.67917184E-001 0.83445097E-001 0.12937783E+000 0.10506043E+000 0.13907732E-001 0.13907732E-001 0.16361762E-001 0.16361762E-001 0.12692182E-001
0.12692182E-001 0.12288711E-001 0.12288711E-001
0.15000000E+002 -.38890366E+005 0.77810733E+005 0.77905144E+005 0.77857480E+005 0.33832256E+005 0.32752000E+005 0.14714223E-004 0.13855730E+005 0.32752000E+005
0.10000000E+001
126
0.10969539E+001 0.11416798E+001 0.11228022E+001 0.10532971E+001 0.10805242E+001 -.94838704E+000 -.97754925E+000 -.10051660E+001 -.97014667E+000 -.10413735E+001
-.10277708E+000 -.37543122E+000 -.38799791E+000 0.20308588E+001 0.54951365E+000 0.83962325E+000 0.16037675E+000 0.40722930E+000 0.59277070E+000 0.47432832E+000
0.52567168E+000 0.61232600E+000 0.38767400E+000
0.41665485E-001 0.42403481E-001 0.42266283E-001 0.41426913E-001 0.41635117E-001 0.43474960E-001 0.44597734E-001 0.43836950E-001 0.42842884E-001 0.44037520E-001
0.51876844E-001 0.71191975E-001 0.82285542E-001 0.13566904E+000 0.10335964E+000 0.14530670E-001 0.14530670E-001 0.17185287E-001 0.17185287E-001 0.12935022E-001
0.12935022E-001 0.13054062E-001 0.13054062E-001
0.15000000E+002 -.38867395E+005 0.77764789E+005 0.77859200E+005 0.77811537E+005 0.33788767E+005 0.32752000E+005 0.30168683E-004 0.14021452E+005 0.32752000E+005
0.10000000E+001
127
0.10878832E+001 0.11069147E+001 0.10425567E+001 0.11089014E+001 0.10939324E+001 -.10335204E+001 -.10386312E+001 -.10329663E+001 -.10125936E+001 -.10857919E+001
-.14810426E-001 -.24505648E+000 -.48749007E+000 0.18181445E+001 0.82456172E+000 0.82822339E+000 0.17177661E+000 0.43904064E+000 0.56095936E+000 0.49629746E+000
0.50370254E+000 0.63219105E+000 0.36780895E+000
0.40121767E-001 0.41402920E-001 0.39748023E-001 0.41142706E-001 0.41336107E-001 0.45950691E-001 0.45357119E-001 0.45300278E-001 0.44421346E-001 0.47414434E-001
0.50521441E-001 0.71972688E-001 0.81954760E-001 0.12295533E+000 0.10420501E+000 0.13563395E-001 0.13563395E-001 0.17725718E-001 0.17725718E-001 0.12629668E-001
0.12629668E-001 0.12877512E-001 0.12877512E-001
0.15000000E+002 -.38718575E+005 0.77467150E+005 0.77561560E+005 0.77513897E+005 0.34698849E+005 0.32752000E+005 0.42077453E-013 0.13893179E+005 0.32752000E+005
0.10000000E+001
128
0.11057263E+001 0.11354632E+001 0.11257412E+001 0.10425608E+001 0.10504657E+001 -.98313201E+000 -.10218814E+001 -.10091362E+001 -.96891459E+000 -.91659112E+000
-.84365989E-001 -.39802540E+000 -.65927141E+000 0.19691909E+001 0.96491231E+000 0.82794970E+000 0.17205030E+000 0.40178685E+000 0.59821315E+000 0.47892100E+000
0.52107900E+000 0.60588519E+000 0.39411481E+000
0.41683376E-001 0.42484564E-001 0.42190048E-001 0.40100568E-001 0.39786717E-001 0.44248558E-001 0.44374154E-001 0.43386691E-001 0.42266919E-001 0.41592604E-001
0.51942299E-001 0.69640114E-001 0.87379326E-001 0.12904302E+000 0.10655122E+000 0.13995076E-001 0.13995076E-001 0.16738292E-001 0.16738292E-001 0.12962495E-001
0.12962495E-001 0.12151320E-001 0.12151320E-001
0.15000000E+002 -.38918497E+005 0.77866994E+005 0.77961404E+005 0.77913741E+005 0.34832256E+005 0.32752000E+005 0.77715612E-015 0.14011346E+005 0.32752000E+005
0.10000000E+001
129
0.10936482E+001 0.10994886E+001 0.10923590E+001 0.10948173E+001 0.10746189E+001 -.10643095E+001 -.10006550E+001 -.10176364E+001 -.10857739E+001 -.10544941E+001
-.38717692E-001 -.23182531E+000 -.57372228E+000 0.18703772E+001 0.87579376E+000 0.83733779E+000 0.16266221E+000 0.44230185E+000 0.55769815E+000 0.49032179E+000
0.50967821E+000 0.63599658E+000 0.36400342E+000
0.39598691E-001 0.39137903E-001 0.40047419E-001 0.38708681E-001 0.38850216E-001 0.43773225E-001 0.42658334E-001 0.42198011E-001 0.45249635E-001 0.43849516E-001
0.47953581E-001 0.66517980E-001 0.84150375E-001 0.12460093E+000 0.10475415E+000 0.13447098E-001 0.13447098E-001 0.16408052E-001 0.16408052E-001 0.11983904E-001
0.11983904E-001 0.11693288E-001 0.11693288E-001
0.15000000E+002 -.38699097E+005 0.77428195E+005 0.77522606E+005 0.77474942E+005 0.34065106E+005 0.32752000E+005 0.20295673E-006 0.13793696E+005 0.32752000E+005
0.10000000E+001
130
0.10958079E+001 0.10647295E+001 0.10865712E+001 0.10367652E+001 0.10669853E+001 -.97942522E+000 -.10216893E+001 -.10057629E+001 -.10256854E+001 -.10177743E+001
-.21987831E-001 -.27704272E+000 -.58084932E+000 0.19147787E+001 0.84528547E+000 0.83722664E+000 0.16277336E+000 0.43117894E+000 0.56882106E+000 0.49450326E+000
0.50549674E+000 0.63197085E+000 0.36802915E+000
0.40189756E-001 0.39184999E-001 0.41844403E-001 0.40761328E-001 0.39325739E-001 0.45243860E-001 0.45481149E-001 0.43904426E-001 0.43866644E-001 0.45325752E-001
0.50071930E-001 0.70972791E-001 0.87500963E-001 0.12947702E+000 0.10760271E+000 0.13991097E-001 0.13991097E-001 0.17407047E-001 0.17407047E-001 0.12516470E-001
0.12516470E-001 0.12729432E-001 0.12729432E-001
0.15000000E+002 -.38884741E+005 0.77799481E+005 0.77893892E+005 0.77846229E+005 0.33612914E+005 0.32752000E+005 0.42292977E-003 0.13939148E+005 0.32752000E+005
0.10000000E+001
131
-.10991430E+001 -.10231769E+001 -.10454740E+001 -.10620177E+001 -.99434753E+000 0.10265427E+001 0.10664602E+001 0.10991710E+001 0.10693006E+001 0.10572993E+001
0.93505171E-002 -.16522004E+001 -.16777606E+000 0.19824325E+001 0.57571289E+000 0.58181585E+000 0.41818415E+000 0.16081178E+000 0.83918822E+000 0.50233761E+000
0.49766239E+000 0.37229796E+000 0.62770204E+000
0.45848419E-001 0.43677698E-001 0.45370349E-001 0.43937401E-001 0.42941708E-001 0.39911800E-001 0.39807594E-001 0.39972730E-001 0.41065047E-001 0.40347001E-001
0.48812913E-001 0.10149789E+000 0.60773217E-001 0.12713815E+000 0.10314163E+000 0.16765786E-001 0.16765786E-001 0.13697278E-001 0.13697278E-001 0.12202961E-001
0.12202961E-001 0.12339906E-001 0.12339906E-001
0.15000000E+002 -.38820709E+005 0.77671419E+005 0.77765830E+005 0.77718166E+005 0.33138531E+005 0.32752000E+005 0.65910914E-001 0.13842413E+005 0.32752000E+005
0.10000000E+001
132
0.10818817E+001 0.10728812E+001 0.11086831E+001 0.10887284E+001 0.10899491E+001 -.10389985E+001 -.10474281E+001 -.10589445E+001 -.96481817E+000 -.10223118E+001
-.56968226E-001 -.23196816E+000 -.62124570E+000 0.17357800E+001 0.77872237E+000 0.81814231E+000 0.18185769E+000 0.44226661E+000 0.55773339E+000 0.48576179E+000
0.51423821E+000 0.62485267E+000 0.37514733E+000
0.41688598E-001 0.42672931E-001 0.41934146E-001 0.39914916E-001 0.40843508E-001 0.44604037E-001 0.42092503E-001 0.45181122E-001 0.44320953E-001 0.44273256E-001
0.50225273E-001 0.69190748E-001 0.82669523E-001 0.12159323E+000 0.10523724E+000 0.14288069E-001 0.14288069E-001 0.17067064E-001 0.17067064E-001 0.12546136E-001
0.12546136E-001 0.12757665E-001 0.12757665E-001
0.15000000E+002 -.38800172E+005 0.77630344E+005 0.77724755E+005 0.77677091E+005 0.34471378E+005 0.32752000E+005 0.19679702E-010 0.13882708E+005 0.32752000E+005
0.10000000E+001
133
-.98006201E+000 -.98876211E+000 -.98355864E+000 -.10311590E+001 -.10313578E+001 0.10602811E+001 0.11413036E+001 0.10982777E+001 0.10507436E+001 0.11040964E+001
0.10062830E+000 -.15877327E+001 -.18969792E+000 0.19304677E+001 0.74684122E+000 0.58485474E+000 0.41514526E+000 0.16970313E+000 0.83029687E+000 0.52513587E+000
0.47486413E+000 0.38771413E+000 0.61228587E+000
0.41878426E-001 0.43284313E-001 0.43858607E-001 0.44538171E-001 0.43443471E-001 0.42464995E-001 0.42366906E-001 0.41595404E-001 0.40423826E-001 0.41614633E-001
0.51396355E-001 0.10095048E+000 0.59816318E-001 0.13030622E+000 0.10483166E+000 0.17459792E-001 0.17459792E-001 0.14224325E-001 0.14224325E-001 0.12816616E-001
0.12816616E-001 0.12954310E-001 0.12954310E-001
0.15000000E+002 -.38861774E+005 0.77753548E+005 0.77847959E+005 0.77800296E+005 0.34043147E+005 0.32752000E+005 0.31373743E-006 0.13942453E+005 0.32752000E+005
0.10000000E+001
134
0.10692012E+001 0.10738222E+001 0.11061062E+001 0.10960628E+001 0.10649212E+001 -.98908192E+000 -.99418043E+000 -.10483271E+001 -.10408511E+001 -.10513060E+001
-.39537001E-001 -.25127328E+000 -.49936233E+000 0.17985437E+001 0.69195470E+000 0.82451914E+000 0.17548086E+000 0.43751013E+000 0.56248987E+000 0.49011704E+000
0.50988296E+000 0.62718984E+000 0.37281016E+000
0.40925371E-001 0.39781206E-001 0.41689440E-001 0.42259777E-001 0.40474169E-001 0.43496930E-001 0.43754692E-001 0.43822845E-001 0.43830987E-001 0.45301792E-001
0.49072884E-001 0.70822385E-001 0.83012549E-001 0.12476743E+000 0.10527433E+000 0.14230550E-001 0.14230550E-001 0.17429036E-001 0.17429036E-001 0.12263428E-001
0.12263428E-001 0.12820672E-001 0.12820672E-001
0.15000000E+002 -.38831261E+005 0.77692522E+005 0.77786933E+005 0.77739270E+005 0.34208816E+005 0.32752000E+005 0.99768811E-008 0.13905140E+005 0.32752000E+005
0.10000000E+001
135
-.99471236E+000 -.98563145E+000 -.97143729E+000 -.10535012E+001 -.96490690E+000 0.10675614E+001 0.10707967E+001 0.10891490E+001 0.10983792E+001 0.10673862E+001
0.23574027E-001 -.15570925E+001 -.25585697E+000 0.19283869E+001 0.80598015E+000 0.59177172E+000 0.40822828E+000 0.17406425E+000 0.82593575E+000 0.50589323E+000
0.49410677E+000 0.38537963E+000 0.61462037E+000
0.46213107E-001 0.45839587E-001 0.45108340E-001 0.47544149E-001 0.44094156E-001 0.41453655E-001 0.42108470E-001 0.43911182E-001 0.43613462E-001 0.42597044E-001
0.52852738E-001 0.98771476E-001 0.64781882E-001 0.12618357E+000 0.10560703E+000 0.17352682E-001 0.17352682E-001 0.14199969E-001 0.14199969E-001 0.13211349E-001
0.13211349E-001 0.13250475E-001 0.13250475E-001
0.15000000E+002 -.38912698E+005 0.77855395E+005 0.77949806E+005 0.77902143E+005 0.34616902E+005 0.32752000E+005 0.41755488E-012 0.14109689E+005 0.32752000E+005
0.10000000E+001
136
-.10516852E+001 -.10091154E+001 -.98287197E+000 -.95904899E+000 -.10160394E+001 0.10922030E+001 0.11031524E+001 0.10318346E+001 0.10089364E+001 0.10834840E+001
0.72658684E-001 -.14491276E+001 -.23936932E+000 0.17594675E+001 0.80344814E+000 0.57696823E+000 0.42303177E+000 0.19013587E+000 0.80986413E+000 0.51815668E+000
0.48184332E+000 0.39057564E+000 0.60942436E+000
0.45981449E-001 0.44520268E-001 0.44649930E-001 0.43748624E-001 0.44597316E-001 0.43887493E-001 0.42942728E-001 0.42574216E-001 0.40019447E-001 0.42801576E-001
0.52124015E-001 0.95317915E-001 0.64481080E-001 0.12360211E+000 0.10610902E+000 0.17353657E-001 0.17353657E-001 0.14677455E-001 0.14677455E-001 0.13013820E-001
0.13013820E-001 0.13051905E-001 0.13051905E-001
0.15000000E+002 -.38982458E+005 0.77994915E+005 0.78089326E+005 0.78041663E+005 0.35209863E+005 0.32752000E+005 0.00000000E+000 0.14184016E+005 0.32752000E+005
0.10000000E+001
137
0.10899619E+001 0.11392874E+001 0.10698373E+001 0.11353388E+001 0.10446891E+001 -.98789197E+000 -.99066001E+000 -.98200253E+000 -.99723322E+000 -.10477055E+001
-.70191635E-001 -.37443603E+000 -.60583064E+000 0.18003155E+001 0.83364653E+000 0.80625848E+000 0.19374152E+000 0.40746956E+000 0.59253044E+000 0.48245929E+000
0.51754071E+000 0.59986898E+000 0.40013102E+000
0.42432800E-001 0.43052447E-001 0.42414306E-001 0.42279734E-001 0.41318331E-001 0.42504762E-001 0.43856214E-001 0.41411235E-001 0.44491887E-001 0.43394953E-001
0.51043282E-001 0.68158518E-001 0.81063366E-001 0.12206878E+000 0.10501597E+000 0.14868548E-001 0.14868548E-001 0.16456064E-001 0.16456064E-001 0.12745116E-001
0.12745116E-001 0.12610884E-001 0.12610884E-001
0.15000000E+002 -.38873697E+005 0.77777394E+005 0.77871805E+005 0.77824142E+005 0.34229695E+005 0.32752000E+005 0.62913527E-008 0.13985894E+005 0.32752000E+005
0.10000000E+001
138
-.10837090E+001 -.10020251E+001 -.10054438E+001 -.10767668E+001 -.10049374E+001 0.10276515E+001 0.10802307E+001 0.10350239E+001 0.10706533E+001 0.11338083E+001
0.19633000E-001 -.16075835E+001 -.31187223E+000 0.18318687E+001 0.91484068E+000 0.55583742E+000 0.44416258E+000 0.16692438E+000 0.83307562E+000 0.50490809E+000
0.49509191E+000 0.36328972E+000 0.63671028E+000
0.46043056E-001 0.46764892E-001 0.44110864E-001 0.46339115E-001 0.47067876E-001 0.41246463E-001 0.40430669E-001 0.40078252E-001 0.40667538E-001 0.41129297E-001
0.50720801E-001 0.99787983E-001 0.62522991E-001 0.12658713E+000 0.10727448E+000 0.17638020E-001 0.17638020E-001 0.13876580E-001 0.13876580E-001 0.12678978E-001
0.12678978E-001 0.12935294E-001 0.12935294E-001
0.15000000E+002 -.38802335E+005 0.77634670E+005 0.77729081E+005 0.77681417E+005 0.34287806E+005 0.32752000E+005 0.16899805E-008 0.13857917E+005 0.32752000E+005
0.10000000E+001
139
0.10190748E+001 0.10124420E+001 0.11141137E+001 0.10365337E+001 0.10647135E+001 -.10949785E+001 -.97682707E+000 -.96973623E+000 -.10282710E+001 -.10606246E+001
-.20670641E-001 -.33608093E+000 -.55039413E+000 0.21521067E+001 0.83520131E+000 0.86008857E+000 0.13991143E+000 0.41676178E+000 0.58323822E+000 0.49483252E+000
0.50516748E+000 0.63613429E+000 0.36386571E+000
0.41789915E-001 0.40739070E-001 0.42901746E-001 0.40903035E-001 0.41087621E-001 0.47937884E-001 0.45801566E-001 0.44586730E-001 0.46779456E-001 0.48613470E-001
0.54374645E-001 0.68860415E-001 0.86027328E-001 0.13940441E+000 0.10661934E+000 0.13706183E-001 0.13706183E-001 0.16737998E-001 0.16737998E-001 0.13592209E-001
0.13592209E-001 0.12716470E-001 0.12716470E-001
0.15000000E+002 -.38861554E+005 0.77753109E+005 0.77847520E+005 0.77799856E+005 0.34503751E+005 0.32752000E+005 0.85600416E-011 0.13968270E+005 0.32752000E+005
0.10000000E+001
140
0.10535064E+001 0.11406744E+001 0.10196386E+001 0.11516491E+001 0.10707704E+001 -.96703911E+000 -.97010401E+000 -.97314765E+000 -.98643220E+000 -.97549398E+000
-.82358282E-001 -.28631146E+000 -.44680826E+000 0.17159549E+001 0.57884512E+000 0.80684575E+000 0.19315425E+000 0.42890712E+000 0.57109288E+000 0.47942206E+000
0.52057794E+000 0.61009924E+000 0.38990076E+000
0.41509238E-001 0.43054518E-001 0.41848111E-001 0.43419107E-001 0.42966021E-001 0.43820466E-001 0.44141438E-001 0.43054227E-001 0.44689520E-001 0.43042015E-001
0.52068098E-001 0.68937244E-001 0.84297234E-001 0.12405056E+000 0.10523364E+000 0.15248193E-001 0.15248193E-001 0.16885889E-001 0.16885889E-001 0.12994976E-001
0.12994976E-001 0.12989022E-001 0.12989022E-001
0.15000000E+002 -.39007718E+005 0.78045436E+005 0.78139847E+005 0.78092184E+005 0.33258206E+005 0.32752000E+005 0.24399034E-001 0.14034549E+005 0.32752000E+005
0.10000000E+001
141
0.10602218E+001 0.10799179E+001 0.10689340E+001 0.11045938E+001 0.10276317E+001 -.10759959E+001 -.10160565E+001 -.10176705E+001 -.10502362E+001 -.10273551E+001
-.92736205E-001 -.29128061E+000 -.68265415E+000 0.20166915E+001 0.94634579E+000 0.84882448E+000 0.15117552E+000 0.42769038E+000 0.57230962E+000 0.47683255E+000
0.52316745E+000 0.62850083E+000 0.37149917E+000
0.40736960E-001 0.40655819E-001 0.41186289E-001 0.40844481E-001 0.39988678E-001 0.43101390E-001 0.43162634E-001 0.42679901E-001 0.44146005E-001 0.43011738E-001
0.50100231E-001 0.65103996E-001 0.84193171E-001 0.13225458E+000 0.10578915E+000 0.13827182E-001 0.13827182E-001 0.15935591E-001 0.15935591E-001 0.12498167E-001
0.12498167E-001 0.11854918E-001 0.11854918E-001
0.15000000E+002 -.38799584E+005 0.77629167E+005 0.77723578E+005 0.77675915E+005 0.34728309E+005 0.32752000E+005 0.18096635E-013 0.13881343E+005 0.32752000E+005
0.10000000E+001
142
0.10121732E+001 0.10330701E+001 0.10371589E+001 0.10144903E+001 0.10242797E+001 -.10798513E+001 -.11043603E+001 -.10413890E+001 -.10035138E+001 -.10772850E+001
-.19720585E-001 -.33296493E+000 -.42718004E+000 0.20049178E+001 0.68045493E+000 0.84183602E+000 0.15816398E+000 0.41751939E+000 0.58248061E+000 0.49507001E+000
0.50492999E+000 0.62758583E+000 0.37241417E+000
0.39457357E-001 0.40456893E-001 0.39806211E-001 0.39066747E-001 0.39628676E-001 0.45231265E-001 0.46191552E-001 0.44277769E-001 0.44286977E-001 0.45591580E-001
0.50090187E-001 0.69679466E-001 0.81830435E-001 0.12838521E+000 0.10371016E+000 0.13312990E-001 0.13312990E-001 0.16945833E-001 0.16945833E-001 0.12521329E-001
0.12521329E-001 0.12131543E-001 0.12131543E-001
0.15000000E+002 -.38924672E+005 0.77879344E+005 0.77973755E+005 0.77926092E+005 0.34228474E+005 0.32752000E+005 0.64643627E-008 0.14019952E+005 0.32752000E+005
0.10000000E+001
143
0.11365152E+001 0.10258169E+001 0.10814391E+001 0.10673588E+001 0.10523932E+001 -.10289508E+001 -.10435162E+001 -.10268296E+001 -.10332398E+001 -.10121139E+001
-.16570569E-001 -.36337022E+000 -.60243573E+000 0.18107789E+001 0.88611305E+000 0.80959930E+000 0.19040070E+000 0.41014398E+000 0.58985602E+000 0.49585745E+000
0.50414255E+000 0.60821688E+000 0.39178312E+000
0.44877651E-001 0.42239781E-001 0.41214297E-001 0.43180941E-001 0.42105089E-001 0.46340550E-001 0.44133510E-001 0.47223951E-001 0.44776884E-001 0.45869322E-001
0.53022785E-001 0.70016301E-001 0.85166940E-001 0.12177984E+000 0.10504572E+000 0.14615703E-001 0.14615703E-001 0.16938756E-001 0.16938756E-001 0.13254786E-001
0.13254786E-001 0.13069653E-001 0.13069653E-001
0.15000000E+002 -.38839264E+005 0.77708527E+005 0.77802938E+005 0.77755274E+005 0.33889928E+005 0.32752000E+005 0.54565809E-005 0.13851871E+005 0.32752000E+005
0.10000000E+001
144
-.10402714E+001 -.10664394E+001 -.99742765E+000 -.10222202E+001 -.99395366E+000 0.10759095E+001 0.11094987E+001 0.11055179E+001 0.10996262E+001 0.10900469E+001
0.11601534E+000 -.14071346E+001 -.23817782E+000 0.17530162E+001 0.80429285E+000 0.58561853E+000 0.41438147E+000 0.19668640E+000 0.80331360E+000 0.52897135E+000
0.47102865E+000 0.40242035E+000 0.59757965E+000
0.44632325E-001 0.44125347E-001 0.43887836E-001 0.43925233E-001 0.42622986E-001 0.42052422E-001 0.43850232E-001 0.43608605E-001 0.42894530E-001 0.43637793E-001
0.52161373E-001 0.95583032E-001 0.61368164E-001 0.12002090E+000 0.10237048E+000 0.16358130E-001 0.16358130E-001 0.15102201E-001 0.15102201E-001 0.12996562E-001
0.12996562E-001 0.13022819E-001 0.13022819E-001
0.15000000E+002 -.38798688E+005 0.77627375E+005 0.77721786E+005 0.77674123E+005 0.34778582E+005 0.32752000E+005 0.41078252E-014 0.13940816E+005 0.32752000E+005
0.10000000E+001
145
0.10697535E+001 0.10141915E+001 0.10081622E+001 0.10617267E+001 0.10561830E+001 -.10056769E+001 -.11140851E+001 -.10714454E+001 -.10802838E+001 -.10449350E+001
0.45329134E-001 -.16288620E+000 -.47127243E+000 0.18335646E+001 0.70292484E+000 0.84166625E+000 0.15833375E+000 0.45936825E+000 0.54063175E+000 0.51133034E+000
0.48866966E+000 0.65484882E+000 0.34515118E+000
0.40896910E-001 0.39513721E-001 0.38865367E-001 0.39127320E-001 0.39917867E-001 0.43871602E-001 0.48084715E-001 0.47072839E-001 0.48449047E-001 0.45840917E-001
0.52094667E-001 0.69606517E-001 0.86909483E-001 0.12567761E+000 0.10632523E+000 0.13077841E-001 0.13077841E-001 0.17286713E-001 0.17286713E-001 0.13016979E-001
0.13016979E-001 0.12226023E-001 0.12226023E-001
0.15000000E+002 -.38827290E+005 0.77684581E+005 0.77778991E+005 0.77731328E+005 0.34201905E+005 0.32752000E+005 0.11606825E-007 0.13929948E+005 0.32752000E+005
0.10000000E+001
146
0.10515300E+001 0.97058213E+000 0.10165766E+001 0.11152891E+001 0.10529819E+001 -.11057210E+001 -.10598076E+001 -.10251153E+001 -.10514699E+001 -.11025842E+001
0.65256835E-001 -.27394419E+000 -.57956850E+000 0.18350403E+001 0.91630680E+000 0.82651058E+000 0.17348942E+000 0.43193906E+000 0.56806094E+000 0.51630842E+000
0.48369158E+000 0.63565966E+000 0.36434034E+000
0.39821905E-001 0.38446834E-001 0.38984879E-001 0.40317817E-001 0.38913483E-001 0.47303108E-001 0.43651349E-001 0.44032710E-001 0.45822664E-001 0.47359429E-001
0.52133602E-001 0.67958816E-001 0.83041797E-001 0.12198619E+000 0.10523173E+000 0.13402233E-001 0.13402233E-001 0.16674899E-001 0.16674899E-001 0.13019535E-001
0.13019535E-001 0.11867451E-001 0.11867451E-001
0.15000000E+002 -.38824938E+005 0.77679876E+005 0.77774287E+005 0.77726623E+005 0.33976878E+005 0.32752000E+005 0.11223198E-005 0.13819819E+005 0.32752000E+005
0.10000000E+001
147
-.10693465E+001 -.10449919E+001 -.10487860E+001 -.10487925E+001 -.10245883E+001 0.10314078E+001 0.10280375E+001 0.10469081E+001 0.10580196E+001 0.11100721E+001
0.32937904E-001 -.16697968E+001 -.32436625E+000 0.18928961E+001 0.77396913E+000 0.55554463E+000 0.44445537E+000 0.15845127E+000 0.84154873E+000 0.50823373E+000
0.49176627E+000 0.36026751E+000 0.63973249E+000
0.45701149E-001 0.45293066E-001 0.45483384E-001 0.46852611E-001 0.45706317E-001 0.39761059E-001 0.39683342E-001 0.40196821E-001 0.39663334E-001 0.40826885E-001
0.51762399E-001 0.10385869E+000 0.59489147E-001 0.12901741E+000 0.10396238E+000 0.16745017E-001 0.16745017E-001 0.13848982E-001 0.13848982E-001 0.12937091E-001
0.12937091E-001 0.12461037E-001 0.12461037E-001
0.15000000E+002 -.38836323E+005 0.77702647E+005 0.77797058E+005 0.77749394E+005 0.35356827E+005 0.32752000E+005 0.00000000E+000 0.13961138E+005 0.32752000E+005
0.10000000E+001
148
0.11083223E+001 0.10211728E+001 0.10903104E+001 0.10141492E+001 0.11071361E+001 -.10645080E+001 -.98544821E+000 -.11484763E+001 -.10452990E+001 -.10794382E+001
0.12306558E-001 -.29147218E+000 -.68872244E+000 0.19291280E+001 0.10253014E+001 0.83721571E+000 0.16278429E+000 0.42764349E+000 0.57235651E+000 0.50307660E+000
0.49692340E+000 0.63368969E+000 0.36631031E+000
0.41808985E-001 0.39029369E-001 0.40536432E-001 0.38297849E-001 0.40412637E-001 0.43861106E-001 0.41575337E-001 0.47039344E-001 0.44414772E-001 0.45436488E-001
0.47871229E-001 0.65060092E-001 0.86757685E-001 0.12359382E+000 0.10690632E+000 0.13681998E-001 0.13681998E-001 0.15924403E-001 0.15924403E-001 0.11967354E-001
0.11967354E-001 0.11842414E-001 0.11842414E-001
0.15000000E+002 -.38700431E+005 0.77430863E+005 0.77525274E+005 0.77477610E+005 0.33777457E+005 0.32752000E+005 0.36208621E-004 0.13718644E+005 0.32752000E+005
0.10000000E+001
149
0.10755716E+001 0.11044742E+001 0.10590734E+001 0.10841307E+001 0.10416178E+001 -.10087107E+001 -.99130043E+000 -.10058861E+001 -.10081332E+001 -.10348121E+001
-.71923700E-001 -.25262537E+000 -.58553000E+000 0.18531715E+001 0.86191802E+000 0.83209470E+000 0.16790530E+000 0.43717741E+000 0.56282259E+000 0.48202682E+000
0.51797318E+000 0.62753814E+000 0.37246186E+000
0.40871785E-001 0.41771963E-001 0.41629725E-001 0.43789935E-001 0.42007642E-001 0.45194857E-001 0.45199512E-001 0.45332789E-001 0.43686709E-001 0.44953941E-001
0.50413687E-001 0.70325363E-001 0.85623060E-001 0.12632474E+000 0.10694196E+000 0.14068061E-001 0.14068061E-001 0.17303789E-001 0.17303789E-001 0.12587136E-001
0.12587136E-001 0.12920374E-001 0.12920374E-001
0.15000000E+002 -.38883229E+005 0.77796459E+005 0.77890870E+005 0.77843206E+005 0.34362716E+005 0.32752000E+005 0.29015867E-009 0.14047137E+005 0.32752000E+005
0.10000000E+001
150
0.10851424E+001 0.10752730E+001 0.10509560E+001 0.10757911E+001 0.11108374E+001 -.95912273E+000 -.98526682E+000 -.98178602E+000 -.96956620E+000 -.10311134E+001
0.69639096E-002 -.37685078E+000 -.56114451E+000 0.20045996E+001 0.79117955E+000 0.83586101E+000 0.16413899E+000 0.40688668E+000 0.59311332E+000 0.50174097E+000
0.49825903E+000 0.62212068E+000 0.37787932E+000
0.42513545E-001 0.43015882E-001 0.41963301E-001 0.41451446E-001 0.44320400E-001 0.45811089E-001 0.44926230E-001 0.46014347E-001 0.47190130E-001 0.47034274E-001
0.53355198E-001 0.72369010E-001 0.89745558E-001 0.12943516E+000 0.10759892E+000 0.13954144E-001 0.13954144E-001 0.17464807E-001 0.17464807E-001 0.13338638E-001
0.13338638E-001 0.13208337E-001 0.13208337E-001
0.15000000E+002 -.38910370E+005 0.77850741E+005 0.77945152E+005 0.77897488E+005 0.34206936E+005 0.32752000E+005 0.10396880E-007 0.13971206E+005 0.32752000E+005
0.10000000E+001
151
0.10772790E+001 0.10413967E+001 0.10716336E+001 0.11376225E+001 0.10864229E+001 -.10443144E+001 -.10056032E+001 -.10490985E+001 -.10383403E+001 -.10442893E+001
-.67638076E-001 -.38188352E+000 -.48621317E+000 0.20030180E+001 0.72594484E+000 0.83495152E+000 0.16504848E+000 0.40567269E+000 0.59432731E+000 0.48309692E+000
0.51690308E+000 0.61305598E+000 0.38694402E+000
0.40357438E-001 0.40559253E-001 0.41803386E-001 0.42830419E-001 0.41058181E-001 0.44511050E-001 0.43314898E-001 0.43896692E-001 0.44157799E-001 0.44684446E-001
0.51012422E-001 0.68534329E-001 0.79770431E-001 0.12682485E+000 0.10244670E+000 0.13910075E-001 0.13910075E-001 0.16523788E-001 0.16523788E-001 0.12738531E-001
0.12738531E-001 0.12589234E-001 0.12589234E-001
0.15000000E+002 -.38766120E+005 0.77562240E+005 0.77656650E+005 0.77608987E+005 0.34439008E+005 0.32752000E+005 0.44605208E-010 0.13832722E+005 0.32752000E+005
0.10000000E+001
152
-.10052483E+001 -.10018929E+001 -.91996938E+000 -.10147669E+001 -.10278946E+001 0.10702345E+001 0.10528897E+001 0.10594692E+001 0.10503396E+001 0.11509995E+001
-.63561894E-001 -.16082179E+001 -.37105537E+000 0.20088369E+001 0.11069207E+001 0.59883637E+000 0.40116363E+000 0.16683618E+000 0.83316382E+000 0.48411487E+000
0.51588513E+000 0.37597389E+000 0.62402611E+000
0.46071764E-001 0.47209855E-001 0.44360978E-001 0.46052345E-001 0.46934462E-001 0.41918377E-001 0.40957180E-001 0.41032138E-001 0.41502627E-001 0.43047568E-001
0.54559761E-001 0.97734945E-001 0.62560248E-001 0.12649594E+000 0.10899913E+000 0.17354580E-001 0.17354580E-001 0.13585340E-001 0.13585340E-001 0.13626173E-001
0.13626173E-001 0.12961095E-001 0.12961095E-001
0.15000000E+002 -.38849125E+005 0.77728249E+005 0.77822660E+005 0.77774997E+005 0.34724542E+005 0.32752000E+005 0.20095037E-013 0.14032897E+005 0.32752000E+005
0.10000000E+001
153
0.10876186E+001 0.11264478E+001 0.10413803E+001 0.10560756E+001 0.11429073E+001 -.96795517E+000 -.94404796E+000 -.96661358E+000 -.96906112E+000 -.10031661E+001
-.10370152E+000 -.32835184E+000 -.68416910E+000 0.20138064E+001 0.96159526E+000 0.84362546E+000 0.15637454E+000 0.41864170E+000 0.58135830E+000 0.47409783E+000
0.52590217E+000 0.62012558E+000 0.37987442E+000
0.44064228E-001 0.42909163E-001 0.41731107E-001 0.43953275E-001 0.45942546E-001 0.45044253E-001 0.46395252E-001 0.46472584E-001 0.43451465E-001 0.46333930E-001
0.53736921E-001 0.71346265E-001 0.91206534E-001 0.13454051E+000 0.10985618E+000 0.14308306E-001 0.14308306E-001 0.17364313E-001 0.17364313E-001 0.13398177E-001
0.13398177E-001 0.13438304E-001 0.13438304E-001
0.15000000E+002 -.38901435E+005 0.77832870E+005 0.77927281E+005 0.77879618E+005 0.34841764E+005 0.32752000E+005 0.66613381E-015 0.14092557E+005 0.32752000E+005
0.10000000E+001
154
0.10350745E+001 0.10864135E+001 0.10456558E+001 0.10012358E+001 0.10648101E+001 -.10655983E+001 -.10482760E+001 -.10393023E+001 -.10400810E+001 -.10176033E+001
0.85693139E-001 -.40109979E+000 -.39725316E+000 0.18376056E+001 0.58704474E+000 0.80791298E+000 0.19208702E+000 0.40104813E+000 0.59895187E+000 0.52141018E+000
0.47858982E+000 0.61319161E+000 0.38680839E+000
0.41194654E-001 0.42234130E-001 0.41615430E-001 0.39449282E-001 0.41257057E-001 0.45619327E-001 0.45722210E-001 0.46816171E-001 0.46998620E-001 0.46433154E-001
0.51716207E-001 0.73069914E-001 0.81927376E-001 0.12040364E+000 0.10314438E+000 0.13961945E-001 0.13961945E-001 0.17552016E-001 0.17552016E-001 0.12905345E-001
0.12905345E-001 0.12788075E-001 0.12788075E-001
0.15000000E+002 -.38923710E+005 0.77877421E+005 0.77971831E+005 0.77924168E+005 0.33865521E+005 0.32752000E+005 0.83493309E-005 0.14076933E+005 0.32752000E+005
0.10000000E+001
155
-.10207737E+001 -.97314926E+000 -.10496790E+001 -.10018518E+001 -.99400108E+000 0.10469068E+001 0.10760570E+001 0.11472123E+001 0.10295289E+001 0.10760466E+001
0.24541866E-001 -.15728230E+001 -.22000964E+000 0.18473779E+001 0.73711200E+000 0.56821078E+000 0.43178922E+000 0.17181432E+000 0.82818568E+000 0.50613516E+000
0.49386484E+000 0.37244451E+000 0.62755549E+000
0.44037218E-001 0.45438387E-001 0.45948440E-001 0.43761609E-001 0.44171464E-001 0.41750081E-001 0.39600757E-001 0.43506282E-001 0.39503612E-001 0.40559381E-001
0.51626893E-001 0.98872922E-001 0.62368804E-001 0.12516401E+000 0.10534688E+000 0.16154554E-001 0.16154554E-001 0.14069040E-001 0.14069040E-001 0.12904780E-001
0.12904780E-001 0.11928150E-001 0.11928150E-001
0.15000000E+002 -.38897634E+005 0.77825267E+005 0.77919678E+005 0.77872015E+005 0.33655123E+005 0.32752000E+005 0.23318608E-003 0.13928498E+005 0.32752000E+005
0.10000000E+001
156
-.10132895E+001 -.10204164E+001 -.96787909E+000 -.10864119E+001 -.10588188E+001 0.10848221E+001 0.11248123E+001 0.10796371E+001 0.11289807E+001 0.11320505E+001
0.28283608E-001 -.14932711E+001 -.17147258E+000 0.18262600E+001 0.53747974E+000 0.58248644E+000 0.41751356E+000 0.18343126E+000 0.81656874E+000 0.50707043E+000
0.49292957E+000 0.38578034E+000 0.61421966E+000
0.43983204E-001 0.43744771E-001 0.43691063E-001 0.46970641E-001 0.47007193E-001 0.41194737E-001 0.43371014E-001 0.42091943E-001 0.42269427E-001 0.41767628E-001
0.49758569E-001 0.94030647E-001 0.60099874E-001 0.11948884E+000 0.10202892E+000 0.17117767E-001 0.17117767E-001 0.14084308E-001 0.14084308E-001 0.12437155E-001
0.12437155E-001 0.13011203E-001 0.13011203E-001
0.15000000E+002 -.38710268E+005 0.77450537E+005 0.77544948E+005 0.77497284E+005 0.35188462E+005 0.32752000E+005 0.00000000E+000 0.13850758E+005 0.32752000E+005
0.10000000E+001
157
0.11173644E+001 0.10902483E+001 0.10328822E+001 0.10623096E+001 0.10395332E+001 -.11256794E+001 -.11345911E+001 -.10035319E+001 -.99315242E+000 -.10763974E+001
-.49904040E-002 -.23519494E+000 -.49037764E+000 0.16347849E+001 0.81449790E+000 0.80211881E+000 0.19788119E+000 0.44147082E+000 0.55852918E+000 0.49875240E+000
0.50124760E+000 0.62134487E+000 0.37865513E+000
0.41977803E-001 0.41101257E-001 0.39579516E-001 0.40643133E-001 0.39262542E-001 0.47384289E-001 0.47388832E-001 0.44328814E-001 0.43249621E-001 0.46413644E-001
0.49740131E-001 0.68407872E-001 0.81191819E-001 0.11545413E+000 0.10301097E+000 0.13901767E-001 0.13901767E-001 0.16867626E-001 0.16867626E-001 0.12434955E-001
0.12434955E-001 0.12198149E-001 0.12198149E-001
0.15000000E+002 -.38766939E+005 0.77563878E+005 0.77658289E+005 0.77610626E+005 0.34798897E+005 0.32752000E+005 0.22204460E-014 0.13827353E+005 0.32752000E+005
0.10000000E+001
158
0.11165536E+001 0.10451012E+001 0.10570263E+001 0.10506198E+001 0.10649199E+001 -.10570704E+001 -.10929604E+001 -.10369286E+001 -.10557488E+001 -.10153230E+001
-.23950549E-001 -.28742499E+000 -.51612087E+000 0.18382965E+001 0.79204334E+000 0.82503958E+000 0.17496042E+000 0.42863439E+000 0.57136561E+000 0.49401265E+000
0.50598735E+000 0.62446356E+000 0.37553644E+000
0.41073787E-001 0.40472220E-001 0.40097509E-001 0.40614063E-001 0.40299071E-001 0.45323095E-001 0.45893928E-001 0.45261494E-001 0.44592221E-001 0.43725746E-001
0.49547432E-001 0.69151340E-001 0.82294479E-001 0.12329622E+000 0.10458285E+000 0.13993598E-001 0.13993598E-001 0.16935644E-001 0.16935644E-001 0.12385082E-001
0.12385082E-001 0.12499527E-001 0.12499527E-001
0.15000000E+002 -.38794147E+005 0.77618295E+005 0.77712705E+005 0.77665042E+005 0.34457164E+005 0.32752000E+005 0.28237301E-010 0.13794316E+005 0.32752000E+005
0.10000000E+001
159
0.10796232E+001 0.10297152E+001 0.10240083E+001 0.10187432E+001 0.10381389E+001 -.11397295E+001 -.10154080E+001 -.10275891E+001 -.10679158E+001 -.10542881E+001
0.71007064E-001 -.33057267E+000 -.23327679E+000 0.19431578E+001 0.50943213E+000 0.83376998E+000 0.16623002E+000 0.41810129E+000 0.58189871E+000 0.51774431E+000
0.48225569E+000 0.63331139E+000 0.36668861E+000
0.41289423E-001 0.38908873E-001 0.39780914E-001 0.39270578E-001 0.41152395E-001 0.49685209E-001 0.48370480E-001 0.46294587E-001 0.48494834E-001 0.46805996E-001
0.53418808E-001 0.71564592E-001 0.83635925E-001 0.12611327E+000 0.10273458E+000 0.13512254E-001 0.13512254E-001 0.17411136E-001 0.17411136E-001 0.13337882E-001
0.13337882E-001 0.12746078E-001 0.12746078E-001
0.15000000E+002 -.38865376E+005 0.77760751E+005 0.77855162E+005 0.77807499E+005 0.34084963E+005 0.32752000E+005 0.13611016E-006 0.13940749E+005 0.32752000E+005
0.10000000E+001
160
0.10566112E+001 0.10506136E+001 0.10008055E+001 0.10026575E+001 0.10405695E+001 -.10752361E+001 -.11023917E+001 -.10526361E+001 -.10481748E+001 -.10116099E+001
0.75135244E-001 -.38115487E+000 -.36856357E+000 0.20049090E+001 0.69017167E+000 0.83531222E+000 0.16468778E+000 0.40584839E+000 0.59415161E+000 0.51877498E+000
0.48122502E+000 0.62864348E+000 0.37135652E+000
0.39448068E-001 0.39688286E-001 0.37349603E-001 0.39408054E-001 0.39498863E-001 0.46551607E-001 0.46799673E-001 0.46793526E-001 0.45025788E-001 0.44259205E-001
0.50552218E-001 0.72128503E-001 0.81534163E-001 0.12673699E+000 0.10360065E+000 0.13399094E-001 0.13399094E-001 0.17392741E-001 0.17392741E-001 0.12620235E-001
0.12620235E-001 0.12449549E-001 0.12449549E-001
0.15000000E+002 -.38909742E+005 0.77849484E+005 0.77943894E+005 0.77896231E+005 0.34225066E+005 0.32752000E+005 0.69720798E-008 0.14005357E+005 0.32752000E+005
0.10000000E+001
161
-.11346669E+001 -.10671409E+001 -.10823859E+001 -.10326881E+001 -.10156618E+001 0.10687211E+001 0.10373059E+001 0.10608119E+001 0.10007087E+001 0.10803791E+001
0.68755695E-002 -.16662960E+001 -.33805907E+000 0.19501570E+001 0.80917653E+000 0.57049254E+000 0.42950746E+000 0.15891864E+000 0.84108136E+000 0.50171889E+000
0.49828111E+000 0.36541304E+000 0.63458696E+000
0.47526426E-001 0.45703188E-001 0.45689039E-001 0.45682217E-001 0.45887046E-001 0.40862274E-001 0.40129164E-001 0.41247820E-001 0.38681676E-001 0.39271629E-001
0.50064922E-001 0.10253660E+000 0.61610610E-001 0.12675387E+000 0.10425163E+000 0.16656516E-001 0.16656516E-001 0.13705401E-001 0.13705401E-001 0.12516083E-001
0.12516083E-001 0.12457937E-001 0.12457937E-001
0.15000000E+002 -.38788783E+005 0.77607566E+005 0.77701977E+005 0.77654314E+005 0.34246722E+005 0.32752000E+005 0.43006733E-008 0.13876037E+005 0.32752000E+005
0.10000000E+001
162
0.10962485E+001 0.10167378E+001 0.10761600E+001 0.10312745E+001 0.10607212E+001 -.10492056E+001 -.10626575E+001 -.99084685E+000 -.10965676E+001 -.96426889E+000
0.10854254E-001 -.40794097E+000 -.53322004E+000 0.20584571E+001 0.85490723E+000 0.83896080E+000 0.16103920E+000 0.39940594E+000 0.60059406E+000 0.50271354E+000
0.49728646E+000 0.62037612E+000 0.37962388E+000
0.41252908E-001 0.40862900E-001 0.41932381E-001 0.40530920E-001 0.42245872E-001 0.47225290E-001 0.46408194E-001 0.44482820E-001 0.49173692E-001 0.44379546E-001
0.51813459E-001 0.72341819E-001 0.83676549E-001 0.12725407E+000 0.10469672E+000 0.13523203E-001 0.13523203E-001 0.17353416E-001 0.17353416E-001 0.12952983E-001
0.12952983E-001 0.13045901E-001 0.13045901E-001
0.15000000E+002 -.38851911E+005 0.77733822E+005 0.77828233E+005 0.77780569E+005 0.35146396E+005 0.32752000E+005 0.00000000E+000 0.14019512E+005 0.32752000E+005
0.10000000E+001
163
0.10762544E+001 0.10966307E+001 0.11291574E+001 0.10018476E+001 0.11035961E+001 -.10521069E+001 -.10241605E+001 -.10224182E+001 -.97569262E+000 -.10451542E+001
-.10846710E+000 -.40795148E+000 -.45858732E+000 0.19825718E+001 0.73361111E+000 0.82844128E+000 0.17155872E+000 0.39940342E+000 0.60059658E+000 0.47290978E+000
0.52709022E+000 0.60229962E+000 0.39770038E+000
0.41827926E-001 0.41215776E-001 0.43106884E-001 0.40882747E-001 0.41879307E-001 0.44207861E-001 0.43893647E-001 0.44543407E-001 0.41180697E-001 0.45117745E-001
0.51191207E-001 0.67927413E-001 0.79701100E-001 0.12758482E+000 0.10199956E+000 0.14373320E-001 0.14373320E-001 0.16294450E-001 0.16294450E-001 0.12760234E-001
0.12760234E-001 0.12493435E-001 0.12493435E-001
0.15000000E+002 -.38833521E+005 0.77697042E+005 0.77791452E+005 0.77743789E+005 0.34254892E+005 0.32752000E+005 0.35781723E-008 0.13903473E+005 0.32752000E+005
0.10000000E+001
164
0.11583215E+001 0.11251569E+001 0.10931758E+001 0.11157182E+001 0.11638790E+001 -.10011804E+001 -.98413030E+000 -.10148305E+001 -.99385477E+000 -.10189414E+001
-.96407279E-001 -.45529582E+000 -.57133872E+000 0.20115032E+001 0.76149808E+000 0.82580846E+000 0.17419154E+000 0.38810238E+000 0.61189762E+000 0.47591683E+000
0.52408317E+000 0.59641407E+000 0.40358593E+000
0.42456071E-001 0.41731281E-001 0.41686368E-001 0.42813810E-001 0.43130973E-001 0.42767802E-001 0.43241563E-001 0.42294400E-001 0.41565691E-001 0.43854335E-001
0.49206290E-001 0.68373352E-001 0.81817009E-001 0.12591963E+000 0.10285242E+000 0.14337152E-001 0.14337152E-001 0.16237230E-001 0.16237230E-001 0.12273033E-001
0.12273033E-001 0.12460971E-001 0.12460971E-001
0.15000000E+002 -.38702786E+005 0.77435573E+005 0.77529984E+005 0.77482320E+005 0.35345835E+005 0.32752000E+005 0.00000000E+000 0.13835991E+005 0.32752000E+005
0.10000000E+001
165
0.10984340E+001 0.10844000E+001 0.10957021E+001 0.10319430E+001 0.10772878E+001 -.11123147E+001 -.96667551E+000 -.10887884E+001 -.10631660E+001 -.10026190E+001
-.24957915E-002 -.30271100E+000 -.48268254E+000 0.18648032E+001 0.73731615E+000 0.82665337E+000 0.17334663E+000 0.42489489E+000 0.57510511E+000 0.49937605E+000
0.50062395E+000 0.62552345E+000 0.37447655E+000
0.42167445E-001 0.40997728E-001 0.39957939E-001 0.40555400E-001 0.39544698E-001 0.46126329E-001 0.42860673E-001 0.47212257E-001 0.43856305E-001 0.45268872E-001
0.49538272E-001 0.66783191E-001 0.81676043E-001 0.12288503E+000 0.10274608E+000 0.14053546E-001 0.14053546E-001 0.16319089E-001 0.16319089E-001 0.12384549E-001
0.12384549E-001 0.12216098E-001 0.12216098E-001
0.15000000E+002 -.38752187E+005 0.77534375E+005 0.77628785E+005 0.77581122E+005 0.33969609E+005 0.32752000E+005 0.12860178E-005 0.13884120E+005 0.32752000E+005
0.10000000E+001
166
0.10611613E+001 0.10446299E+001 0.10095694E+001 0.10145282E+001 0.10608004E+001 -.10572061E+001 -.11038489E+001 -.10249204E+001 -.10412652E+001 -.10349457E+001
-.20261588E-001 -.25775967E+000 -.63321003E+000 0.19726565E+001 0.96018745E+000 0.84747034E+000 0.15252966E+000 0.43591451E+000 0.56408549E+000 0.49493478E+000
0.50506522E+000 0.63960780E+000 0.36039220E+000
0.39387123E-001 0.39962874E-001 0.39438145E-001 0.38790973E-001 0.39227246E-001 0.45445907E-001 0.45694732E-001 0.44169516E-001 0.44495610E-001 0.43779080E-001
0.49604553E-001 0.71247320E-001 0.87490284E-001 0.13260559E+000 0.10837507E+000 0.13567046E-001 0.13567046E-001 0.17519221E-001 0.17519221E-001 0.12399866E-001
0.12399866E-001 0.12537110E-001 0.12537110E-001
0.15000000E+002 -.38869216E+005 0.77768432E+005 0.77862842E+005 0.77815179E+005 0.33971714E+005 0.32752000E+005 0.12363785E-005 0.13942286E+005 0.32752000E+005
0.10000000E+001
167
0.11174459E+001 0.11282250E+001 0.11275010E+001 0.11885234E+001 0.11161735E+001 -.97985158E+000 -.10256738E+001 -.10213288E+001 -.98983367E+000 -.97766827E+000
-.11229260E+000 -.28768805E+000 -.57577732E+000 0.17640199E+001 0.84253625E+000 0.81401789E+000 0.18598211E+000 0.42856997E+000 0.57143003E+000 0.47195631E+000
0.52804369E+000 0.61048454E+000 0.38951546E+000
0.41521187E-001 0.41051808E-001 0.42455152E-001 0.43177953E-001 0.42801718E-001 0.42308788E-001 0.44540474E-001 0.42386922E-001 0.43409698E-001 0.42592424E-001
0.50451520E-001 0.66119031E-001 0.79333620E-001 0.12076540E+000 0.10242420E+000 0.14508712E-001 0.14508712E-001 0.16192402E-001 0.16192402E-001 0.12573203E-001
0.12573203E-001 0.12379232E-001 0.12379232E-001
0.15000000E+002 -.38704607E+005 0.77439215E+005 0.77533625E+005 0.77485962E+005 0.34552948E+005 0.32752000E+005 0.23513413E-011 0.13774437E+005 0.32752000E+005
0.10000000E+001
168
0.10943586E+001 0.10390040E+001 0.11750188E+001 0.10553761E+001 0.11014770E+001 -.10280659E+001 -.10213775E+001 -.10014283E+001 -.98249259E+000 -.93251001E+000
-.32361930E-001 -.28315869E+000 -.74431325E+000 0.18758147E+001 0.10210005E+001 0.83098946E+000 0.16901054E+000 0.42967955E+000 0.57032045E+000 0.49191022E+000
0.50808978E+000 0.62708800E+000 0.37291200E+000
0.42842976E-001 0.40838533E-001 0.43692891E-001 0.41658409E-001 0.41655555E-001 0.44892437E-001 0.46790085E-001 0.46078077E-001 0.44248088E-001 0.43745145E-001
0.50838988E-001 0.70710072E-001 0.90902776E-001 0.12705302E+000 0.11030543E+000 0.13898582E-001 0.13898582E-001 0.17327859E-001 0.17327859E-001 0.12706420E-001
0.12706420E-001 0.12623904E-001 0.12623904E-001
0.15000000E+002 -.38820577E+005 0.77671153E+005 0.77765564E+005 0.77717900E+005 0.34180270E+005 0.32752000E+005 0.18561195E-007 0.13867513E+005 0.32752000E+005
0.10000000E+001
169
0.11133271E+001 0.11428310E+001 0.10445841E+001 0.10729120E+001 0.11104052E+001 -.96553325E+000 -.10488435E+001 -.10136792E+001 -.96256144E+000 -.10011200E+001
-.89233340E-001 -.33567517E+000 -.52740831E+000 0.17926853E+001 0.71440667E+000 0.81107496E+000 0.18892504E+000 0.41686041E+000 0.58313959E+000 0.47770646E+000
0.52229354E+000 0.60517925E+000 0.39482075E+000
0.42255271E-001 0.45334397E-001 0.41609716E-001 0.41831815E-001 0.42775014E-001 0.43770343E-001 0.43693161E-001 0.43927765E-001 0.43488601E-001 0.44426590E-001
0.50682784E-001 0.70396299E-001 0.82428699E-001 0.12059775E+000 0.10419061E+000 0.14507791E-001 0.14507791E-001 0.17112482E-001 0.17112482E-001 0.12645507E-001
0.12645507E-001 0.13133119E-001 0.13133119E-001
0.15000000E+002 -.38882745E+005 0.77795489E+005 0.77889900E+005 0.77842237E+005 0.34347655E+005 0.32752000E+005 0.41604609E-009 0.13976224E+005 0.32752000E+005
0.10000000E+001
170
0.10438886E+001 0.10525545E+001 0.10301729E+001 0.10010360E+001 0.10220694E+001 -.10669742E+001 -.10426561E+001 -.10439177E+001 -.99420709E+000 -.10649226E+001
0.82818125E-002 -.16386098E+000 -.37175536E+000 0.17787845E+001 0.65498389E+000 0.83409383E+000 0.16590617E+000 0.45912617E+000 0.54087383E+000 0.50207044E+000
0.49792956E+000 0.64738635E+000 0.35261365E+000
0.42348556E-001 0.41991689E-001 0.41408242E-001 0.39441145E-001 0.41313603E-001 0.48398051E-001 0.47240146E-001 0.47362593E-001 0.46887947E-001 0.48169454E-001
0.53094816E-001 0.69685784E-001 0.88267550E-001 0.12820805E+000 0.10665270E+000 0.14457520E-001 0.14457520E-001 0.17305024E-001 0.17305024E-001 0.13273476E-001
0.13273476E-001 0.13218812E-001 0.13218812E-001
0.15000000E+002 -.38960049E+005 0.77950098E+005 0.78044509E+005 0.77996845E+005 0.34712959E+005 0.32752000E+005 0.28088643E-013 0.14104086E+005 0.32752000E+005
0.10000000E+001
171
0.11429563E+001 0.10999088E+001 0.10623297E+001 0.11302007E+001 0.10960010E+001 -.10640402E+001 -.10276526E+001 -.10207010E+001 -.10314387E+001 -.10013671E+001
-.45677438E-001 -.43552841E+000 -.41337929E+000 0.20383040E+001 0.71982479E+000 0.83240596E+000 0.16759404E+000 0.39280697E+000 0.60719303E+000 0.48858263E+000
0.51141737E+000 0.60758740E+000 0.39241260E+000
0.41263894E-001 0.42520445E-001 0.40946147E-001 0.42226464E-001 0.41278346E-001 0.47285492E-001 0.43063455E-001 0.44558279E-001 0.44623746E-001 0.44108794E-001
0.50707544E-001 0.68448421E-001 0.82946399E-001 0.12576330E+000 0.10176240E+000 0.13883684E-001 0.13883684E-001 0.16325609E-001 0.16325609E-001 0.12670276E-001
0.12670276E-001 0.12500553E-001 0.12500553E-001
0.15000000E+002 -.38685723E+005 0.77401445E+005 0.77495856E+005 0.77448193E+005 0.34437153E+005 0.32752000E+005 0.46726512E-010 0.13793360E+005 0.32752000E+005
0.10000000E+001
172
0.10577747E+001 0.11120681E+001 0.11074477E+001 0.10354698E+001 0.10226765E+001 -.10009382E+001 -.10129742E+001 -.10528892E+001 -.10087915E+001 -.99180302E+000
-.35939465E-001 -.49123775E+000 -.50621204E+000 0.21812655E+001 0.78562235E+000 0.84422781E+000 0.15577219E+000 0.37960203E+000 0.62039797E+000 0.49101610E+000
0.50898390E+000 0.60774077E+000 0.39225923E+000
0.42131951E-001 0.40918068E-001 0.41861428E-001 0.41385188E-001 0.40181971E-001 0.43070578E-001 0.45384763E-001 0.46389273E-001 0.43085112E-001 0.43269041E-001
0.52564378E-001 0.70648903E-001 0.82147272E-001 0.13393097E+000 0.10389651E+000 0.13769085E-001 0.13769085E-001 0.16638123E-001 0.16638123E-001 0.13136852E-001
0.13136852E-001 0.12448513E-001 0.12448513E-001
0.15000000E+002 -.38881610E+005 0.77793221E+005 0.77887631E+005 0.77839968E+005 0.34152769E+005 0.32752000E+005 0.33403912E-007 0.13898487E+005 0.32752000E+005
0.10000000E+001
173
0.10348662E+001 0.10662652E+001 0.10580485E+001 0.10903360E+001 0.11215703E+001 -.98484158E+000 -.10251079E+001 -.10482998E+001 -.10412871E+001 -.10029915E+001
-.96860501E-002 -.34161597E+000 -.47098958E+000 0.18740596E+001 0.73427794E+000 0.82236357E+000 0.17763643E+000 0.41541699E+000 0.58458301E+000 0.49757851E+000
0.50242149E+000 0.61790486E+000 0.38209514E+000
0.39701736E-001 0.40664625E-001 0.41293957E-001 0.41826364E-001 0.42813834E-001 0.44105874E-001 0.46113713E-001 0.45094496E-001 0.45522275E-001 0.43769606E-001
0.52092405E-001 0.69388632E-001 0.84393668E-001 0.12299750E+000 0.10438012E+000 0.14123404E-001 0.14123404E-001 0.16850732E-001 0.16850732E-001 0.13022796E-001
0.13022796E-001 0.12788059E-001 0.12788059E-001
0.15000000E+002 -.38867954E+005 0.77765909E+005 0.77860320E+005 0.77812656E+005 0.34279987E+005 0.32752000E+005 0.20223464E-008 0.13999399E+005 0.32752000E+005
0.10000000E+001
174
0.10916116E+001 0.10623500E+001 0.10295698E+001 0.11062259E+001 0.10221763E+001 -.10540795E+001 -.10661583E+001 -.98496209E+000 -.10492973E+001 -.10856678E+001
-.19818208E-002 -.25529173E+000 -.44703371E+000 0.18315591E+001 0.78837232E+000 0.82867524E+000 0.17132476E+000 0.43652145E+000 0.56347855E+000 0.49950454E+000
0.50049546E+000 0.63240405E+000 0.36759595E+000
0.41795564E-001 0.41813849E-001 0.40072383E-001 0.41158935E-001 0.40725957E-001 0.46411707E-001 0.46319507E-001 0.46308638E-001 0.48396842E-001 0.48148646E-001
0.52446464E-001 0.69119174E-001 0.84318429E-001 0.12523461E+000 0.10446875E+000 0.13930854E-001 0.13930854E-001 0.17001276E-001 0.17001276E-001 0.13111603E-001
0.13111603E-001 0.12595328E-001 0.12595328E-001
0.15000000E+002 -.38798805E+005 0.77627609E+005 0.77722020E+005 0.77674357E+005 0.34913255E+005 0.32752000E+005 0.11102230E-015 0.13918704E+005 0.32752000E+005
0.10000000E+001
175
0.10679561E+001 0.11398702E+001 0.11372156E+001 0.10650649E+001 0.10840980E+001 -.10175387E+001 -.10492562E+001 -.10445462E+001 -.98278126E+000 -.10207089E+001
-.75433324E-001 -.31650842E+000 -.54953534E+000 0.18511815E+001 0.85923571E+000 0.82268902E+000 0.17731098E+000 0.42152691E+000 0.57847309E+000 0.48115061E+000
0.51884939E+000 0.61454630E+000 0.38545370E+000
0.40603989E-001 0.42044794E-001 0.43209237E-001 0.40585641E-001 0.40985128E-001 0.44647481E-001 0.46085087E-001 0.44320988E-001 0.42410258E-001 0.44946498E-001
0.49865058E-001 0.69029549E-001 0.83591289E-001 0.12412839E+000 0.10490562E+000 0.14272026E-001 0.14272026E-001 0.16832301E-001 0.16832301E-001 0.12448547E-001
0.12448547E-001 0.12653220E-001 0.12653220E-001
0.15000000E+002 -.38754110E+005 0.77538221E+005 0.77632632E+005 0.77584968E+005 0.34250770E+005 0.32752000E+005 0.39265470E-008 0.13832339E+005 0.32752000E+005
0.10000000E+001
176
-.11276962E+001 -.10273404E+001 -.10165392E+001 -.10907821E+001 -.10497018E+001 0.10845324E+001 0.10191305E+001 0.97749379E+000 0.10599161E+001 0.10317114E+001
-.24926279E-001 -.15729809E+001 -.38270194E+000 0.18483356E+001 0.84283975E+000 0.56840698E+000 0.43159302E+000 0.17179185E+000 0.82820815E+000 0.49376875E+000
0.50623125E+000 0.36762801E+000 0.63237199E+000
0.50004890E-001 0.46298101E-001 0.46090941E-001 0.48362559E-001 0.49160061E-001 0.42694761E-001 0.40194858E-001 0.39947135E-001 0.42203884E-001 0.40541673E-001
0.53060438E-001 0.10119893E+000 0.64161694E-001 0.12658097E+000 0.10631002E+000 0.17000862E-001 0.17000862E-001 0.14398524E-001 0.14398524E-001 0.13263049E-001
0.13263049E-001 0.12952567E-001 0.12952567E-001
0.15000000E+002 -.38858317E+005 0.77746634E+005 0.77841045E+005 0.77793382E+005 0.34026152E+005 0.32752000E+005 0.43752765E-006 0.13991036E+005 0.32752000E+005
0.10000000E+001
177
-.10116511E+001 -.98932326E+000 -.10162502E+001 -.10083815E+001 -.10265515E+001 0.10695847E+001 0.11054362E+001 0.11331328E+001 0.10854621E+001 0.11140063E+001
0.41886897E-001 -.15275527E+001 -.28328845E+000 0.17881935E+001 0.72335798E+000 0.56479381E+000 0.43520619E+000 0.17835204E+000 0.82164796E+000 0.51047019E+000
0.48952981E+000 0.37561905E+000 0.62438095E+000
0.44868657E-001 0.43862881E-001 0.45180290E-001 0.46382933E-001 0.44403338E-001 0.40825313E-001 0.42301314E-001 0.42364536E-001 0.40235934E-001 0.41660187E-001
0.49696451E-001 0.10066655E+000 0.57557439E-001 0.12327321E+000 0.10670010E+000 0.16666709E-001 0.16666709E-001 0.14751937E-001 0.14751937E-001 0.12418665E-001
0.12418665E-001 0.12948337E-001 0.12948337E-001
0.15000000E+002 -.38791919E+005 0.77613839E+005 0.77708250E+005 0.77660586E+005 0.34132061E+005 0.32752000E+005 0.51642265E-007 0.13926424E+005 0.32752000E+005
0.10000000E+001
178
0.10724502E+001 0.10467689E+001 0.10396812E+001 0.10884789E+001 0.11092010E+001 -.10204540E+001 -.10324430E+001 -.97727241E+000 -.92467113E+000 -.10383664E+001
-.77292149E-001 -.30284811E+000 -.62044268E+000 0.18172726E+001 0.74297643E+000 0.81971599E+000 0.18028401E+000 0.42486139E+000 0.57513861E+000 0.48068658E+000
0.51931342E+000 0.61466270E+000 0.38533730E+000
0.42193193E-001 0.42942322E-001 0.42339969E-001 0.44122209E-001 0.42261080E-001 0.45232332E-001 0.44010364E-001 0.42585843E-001 0.40562866E-001 0.45989953E-001
0.54774879E-001 0.67641525E-001 0.85649013E-001 0.12711186E+000 0.10644769E+000 0.14823061E-001 0.14823061E-001 0.16528490E-001 0.16528490E-001 0.13673288E-001
0.13673288E-001 0.12740155E-001 0.12740155E-001
0.15000000E+002 -.38964556E+005 0.77959112E+005 0.78053522E+005 0.78005859E+005 0.34407118E+005 0.32752000E+005 0.98509312E-010 0.14113464E+005 0.32752000E+005
0.10000000E+001
179
0.10410383E+001 0.11261450E+001 0.10980205E+001 0.11399842E+001 0.10250800E+001 -.10567860E+001 -.10018448E+001 -.10143929E+001 -.10644048E+001 -.95792487E+000
-.76668237E-001 -.32537977E+000 -.54276088E+000 0.18440320E+001 0.75752069E+000 0.82033993E+000 0.17966007E+000 0.41936522E+000 0.58063478E+000 0.48084232E+000
0.51915768E+000 0.61217083E+000 0.38782917E+000
0.40795254E-001 0.42332121E-001 0.43147714E-001 0.42777243E-001 0.41018053E-001 0.45165982E-001 0.45080998E-001 0.43446935E-001 0.46226993E-001 0.41676969E-001
0.50315750E-001 0.69544277E-001 0.79049104E-001 0.12260103E+000 0.10352440E+000 0.14257824E-001 0.14257824E-001 0.16933895E-001 0.16933895E-001 0.12560471E-001
0.12560471E-001 0.12889368E-001 0.12889368E-001
0.15000000E+002 -.38838619E+005 0.77707239E+005 0.77801650E+005 0.77753986E+005 0.34669701E+005 0.32752000E+005 0.96145314E-013 0.13879503E+005 0.32752000E+005
0.10000000E+001
180
0.11309873E+001 0.11099428E+001 0.10786238E+001 0.10801269E+001 0.10902491E+001 -.10678135E+001 -.96907317E+000 -.10178085E+001 -.10436920E+001 -.99358801E+000
-.12154748E+000 -.28005538E+000 -.61013561E+000 0.18538088E+001 0.83873115E+000 0.82831802E+000 0.17168198E+000 0.43044020E+000 0.56955980E+000 0.46965049E+000
0.53034951E+000 0.61730371E+000 0.38269629E+000
0.43324243E-001 0.42081702E-001 0.41841457E-001 0.41942847E-001 0.41912322E-001 0.44870105E-001 0.43410765E-001 0.45264619E-001 0.44611546E-001 0.43284626E-001
0.52718919E-001 0.67153672E-001 0.82312427E-001 0.12529849E+000 0.10383891E+000 0.14064668E-001 0.14064668E-001 0.16463490E-001 0.16463490E-001 0.13131171E-001
0.13131171E-001 0.12435601E-001 0.12435601E-001
0.15000000E+002 -.38771850E+005 0.77573700E+005 0.77668111E+005 0.77620448E+005 0.34676229E+005 0.32752000E+005 0.80047080E-013 0.13925322E+005 0.32752000E+005
0.10000000E+001
181
0.11013742E+001 0.10704847E+001 0.11260064E+001 0.10832112E+001 0.10616833E+001 -.10051596E+001 -.95788738E+000 -.10061444E+001 -.10117679E+001 -.10345476E+001
-.66155251E-001 -.33215379E+000 -.51173081E+000 0.17816814E+001 0.81060117E+000 0.80992572E+000 0.19007428E+000 0.41771667E+000 0.58228333E+000 0.48346722E+000
0.51653278E+000 0.60733689E+000 0.39266311E+000
0.42626503E-001 0.44856296E-001 0.44919892E-001 0.43422771E-001 0.42830438E-001 0.46528753E-001 0.43079846E-001 0.46098692E-001 0.47171985E-001 0.47361483E-001
0.54396800E-001 0.69796992E-001 0.85992541E-001 0.12175239E+000 0.10551460E+000 0.14811813E-001 0.14811813E-001 0.16976684E-001 0.16976684E-001 0.13584331E-001
0.13584331E-001 0.13436018E-001 0.13436018E-001
0.15000000E+002 -.38865106E+005 0.77760212E+005 0.77854623E+005 0.77806960E+005 0.34842048E+005 0.32752000E+005 0.66613381E-015 0.13983587E+005 0.32752000E+005
0.10000000E+001
182
0.11174742E+001 0.10919829E+001 0.10611120E+001 0.10729866E+001 0.10502410E+001 -.98739490E+000 -.98486924E+000 -.10236820E+001 -.10326109E+001 -.98193103E+000
0.11335412E-001 -.32427849E+000 -.53927014E+000 0.18610406E+001 0.78899933E+000 0.82299354E+000 0.17700646E+000 0.41963340E+000 0.58036660E+000 0.50283382E+000
0.49716618E+000 0.62245652E+000 0.37754348E+000
0.43521254E-001 0.40975524E-001 0.41395985E-001 0.42665869E-001 0.41307972E-001 0.44051166E-001 0.46090594E-001 0.45651304E-001 0.45068551E-001 0.45288183E-001
0.52336221E-001 0.68290809E-001 0.82278741E-001 0.12585983E+000 0.10616240E+000 0.14737995E-001 0.14737995E-001 0.16631626E-001 0.16631626E-001 0.13083635E-001
0.13083635E-001 0.12920832E-001 0.12920832E-001
0.15000000E+002 -.38892388E+005 0.77814777E+005 0.77909188E+005 0.77861524E+005 0.34638925E+005 0.32752000E+005 0.22737368E-012 0.13882335E+005 0.32752000E+005
0.10000000E+001
183
-.10476785E+001 -.94403194E+000 -.97345627E+000 -.10485174E+001 -.10832283E+001 0.10612870E+001 0.11331815E+001 0.11463025E+001 0.10636889E+001 0.10483649E+001
0.78240206E-001 -.14691881E+001 -.20461720E+000 0.17012259E+001 0.68578555E+000 0.55775057E+000 0.44224943E+000 0.18706606E+000 0.81293394E+000 0.51955008E+000
0.48044992E+000 0.37965523E+000 0.62034477E+000
0.43904981E-001 0.42787339E-001 0.42130750E-001 0.44951240E-001 0.44829256E-001 0.41716399E-001 0.40794151E-001 0.42361633E-001 0.40257057E-001 0.41408681E-001
0.50396172E-001 0.95287069E-001 0.63386125E-001 0.12157619E+000 0.10347956E+000 0.16654450E-001 0.16654450E-001 0.14490528E-001 0.14490528E-001 0.12579781E-001
0.12579781E-001 0.12407358E-001 0.12407358E-001
0.15000000E+002 -.38832431E+005 0.77694861E+005 0.77789272E+005 0.77741608E+005 0.33873288E+005 0.32752000E+005 0.72987469E-005 0.13889802E+005 0.32752000E+005
0.10000000E+001
184
0.10748056E+001 0.10382589E+001 0.10896825E+001 0.10715659E+001 0.10807762E+001 -.98162609E+000 -.99259770E+000 -.10135051E+001 -.10458396E+001 -.10247304E+001
-.53042654E-001 -.22943260E+000 -.59349924E+000 0.17742772E+001 0.86391386E+000 0.82416788E+000 0.17583212E+000 0.44289214E+000 0.55710786E+000 0.48674244E+000
0.51325756E+000 0.62847523E+000 0.37152477E+000
0.39879237E-001 0.40444201E-001 0.39778764E-001 0.40783465E-001 0.40250025E-001 0.43425356E-001 0.42266458E-001 0.45273330E-001 0.43740731E-001 0.44079194E-001
0.49910605E-001 0.66854359E-001 0.87296322E-001 0.12437256E+000 0.10713429E+000 0.14290179E-001 0.14290179E-001 0.16495557E-001 0.16495557E-001 0.12468879E-001
0.12468879E-001 0.12154797E-001 0.12154797E-001
0.15000000E+002 -.38914759E+005 0.77859518E+005 0.77953929E+005 0.77906265E+005 0.33218126E+005 0.32752000E+005 0.34740162E-001 0.13951094E+005 0.32752000E+005
0.10000000E+001
185
0.10042385E+001 0.11260457E+001 0.10349243E+001 0.11224890E+001 0.10857784E+001 -.10071807E+001 -.10380006E+001 -.10251010E+001 -.10349952E+001 -.10535025E+001
-.51925801E-002 -.34721357E+000 -.57325993E+000 0.19592182E+001 0.82473136E+000 0.83368952E+000 0.16631048E+000 0.41405829E+000 0.58594171E+000 0.49870186E+000
0.50129814E+000 0.62332916E+000 0.37667084E+000
0.39496380E-001 0.40547708E-001 0.41453028E-001 0.41632291E-001 0.40589618E-001 0.44525476E-001 0.46305721E-001 0.43450361E-001 0.45016310E-001 0.45564791E-001
0.50351305E-001 0.68079480E-001 0.87052662E-001 0.12583828E+000 0.10540143E+000 0.13950708E-001 0.13950708E-001 0.16517036E-001 0.16517036E-001 0.12587741E-001
0.12587741E-001 0.12444263E-001 0.12444263E-001
0.15000000E+002 -.38802368E+005 0.77634736E+005 0.77729146E+005 0.77681483E+005 0.34212366E+005 0.32752000E+005 0.92284428E-008 0.13893314E+005 0.32752000E+005
0.10000000E+001
186
-.10762730E+001 -.10460946E+001 -.11420974E+001 -.10558701E+001 -.10028027E+001 0.10128449E+001 0.10284849E+001 0.10230339E+001 0.98721728E+000 0.97309758E+000
-.11633825E-001 -.16973776E+001 -.32247689E+000 0.18715177E+001 0.74662915E+000 0.54342534E+000 0.45657466E+000 0.15480808E+000 0.84519192E+000 0.49709158E+000
0.50290842E+000 0.34798644E+000 0.65201356E+000
0.48419681E-001 0.47281833E-001 0.49227729E-001 0.48450419E-001 0.45682962E-001 0.39782827E-001 0.39974384E-001 0.41243896E-001 0.39270568E-001 0.39720159E-001
0.54939796E-001 0.10529223E+000 0.62263533E-001 0.13195213E+000 0.10691646E+000 0.17130623E-001 0.17130623E-001 0.13776702E-001 0.13776702E-001 0.13734484E-001
0.13734484E-001 0.12623069E-001 0.12623069E-001
0.15000000E+002 -.38980302E+005 0.77990604E+005 0.78085014E+005 0.78037351E+005 0.34005773E+005 0.32752000E+005 0.64856325E-006 0.14001971E+005 0.32752000E+005
0.10000000E+001
187
0.11016037E+001 0.10879379E+001 0.11103260E+001 0.11096235E+001 0.10600778E+001 -.10311921E+001 -.10256430E+001 -.10287078E+001 -.10073067E+001 -.10110335E+001
-.44249723E-001 -.36346283E+000 -.50344546E+000 0.18412449E+001 0.66340327E+000 0.81423735E+000 0.18576265E+000 0.41012157E+000 0.58987843E+000 0.48893937E+000
0.51106063E+000 0.60770969E+000 0.39229031E+000
0.42448791E-001 0.43080374E-001 0.44170165E-001 0.42862069E-001 0.42053466E-001 0.44842905E-001 0.43589123E-001 0.44010641E-001 0.44451414E-001 0.44136428E-001
0.50647883E-001 0.70075120E-001 0.79659819E-001 0.12273915E+000 0.10268753E+000 0.14848769E-001 0.14848769E-001 0.16952704E-001 0.16952704E-001 0.12655775E-001
0.12655775E-001 0.13250248E-001 0.13250248E-001
0.15000000E+002 -.38803845E+005 0.77637691E+005 0.77732102E+005 0.77684438E+005 0.34499946E+005 0.32752000E+005 0.94467767E-011 0.13993589E+005 0.32752000E+005
0.10000000E+001
188
-.92098042E+000 -.98957206E+000 -.99384858E+000 -.95368555E+000 -.10480791E+001 0.10387260E+001 0.11370338E+001 0.11074607E+001 0.11508331E+001 0.11935677E+001
0.31637159E-001 -.13367895E+001 -.24682530E+000 0.17982835E+001 0.81199321E+000 0.61336853E+000 0.38663147E+000 0.20803853E+000 0.79196147E+000 0.50790863E+000
0.49209137E+000 0.41390913E+000 0.58609087E+000
0.40974340E-001 0.44180297E-001 0.43782793E-001 0.43107248E-001 0.46301131E-001 0.42550628E-001 0.43454790E-001 0.43654028E-001 0.44030117E-001 0.43973383E-001
0.53289868E-001 0.87698894E-001 0.63046044E-001 0.11779924E+000 0.10202077E+000 0.16667937E-001 0.16667937E-001 0.14449138E-001 0.14449138E-001 0.13319134E-001
0.13319134E-001 0.12684501E-001 0.12684501E-001
0.15000000E+002 -.38819573E+005 0.77669146E+005 0.77763557E+005 0.77715893E+005 0.34453486E+005 0.32752000E+005 0.30988212E-010 0.13891980E+005 0.32752000E+005
0.10000000E+001
189
0.10831291E+001 0.10794607E+001 0.10942211E+001 0.10967702E+001 0.10541871E+001 -.95966613E+000 -.10173917E+001 -.10297851E+001 -.10134822E+001 -.88939966E+000
-.88097844E-001 -.40831259E+000 -.44321007E+000 0.21141954E+001 0.67713400E+000 0.84630151E+000 0.15369849E+000 0.39931680E+000 0.60068320E+000 0.47798977E+000
0.52201023E+000 0.61297092E+000 0.38702908E+000
0.41489688E-001 0.41052457E-001 0.42622687E-001 0.41393269E-001 0.40293555E-001 0.42709476E-001 0.43907650E-001 0.43886026E-001 0.45472421E-001 0.41769577E-001
0.50186482E-001 0.68945797E-001 0.83416071E-001 0.13594244E+000 0.10495955E+000 0.14194493E-001 0.14194493E-001 0.16537538E-001 0.16537538E-001 0.12522308E-001
0.12522308E-001 0.12393218E-001 0.12393218E-001
0.15000000E+002 -.38944575E+005 0.77919149E+005 0.78013560E+005 0.77965897E+005 0.34485120E+005 0.32752000E+005 0.13845147E-010 0.14031303E+005 0.32752000E+005
0.10000000E+001
190
0.11491966E+001 0.11416884E+001 0.10706249E+001 0.10928091E+001 0.11264437E+001 -.99466112E+000 -.96979096E+000 -.93307514E+000 -.10693171E+001 -.10031132E+001
-.90288956E-001 -.32936967E+000 -.48643478E+000 0.20761009E+001 0.70777454E+000 0.85154004E+000 0.14845996E+000 0.41839400E+000 0.58160600E+000 0.47744308E+000
0.52255692E+000 0.62519658E+000 0.37480342E+000
0.42195371E-001 0.41692695E-001 0.40101625E-001 0.42996332E-001 0.41928062E-001 0.44632004E-001 0.44182068E-001 0.43782118E-001 0.44385831E-001 0.44283718E-001
0.51531320E-001 0.67802576E-001 0.83938670E-001 0.13406282E+000 0.10468617E+000 0.13784923E-001 0.13784923E-001 0.16499110E-001 0.16499110E-001 0.12856610E-001
0.12856610E-001 0.12484844E-001 0.12484844E-001
0.15000000E+002 -.38726942E+005 0.77483884E+005 0.77578294E+005 0.77530631E+005 0.34520866E+005 0.32752000E+005 0.54809490E-011 0.13857840E+005 0.32752000E+005
0.10000000E+001
191
0.10976110E+001 0.10520206E+001 0.10475464E+001 0.11152054E+001 0.10693333E+001 -.10160205E+001 -.10188874E+001 -.10220838E+001 -.98591123E+000 -.99527031E+000
-.12572412E-002 -.35009461E+000 -.55786629E+000 0.18616505E+001 0.89972378E+000 0.81929168E+000 0.18070832E+000 0.41335948E+000 0.58664052E+000 0.49968569E+000
0.50031431E+000 0.61619799E+000 0.38380201E+000
0.42171062E-001 0.41850744E-001 0.42334558E-001 0.41770589E-001 0.40296805E-001 0.45281826E-001 0.44673267E-001 0.44683755E-001 0.45603702E-001 0.45362227E-001
0.50833304E-001 0.69422684E-001 0.85619203E-001 0.12239195E+000 0.10605526E+000 0.14306648E-001 0.14306648E-001 0.16834544E-001 0.16834544E-001 0.12708321E-001
0.12708321E-001 0.12806372E-001 0.12806372E-001
0.15000000E+002 -.38887723E+005 0.77805445E+005 0.77899856E+005 0.77852193E+005 0.35062604E+005 0.32752000E+005 0.00000000E+000 0.13960535E+005 0.32752000E+005
0.10000000E+001
192
-.99502656E+000 -.10385720E+001 -.10287418E+001 -.10131557E+001 -.10421118E+001 0.11063998E+001 0.10477669E+001 0.10562203E+001 0.98717348E+000 0.10507558E+001
-.51815130E-002 -.16509313E+001 -.31068508E+000 0.19539332E+001 0.89615249E+000 0.57517620E+000 0.42482380E+000 0.16098312E+000 0.83901688E+000 0.49870462E+000
0.50129538E+000 0.36754312E+000 0.63245688E+000
0.45890981E-001 0.45424039E-001 0.45813792E-001 0.45040761E-001 0.44895584E-001 0.41694221E-001 0.40847682E-001 0.40681711E-001 0.39379021E-001 0.41533266E-001
0.51206853E-001 0.10393202E+000 0.63780566E-001 0.12969805E+000 0.10740879E+000 0.17444978E-001 0.17444978E-001 0.14037844E-001 0.14037844E-001 0.12801627E-001
0.12801627E-001 0.13029453E-001 0.13029453E-001
0.15000000E+002 -.38910778E+005 0.77851556E+005 0.77945966E+005 0.77898303E+005 0.34588841E+005 0.32752000E+005 0.89739327E-012 0.14036739E+005 0.32752000E+005
0.10000000E+001
193
0.10602218E+001 0.11263096E+001 0.10918551E+001 0.10559891E+001 0.11195642E+001 -.10118023E+001 -.10686220E+001 -.10221862E+001 -.10143791E+001 -.10031144E+001
-.47899768E-001 -.36528771E+000 -.53790878E+000 0.19040364E+001 0.86853554E+000 0.82328275E+000 0.17671725E+000 0.40968017E+000 0.59031983E+000 0.48802735E+000
0.51197265E+000 0.61152954E+000 0.38847046E+000
0.40616797E-001 0.43877017E-001 0.40838834E-001 0.40704240E-001 0.41747134E-001 0.43942224E-001 0.44831366E-001 0.45741425E-001 0.43813215E-001 0.44941671E-001
0.50618853E-001 0.69163788E-001 0.82333911E-001 0.12341553E+000 0.10387251E+000 0.13948342E-001 0.13948342E-001 0.16726731E-001 0.16726731E-001 0.12647457E-001
0.12647457E-001 0.12467997E-001 0.12467997E-001
0.15000000E+002 -.38775846E+005 0.77581692E+005 0.77676102E+005 0.77628439E+005 0.34323271E+005 0.32752000E+005 0.74079876E-009 0.13939064E+005 0.32752000E+005
0.10000000E+001
194
0.11312976E+001 0.10648871E+001 0.10319505E+001 0.10801973E+001 0.10990473E+001 -.94951353E+000 -.99745287E+000 -.10225979E+001 -.10114211E+001 -.11016827E+001
-.57790818E-001 -.32728785E+000 -.53297808E+000 0.18819571E+001 0.77017010E+000 0.82558709E+000 0.17441291E+000 0.41890068E+000 0.58109932E+000 0.48555632E+000
0.51444368E+000 0.61636983E+000 0.38363017E+000
0.42749750E-001 0.41976291E-001 0.41637216E-001 0.41834950E-001 0.43375435E-001 0.45038900E-001 0.44207434E-001 0.43999627E-001 0.45394441E-001 0.47209197E-001
0.51512971E-001 0.70820647E-001 0.82176744E-001 0.12612267E+000 0.10441931E+000 0.14330371E-001 0.14330371E-001 0.17239367E-001 0.17239367E-001 0.12867496E-001
0.12867496E-001 0.13072629E-001 0.13072629E-001
0.15000000E+002 -.38838857E+005 0.77707714E+005 0.77802124E+005 0.77754461E+005 0.34336752E+005 0.32752000E+005 0.53902593E-009 0.13938822E+005 0.32752000E+005
0.10000000E+001
195
0.10482533E+001 0.10760823E+001 0.11180138E+001 0.10881095E+001 0.10137956E+001 -.10488885E+001 -.10856081E+001 -.10941602E+001 -.10767863E+001 -.10828405E+001
0.80288986E-001 -.32472305E+000 -.40743553E+000 0.18552117E+001 0.61283952E+000 0.82207779E+000 0.17792221E+000 0.41952514E+000 0.58047486E+000 0.52006147E+000
0.47993853E+000 0.62887726E+000 0.37112274E+000
0.39884056E-001 0.40374878E-001 0.41231017E-001 0.38348425E-001 0.38443944E-001 0.43086972E-001 0.45708128E-001 0.47242929E-001 0.46845130E-001 0.46400851E-001
0.49691383E-001 0.69392363E-001 0.80790186E-001 0.12073076E+000 0.10169372E+000 0.13441689E-001 0.13441689E-001 0.16898692E-001 0.16898692E-001 0.12402847E-001
0.12402847E-001 0.11985346E-001 0.11985346E-001
0.15000000E+002 -.38693428E+005 0.77416855E+005 0.77511266E+005 0.77463603E+005 0.34052722E+005 0.32752000E+005 0.25967726E-006 0.13746416E+005 0.32752000E+005
0.10000000E+001
196
0.11011409E+001 0.10498768E+001 0.11200659E+001 0.10524984E+001 0.10366921E+001 -.10839092E+001 -.10476078E+001 -.10600381E+001 -.10057119E+001 -.10208158E+001
-.90673832E-002 -.32809532E+000 -.54367723E+000 0.18480875E+001 0.71767082E+000 0.82053733E+000 0.17946267E+000 0.41870413E+000 0.58129587E+000 0.49773317E+000
0.50226683E+000 0.61870984E+000 0.38129016E+000
0.41702144E-001 0.41329026E-001 0.42211825E-001 0.40713133E-001 0.40711940E-001 0.46592668E-001 0.43477566E-001 0.45122786E-001 0.44139520E-001 0.42772902E-001
0.50883693E-001 0.68004975E-001 0.83052370E-001 0.12142039E+000 0.10410316E+000 0.13789021E-001 0.13789021E-001 0.16551798E-001 0.16551798E-001 0.12720662E-001
0.12720662E-001 0.12113981E-001 0.12113981E-001
0.15000000E+002 -.38794082E+005 0.77618165E+005 0.77712575E+005 0.77664912E+005 0.33754526E+005 0.32752000E+005 0.52141379E-004 0.13825139E+005 0.32752000E+005
0.10000000E+001
197
-.10794928E+001 -.96232165E+000 -.10672417E+001 -.10697796E+001 -.10547322E+001 0.10098284E+001 0.95508024E+000 0.10343319E+001 0.10481986E+001 0.10273345E+001
-.47511229E-001 -.15638981E+001 -.29722986E+000 0.18299728E+001 0.82414877E+000 0.56612900E+000 0.43387100E+000 0.17308801E+000 0.82691199E+000 0.48812443E+000
0.51187557E+000 0.36494092E+000 0.63505908E+000
0.46393246E-001 0.44754964E-001 0.45401477E-001 0.46566198E-001 0.47159162E-001 0.40655654E-001 0.37304990E-001 0.41121007E-001 0.40700057E-001 0.39398399E-001
0.50188275E-001 0.10048770E+000 0.62975460E-001 0.12695126E+000 0.10686111E+000 0.17609992E-001 0.17609992E-001 0.14382659E-001 0.14382659E-001 0.12539991E-001
0.12539991E-001 0.12959955E-001 0.12959955E-001
0.15000000E+002 -.39019040E+005 0.78068079E+005 0.78162490E+005 0.78114827E+005 0.34100125E+005 0.32752000E+005 0.99961312E-007 0.14119533E+005 0.32752000E+005
0.10000000E+001
198
-.10166729E+001 -.97825860E+000 -.10298669E+001 -.99568161E+000 -.10102320E+001 0.11202916E+001 0.11191897E+001 0.10995140E+001 0.10933622E+001 0.11373744E+001
0.94662620E-001 -.16903876E+001 -.22502935E+000 0.21446257E+001 0.70946430E+000 0.61164643E+000 0.38835357E+000 0.15572488E+000 0.84427512E+000 0.52364800E+000
0.47635200E+000 0.39446728E+000 0.60553272E+000
0.45146850E-001 0.41380930E-001 0.42052306E-001 0.41965714E-001 0.44237801E-001 0.40941148E-001 0.42053593E-001 0.41740480E-001 0.42507638E-001 0.41466700E-001
0.49863574E-001 0.10508319E+000 0.62139211E-001 0.13124498E+000 0.10145942E+000 0.16118382E-001 0.16118382E-001 0.13815775E-001 0.13815775E-001 0.12438008E-001
0.12438008E-001 0.12226950E-001 0.12226950E-001
0.15000000E+002 -.38730111E+005 0.77490223E+005 0.77584633E+005 0.77536970E+005 0.33497292E+005 0.32752000E+005 0.19090653E-002 0.13689440E+005 0.32752000E+005
0.10000000E+001
199
0.10581690E+001 0.10978144E+001 0.11057392E+001 0.11171279E+001 0.11291775E+001 -.10016403E+001 -.10012091E+001 -.99438921E+000 -.10363178E+001 -.10128432E+001
-.11180316E-001 -.38934699E+000 -.66430979E+000 0.17772695E+001 0.98449803E+000 0.80026037E+000 0.19973963E+000 0.40387451E+000 0.59612549E+000 0.49720495E+000
0.50279505E+000 0.60095952E+000 0.39904048E+000
0.41890696E-001 0.40917182E-001 0.41763915E-001 0.42091438E-001 0.42392582E-001 0.42200978E-001 0.45291271E-001 0.44606402E-001 0.44636797E-001 0.44112197E-001
0.49952348E-001 0.72471518E-001 0.82581414E-001 0.11802071E+000 0.10518866E+000 0.14118826E-001 0.14118826E-001 0.17448235E-001 0.17448235E-001 0.12487697E-001
0.12487697E-001 0.12854632E-001 0.12854632E-001
0.15000000E+002 -.38805722E+005 0.77641445E+005 0.77735855E+005 0.77688192E+005 0.34152290E+005 0.32752000E+005 0.33744784E-007 0.13930272E+005 0.32752000E+005
0.10000000E+001
200
0.10446344E+001 0.10945775E+001 0.10807728E+001 0.10810144E+001 0.10723954E+001 -.10445658E+001 -.10241060E+001 -.10756157E+001 -.10496592E+001 -.10187378E+001
-.48868015E-001 -.23893716E+000 -.43750896E+000 0.16873486E+001 0.65784034E+000 0.80975384E+000 0.19024616E+000 0.44054829E+000 0.55945171E+000 0.48778543E+000
0.51221457E+000 0.62064138E+000 0.37935862E+000
0.40345008E-001 0.41173361E-001 0.42382721E-001 0.39407105E-001 0.40892667E-001 0.44389785E-001 0.43847164E-001 0.45027529E-001 0.45783950E-001 0.43234280E-001
0.49898728E-001 0.66123498E-001 0.80834111E-001 0.11823490E+000 0.10288675E+000 0.14119468E-001 0.14119468E-001 0.16297161E-001 0.16297161E-001 0.12467237E-001
0.12467237E-001 0.11934819E-001 0.11934819E-001
0.15000000E+002 -.38834075E+005 0.77698149E+005 0.77792560E+005 0.77744897E+005 0.34128168E+005 0.32752000E+005 0.56013588E-007 0.13858735E+005 0.32752000E+005
0.10000000E+001
201
-.10592381E+001 -.10176674E+001 -.10024138E+001 -.97566081E+000 -.98152816E+000 0.11304203E+001 0.10969323E+001 0.10559959E+001 0.10850837E+001 0.10405112E+001
0.36422786E-001 -.17132893E+001 -.27186931E+000 0.21136022E+001 0.83138000E+000 0.59876283E+000 0.40123717E+000 0.15273756E+000 0.84726244E+000 0.50910469E+000
0.49089531E+000 0.37981112E+000 0.62018888E+000
0.48587644E-001 0.45823050E-001 0.45732076E-001 0.44309775E-001 0.45138058E-001 0.43979398E-001 0.42720745E-001 0.41982320E-001 0.42678573E-001 0.40857504E-001
0.53916901E-001 0.10530877E+000 0.61987815E-001 0.13320616E+000 0.10442830E+000 0.17128810E-001 0.17128810E-001 0.13627881E-001 0.13627881E-001 0.13474756E-001
0.13474756E-001 0.12945156E-001 0.12945156E-001
0.15000000E+002 -.38813461E+005 0.77656922E+005 0.77751332E+005 0.77703669E+005 0.35293468E+005 0.32752000E+005 0.00000000E+000 0.14116916E+005 0.32752000E+005
0.10000000E+001
202
0.10954073E+001 0.10738468E+001 0.10700017E+001 0.10480938E+001 0.11118526E+001 -.10985904E+001 -.11195740E+001 -.10871339E+001 -.10285498E+001 -.10195475E+001
0.51832607E-001 -.30930062E+000 -.43465482E+000 0.19183032E+001 0.69254132E+000 0.83327286E+000 0.16672714E+000 0.42328546E+000 0.57671454E+000 0.51295525E+000
0.48704475E+000 0.63359065E+000 0.36640935E+000
0.41316028E-001 0.40118216E-001 0.39118735E-001 0.39176774E-001 0.40606154E-001 0.44697403E-001 0.46929016E-001 0.46970294E-001 0.44578347E-001 0.45192756E-001
0.48712513E-001 0.69166931E-001 0.83764153E-001 0.12160652E+000 0.10233289E+000 0.13151710E-001 0.13151710E-001 0.16884677E-001 0.16884677E-001 0.12169952E-001
0.12169952E-001 0.12085759E-001 0.12085759E-001
0.15000000E+002 -.38654368E+005 0.77338737E+005 0.77433147E+005 0.77385484E+005 0.34096220E+005 0.32752000E+005 0.10826389E-006 0.13718199E+005 0.32752000E+005
0.10000000E+001
203
0.10217775E+001 0.10139880E+001 0.10476772E+001 0.10613573E+001 0.10440048E+001 -.11297296E+001 -.10212225E+001 -.10203829E+001 -.11311337E+001 -.10844830E+001
0.43312350E-001 -.27853289E+000 -.44887374E+000 0.18878059E+001 0.72707972E+000 0.83331043E+000 0.16668957E+000 0.43081349E+000 0.56918651E+000 0.51082640E+000
0.48917360E+000 0.63641955E+000 0.36358045E+000
0.40308060E-001 0.38456917E-001 0.38941086E-001 0.40634842E-001 0.41354946E-001 0.47455885E-001 0.46044180E-001 0.46738958E-001 0.47369400E-001 0.45334261E-001
0.50402601E-001 0.70032490E-001 0.82880750E-001 0.12473527E+000 0.10374138E+000 0.13578173E-001 0.13578173E-001 0.17172893E-001 0.17172893E-001 0.12594742E-001
0.12594742E-001 0.12458977E-001 0.12458977E-001
0.15000000E+002 -.38814297E+005 0.77658594E+005 0.77753005E+005 0.77705341E+005 0.34359378E+005 0.32752000E+005 0.31436831E-009 0.13863530E+005 0.32752000E+005
0.10000000E+001
204
0.10286393E+001 0.10156481E+001 0.10140671E+001 0.10401990E+001 0.10308302E+001 -.10394484E+001 -.10551898E+001 -.11287359E+001 -.10607734E+001 -.11042738E+001
0.10243612E+000 -.24977965E+000 -.48319963E+000 0.18033196E+001 0.72856272E+000 0.82542442E+000 0.17457558E+000 0.43787773E+000 0.56212227E+000 0.52558666E+000
0.47441334E+000 0.64156710E+000 0.35843290E+000
0.38932350E-001 0.39875576E-001 0.40144853E-001 0.41529764E-001 0.39471392E-001 0.47362225E-001 0.45752529E-001 0.48435546E-001 0.45380677E-001 0.48360127E-001
0.51176673E-001 0.71633697E-001 0.86826032E-001 0.12328025E+000 0.10595056E+000 0.13770195E-001 0.13770195E-001 0.17631977E-001 0.17631977E-001 0.12760664E-001
0.12760664E-001 0.12726271E-001 0.12726271E-001
0.15000000E+002 -.38868647E+005 0.77767294E+005 0.77861705E+005 0.77814042E+005 0.34894763E+005 0.32752000E+005 0.11102230E-015 0.13991216E+005 0.32752000E+005
0.10000000E+001
205
0.11276579E+001 0.11382860E+001 0.11573041E+001 0.11295086E+001 0.11406494E+001 -.98713410E+000 -.98695531E+000 -.96921880E+000 -.95111834E+000 -.99001182E+000
-.16276060E+000 -.46098503E+000 -.69878727E+000 0.20712554E+001 0.84882175E+000 0.83344892E+000 0.16655108E+000 0.38675217E+000 0.61324783E+000 0.45939944E+000
0.54060056E+000 0.59196441E+000 0.40803559E+000
0.43715541E-001 0.43370830E-001 0.43802135E-001 0.43540648E-001 0.45010610E-001 0.42118332E-001 0.43316144E-001 0.42115569E-001 0.42328149E-001 0.41778609E-001
0.53121553E-001 0.68104148E-001 0.82659167E-001 0.13068821E+000 0.10352500E+000 0.13994514E-001 0.13994514E-001 0.16152597E-001 0.16152597E-001 0.13192823E-001
0.13192823E-001 0.12165551E-001 0.12165551E-001
0.15000000E+002 -.38756295E+005 0.77542589E+005 0.77637000E+005 0.77589337E+005 0.34152465E+005 0.32752000E+005 0.33619663E-007 0.13800375E+005 0.32752000E+005
0.10000000E+001
206
-.11057998E+001 -.10640312E+001 -.10638697E+001 -.10406573E+001 -.10769785E+001 0.10376819E+001 0.10214859E+001 0.10854177E+001 0.10777350E+001 0.10339104E+001
-.70383365E-001 -.16753295E+001 -.32186637E+000 0.20822901E+001 0.61704748E+000 0.60035887E+000 0.39964113E+000 0.15771491E+000 0.84228509E+000 0.48241142E+000
0.51758858E+000 0.37125141E+000 0.62874859E+000
0.47042725E-001 0.46824914E-001 0.46693182E-001 0.46613450E-001 0.45053020E-001 0.39177663E-001 0.38433200E-001 0.40164356E-001 0.39458861E-001 0.40195867E-001
0.48649072E-001 0.99364775E-001 0.60859848E-001 0.12622408E+000 0.10126516E+000 0.16983825E-001 0.16983825E-001 0.13199708E-001 0.13199708E-001 0.12147218E-001
0.12147218E-001 0.12313125E-001 0.12313125E-001
0.15000000E+002 -.38766673E+005 0.77563346E+005 0.77657756E+005 0.77610093E+005 0.34575722E+005 0.32752000E+005 0.12786439E-011 0.13880083E+005 0.32752000E+005
0.10000000E+001
207
0.10720086E+001 0.11012153E+001 0.10580658E+001 0.11066471E+001 0.10489802E+001 -.10513707E+001 -.98699174E+000 -.98102891E+000 -.10850065E+001 -.10204893E+001
-.40199317E-001 -.42114592E+000 -.55447732E+000 0.20414819E+001 0.77769015E+000 0.83484147E+000 0.16515853E+000 0.39624257E+000 0.60375743E+000 0.48995152E+000
0.51004848E+000 0.61113477E+000 0.38886523E+000
0.40755587E-001 0.40687915E-001 0.39410455E-001 0.42209791E-001 0.39495834E-001 0.43727009E-001 0.42182321E-001 0.42603434E-001 0.43636641E-001 0.42864693E-001
0.48775834E-001 0.69241363E-001 0.82323739E-001 0.12732979E+000 0.10400312E+000 0.13715879E-001 0.13715879E-001 0.16564916E-001 0.16564916E-001 0.12189033E-001
0.12189033E-001 0.12083710E-001 0.12083710E-001
0.15000000E+002 -.38823772E+005 0.77677543E+005 0.77771954E+005 0.77724291E+005 0.33536839E+005 0.32752000E+005 0.11635267E-002 0.13888239E+005 0.32752000E+005
0.10000000E+001
208
0.10063118E+001 0.10766255E+001 0.10057382E+001 0.10208459E+001 0.96670231E+000 -.10061901E+001 -.10611846E+001 -.10073611E+001 -.10331863E+001 -.10012280E+001
-.28090598E-001 -.25795380E+000 -.50634249E+000 0.19889775E+001 0.63465030E+000 0.84954332E+000 0.15045668E+000 0.43586678E+000 0.56413322E+000 0.49297781E+000
0.50702219E+000 0.63980013E+000 0.36019987E+000
0.41756629E-001 0.43378786E-001 0.40349464E-001 0.41160531E-001 0.39892660E-001 0.44197103E-001 0.47353008E-001 0.46061160E-001 0.47571765E-001 0.45018649E-001
0.54628397E-001 0.71735304E-001 0.85797485E-001 0.13547197E+000 0.10781381E+000 0.13964822E-001 0.13964822E-001 0.17638774E-001 0.17638774E-001 0.13654406E-001
0.13654406E-001 0.13304603E-001 0.13304603E-001
0.15000000E+002 -.39060812E+005 0.78151624E+005 0.78246034E+005 0.78198371E+005 0.34237928E+005 0.32752000E+005 0.52369100E-008 0.14096513E+005 0.32752000E+005
0.10000000E+001
209
0.10951726E+001 0.10749277E+001 0.11001150E+001 0.11302781E+001 0.11115617E+001 -.10007712E+001 -.97937486E+000 -.10402151E+001 -.10301315E+001 -.10112257E+001
-.10703686E+000 -.36843395E+000 -.61315781E+000 0.18277563E+001 0.82185966E+000 0.81142901E+000 0.18857099E+000 0.40891949E+000 0.59108051E+000 0.47326630E+000
0.52673370E+000 0.59941368E+000 0.40058632E+000
0.41577388E-001 0.40954699E-001 0.42588763E-001 0.42860625E-001 0.43120913E-001 0.42455583E-001 0.42476531E-001 0.42300420E-001 0.42850701E-001 0.43100123E-001
0.51595146E-001 0.67112459E-001 0.81954238E-001 0.12035337E+000 0.10295180E+000 0.14321141E-001 0.14321141E-001 0.16221373E-001 0.16221373E-001 0.12861912E-001
0.12861912E-001 0.12392264E-001 0.12392264E-001
0.15000000E+002 -.38818240E+005 0.77666481E+005 0.77760891E+005 0.77713228E+005 0.34714785E+005 0.32752000E+005 0.26645353E-013 0.13980645E+005 0.32752000E+005
0.10000000E+001
210
0.10377844E+001 0.11134386E+001 0.10906095E+001 0.10878858E+001 0.10680912E+001 -.10482455E+001 -.10316923E+001 -.99995970E+000 -.10506204E+001 -.10325246E+001
-.75871692E-001 -.27545940E+000 -.52954414E+000 0.17365899E+001 0.78161157E+000 0.81170552E+000 0.18829448E+000 0.43156731E+000 0.56843269E+000 0.48104117E+000
0.51895883E+000 0.61442944E+000 0.38557056E+000
0.42369484E-001 0.42335931E-001 0.42138268E-001 0.42941423E-001 0.41903408E-001 0.44894675E-001 0.46372355E-001 0.45206732E-001 0.45453497E-001 0.45358390E-001
0.51759835E-001 0.69394584E-001 0.86228713E-001 0.12091725E+000 0.10454827E+000 0.14447086E-001 0.14447086E-001 0.17023669E-001 0.17023669E-001 0.12921354E-001
0.12921354E-001 0.12932494E-001 0.12932494E-001
0.15000000E+002 -.38818930E+005 0.77667860E+005 0.77762271E+005 0.77714607E+005 0.34458235E+005 0.32752000E+005 0.27482128E-010 0.13805758E+005 0.32752000E+005
0.10000000E+001
211
0.10598636E+001 0.10587010E+001 0.11387233E+001 0.11096342E+001 0.10598159E+001 -.10163616E+001 -.10231757E+001 -.10133852E+001 -.97553193E+000 -.10056061E+001
-.99863454E-001 -.32504887E+000 -.51729972E+000 0.18446221E+001 0.72622072E+000 0.82047563E+000 0.17952437E+000 0.41944579E+000 0.58055421E+000 0.47505486E+000
0.52494514E+000 0.60995697E+000 0.39004303E+000
0.41092510E-001 0.42552314E-001 0.41894402E-001 0.43405386E-001 0.41909600E-001 0.44517542E-001 0.44048072E-001 0.45398275E-001 0.43028361E-001 0.42845605E-001
0.53177504E-001 0.65622724E-001 0.86128729E-001 0.12622821E+000 0.10464000E+000 0.14832538E-001 0.14832538E-001 0.15979856E-001 0.15979856E-001 0.13261286E-001
0.13261286E-001 0.12409637E-001 0.12409637E-001
0.15000000E+002 -.38880346E+005 0.77790692E+005 0.77885103E+005 0.77837439E+005 0.33660074E+005 0.32752000E+005 0.21711207E-003 0.13889059E+005 0.32752000E+005
0.10000000E+001
212
0.10922151E+001 0.10922013E+001 0.10957096E+001 0.10732363E+001 0.10488915E+001 -.10669280E+001 -.10228332E+001 -.10175108E+001 -.99044751E+000 -.97219930E+000
0.21528452E-001 -.40049960E+000 -.45381672E+000 0.18946029E+001 0.73117406E+000 0.81669335E+000 0.18330665E+000 0.40119231E+000 0.59880769E+000 0.50538191E+000
0.49461809E+000 0.61117902E+000 0.38882098E+000
0.41203785E-001 0.42510897E-001 0.40290981E-001 0.42067719E-001 0.41336005E-001 0.47951012E-001 0.44140583E-001 0.46732903E-001 0.44150904E-001 0.42497838E-001
0.49978681E-001 0.72302683E-001 0.81565470E-001 0.12269103E+000 0.10402160E+000 0.14246694E-001 0.14246694E-001 0.17369783E-001 0.17369783E-001 0.12493223E-001
0.12493223E-001 0.13054133E-001 0.13054133E-001
0.15000000E+002 -.38862545E+005 0.77755090E+005 0.77849500E+005 0.77801837E+005 0.35001953E+005 0.32752000E+005 0.00000000E+000 0.14056600E+005 0.32752000E+005
0.10000000E+001
213
0.11102615E+001 0.11454319E+001 0.10704406E+001 0.11440109E+001 0.10999458E+001 -.94379320E+000 -.98237903E+000 -.99299302E+000 -.10371700E+001 -.10042785E+001
-.74113347E-001 -.29089818E+000 -.53232720E+000 0.18411661E+001 0.80753527E+000 0.82495243E+000 0.17504757E+000 0.42778399E+000 0.57221601E+000 0.48148014E+000
0.51851986E+000 0.61901271E+000 0.38098729E+000
0.43559752E-001 0.44214037E-001 0.40869377E-001 0.43674988E-001 0.43091956E-001 0.42749812E-001 0.44673359E-001 0.46034414E-001 0.45903604E-001 0.45299075E-001
0.52834982E-001 0.69767203E-001 0.80873326E-001 0.12588721E+000 0.10398384E+000 0.14513498E-001 0.14513498E-001 0.17077954E-001 0.17077954E-001 0.13190624E-001
0.13190624E-001 0.13210107E-001 0.13210107E-001
0.15000000E+002 -.38780846E+005 0.77591692E+005 0.77686103E+005 0.77638440E+005 0.35494741E+005 0.32752000E+005 0.00000000E+000 0.14006970E+005 0.32752000E+005
0.10000000E+001
214
0.10997818E+001 0.11339853E+001 0.11195977E+001 0.11967733E+001 0.10998166E+001 -.93858977E+000 -.99429055E+000 -.95447090E+000 -.10274416E+001 -.99947454E+000
-.11310508E+000 -.43858711E+000 -.62572177E+000 0.19333699E+001 0.86069114E+000 0.81679507E+000 0.18320493E+000 0.39207769E+000 0.60792231E+000 0.47175384E+000
0.52824616E+000 0.59243974E+000 0.40756026E+000
0.40839631E-001 0.42637388E-001 0.43232712E-001 0.45165960E-001 0.42213231E-001 0.41877691E-001 0.42860779E-001 0.40690388E-001 0.44103596E-001 0.42676209E-001
0.50922729E-001 0.68651871E-001 0.83272144E-001 0.12533498E+000 0.10443703E+000 0.14674663E-001 0.14674663E-001 0.16363364E-001 0.16363364E-001 0.12690054E-001
0.12690054E-001 0.12610372E-001 0.12610372E-001
0.15000000E+002 -.38781966E+005 0.77593932E+005 0.77688343E+005 0.77640679E+005 0.34760352E+005 0.32752000E+005 0.71054274E-014 0.13816553E+005 0.32752000E+005
0.10000000E+001
215
0.10430481E+001 0.10963794E+001 0.10446115E+001 0.11137148E+001 0.10253426E+001 -.95936097E+000 -.10020978E+001 -.10718811E+001 -.10723821E+001 -.10042396E+001
0.12247922E-001 -.27862784E+000 -.51380092E+000 0.18600207E+001 0.80875450E+000 0.82940169E+000 0.17059831E+000 0.43079021E+000 0.56920979E+000 0.50306194E+000
0.49693806E+000 0.63131647E+000 0.36868353E+000
0.40068671E-001 0.41768824E-001 0.42585514E-001 0.43054230E-001 0.40977247E-001 0.44857786E-001 0.46663359E-001 0.47013449E-001 0.48258031E-001 0.44956969E-001
0.53426652E-001 0.72252903E-001 0.83120946E-001 0.12648779E+000 0.10559386E+000 0.14132615E-001 0.14132615E-001 0.17717135E-001 0.17717135E-001 0.13356162E-001
0.13356162E-001 0.13409277E-001 0.13409277E-001
0.15000000E+002 -.38875117E+005 0.77780233E+005 0.77874644E+005 0.77826981E+005 0.35233648E+005 0.32752000E+005 0.00000000E+000 0.14071221E+005 0.32752000E+005
0.10000000E+001
216
0.10241009E+001 0.10508280E+001 0.10823358E+001 0.10682662E+001 0.10528903E+001 -.98458665E+000 -.10784792E+001 -.10726340E+001 -.10011437E+001 -.10685241E+001
0.18452721E-001 -.43340418E+000 -.41456944E+000 0.21351586E+001 0.61999351E+000 0.84576374E+000 0.15423626E+000 0.39331374E+000 0.60668626E+000 0.50461305E+000
0.49538695E+000 0.62162591E+000 0.37837409E+000
0.41949909E-001 0.43373365E-001 0.42589565E-001 0.40224406E-001 0.42347276E-001 0.44982852E-001 0.46724690E-001 0.47244653E-001 0.47924310E-001 0.47838302E-001
0.53609818E-001 0.71231207E-001 0.85523351E-001 0.13035510E+000 0.10331563E+000 0.13537022E-001 0.13537022E-001 0.16997051E-001 0.16997051E-001 0.13401314E-001
0.13401314E-001 0.13063064E-001 0.13063064E-001
0.15000000E+002 -.38822840E+005 0.77675680E+005 0.77770091E+005 0.77722428E+005 0.35201796E+005 0.32752000E+005 0.00000000E+000 0.14030617E+005 0.32752000E+005
0.10000000E+001
217
-.99393625E+000 -.10008928E+001 -.99211834E+000 -.99779585E+000 -.10104010E+001 0.10635499E+001 0.10526992E+001 0.10855654E+001 0.11271200E+001 0.10813738E+001
0.24528083E-001 -.15712473E+001 -.26356604E+000 0.18672940E+001 0.72847785E+000 0.57347580E+000 0.42652420E+000 0.17203865E+000 0.82796135E+000 0.50613171E+000
0.49386829E+000 0.37521872E+000 0.62478128E+000
0.46255074E-001 0.44582013E-001 0.44941100E-001 0.45947315E-001 0.46262097E-001 0.41205465E-001 0.41379681E-001 0.42891450E-001 0.42766220E-001 0.41368522E-001
0.52797939E-001 0.10279374E+000 0.64159464E-001 0.12652068E+000 0.10498647E+000 0.16678219E-001 0.16678219E-001 0.14642079E-001 0.14642079E-001 0.13197500E-001
0.13197500E-001 0.13086232E-001 0.13086232E-001
0.15000000E+002 -.38890387E+005 0.77810774E+005 0.77905185E+005 0.77857522E+005 0.34851192E+005 0.32752000E+005 0.44408921E-015 0.13944500E+005 0.32752000E+005
0.10000000E+001
218
0.10922978E+001 0.10911435E+001 0.10309166E+001 0.11317348E+001 0.11265925E+001 -.10893398E+001 -.10104092E+001 -.10095031E+001 -.10109937E+001 -.10847055E+001
-.22508419E-001 -.28660842E+000 -.52802324E+000 0.18295266E+001 0.77241028E+000 0.82388854E+000 0.17611146E+000 0.42883438E+000 0.57116562E+000 0.49437313E+000
0.50562687E+000 0.62413854E+000 0.37586146E+000
0.40903067E-001 0.40446725E-001 0.40570837E-001 0.41314398E-001 0.42772251E-001 0.45632698E-001 0.43954517E-001 0.42261437E-001 0.45168043E-001 0.46408229E-001
0.51082443E-001 0.67075301E-001 0.81054442E-001 0.12192690E+000 0.10322015E+000 0.13921497E-001 0.13921497E-001 0.16429119E-001 0.16429119E-001 0.12768993E-001
0.12768993E-001 0.12251587E-001 0.12251587E-001
0.15000000E+002 -.38702953E+005 0.77435906E+005 0.77530317E+005 0.77482654E+005 0.34204013E+005 0.32752000E+005 0.11083890E-007 0.13739260E+005 0.32752000E+005
0.10000000E+001
219
0.10716139E+001 0.10735683E+001 0.10575587E+001 0.10232495E+001 0.10474994E+001 -.10430414E+001 -.10150900E+001 -.96040826E+000 -.10298911E+001 -.10079668E+001
0.54810651E-001 -.31710479E+000 -.53500259E+000 0.19306959E+001 0.77159014E+000 0.83390937E+000 0.16609063E+000 0.42138149E+000 0.57861851E+000 0.51369923E+000
0.48630077E+000 0.63329675E+000 0.36670325E+000
0.41520189E-001 0.41232680E-001 0.39564719E-001 0.41256883E-001 0.41200509E-001 0.46984155E-001 0.46543119E-001 0.46633518E-001 0.45207810E-001 0.44869747E-001
0.53066207E-001 0.70579161E-001 0.87478998E-001 0.12761876E+000 0.10667074E+000 0.13750865E-001 0.13750865E-001 0.17208550E-001 0.17208550E-001 0.13256593E-001
0.13256593E-001 0.12570335E-001 0.12570335E-001
0.15000000E+002 -.38938436E+005 0.77906872E+005 0.78001283E+005 0.77953620E+005 0.33715113E+005 0.32752000E+005 0.95964031E-004 0.13991036E+005 0.32752000E+005
0.10000000E+001
220
0.96893068E+000 0.10114817E+001 0.99178349E+000 0.99710231E+000 0.95639859E+000 -.11089243E+001 -.11064599E+001 -.10539732E+001 -.10529336E+001 -.10622029E+001
0.12340930E-002 -.23240072E+000 -.35135874E+000 0.19374225E+001 0.58779760E+000 0.84618947E+000 0.15381053E+000 0.44215992E+000 0.55784008E+000 0.50030852E+000
0.49969148E+000 0.64429935E+000 0.35570065E+000
0.40408959E-001 0.41793385E-001 0.41733230E-001 0.39530314E-001 0.38837521E-001 0.47443080E-001 0.48976469E-001 0.46168879E-001 0.49006308E-001 0.48158938E-001
0.51594805E-001 0.71836210E-001 0.86273563E-001 0.13187471E+000 0.10751152E+000 0.14084486E-001 0.14084486E-001 0.17718726E-001 0.17718726E-001 0.12898696E-001
0.12898696E-001 0.13417339E-001 0.13417339E-001
0.15000000E+002 -.39023156E+005 0.78076312E+005 0.78170722E+005 0.78123059E+005 0.33877384E+005 0.32752000E+005 0.67967408E-005 0.14100177E+005 0.32752000E+005
0.10000000E+001
221
0.10687511E+001 0.11169099E+001 0.10361415E+001 0.10366673E+001 0.10813613E+001 -.98450407E+000 -.10253953E+001 -.99261747E+000 -.98057471E+000 -.10844392E+001
-.86906744E-001 -.34670865E+000 -.49263566E+000 0.20349137E+001 0.80024402E+000 0.84398797E+000 0.15601203E+000 0.41418079E+000 0.58581921E+000 0.47828698E+000
0.52171302E+000 0.61975197E+000 0.38024803E+000
0.40935955E-001 0.42806652E-001 0.41299132E-001 0.40814185E-001 0.41855979E-001 0.45997164E-001 0.45783516E-001 0.46091456E-001 0.43742553E-001 0.47567657E-001
0.54183801E-001 0.67568545E-001 0.91322616E-001 0.13207781E+000 0.10764084E+000 0.13919958E-001 0.13919958E-001 0.16394498E-001 0.16394498E-001 0.13520405E-001
0.13520405E-001 0.12549463E-001 0.12549463E-001
0.15000000E+002 -.38878180E+005 0.77786359E+005 0.77880770E+005 0.77833106E+005 0.33696667E+005 0.32752000E+005 0.12674728E-003 0.13890416E+005 0.32752000E+005
0.10000000E+001
222
0.10675764E+001 0.11163376E+001 0.11037881E+001 0.10466425E+001 0.11809338E+001 -.10211461E+001 -.10135098E+001 -.10040248E+001 -.10103452E+001 -.10622065E+001
-.77342964E-001 -.41137302E+000 -.48826921E+000 0.20003177E+001 0.66152882E+000 0.83046758E+000 0.16953242E+000 0.39858294E+000 0.60141706E+000 0.48067389E+000
0.51932611E+000 0.60617861E+000 0.39382139E+000
0.39921885E-001 0.42088558E-001 0.41069874E-001 0.39330091E-001 0.43583049E-001 0.42637235E-001 0.41881630E-001 0.42712128E-001 0.42272931E-001 0.44469462E-001
0.50354945E-001 0.64762209E-001 0.79831063E-001 0.12510417E+000 0.10137753E+000 0.13875659E-001 0.13875659E-001 0.15524446E-001 0.15524446E-001 0.12569929E-001
0.12569929E-001 0.11593168E-001 0.11593168E-001
0.15000000E+002 -.38750636E+005 0.77531273E+005 0.77625684E+005 0.77578020E+005 0.34387853E+005 0.32752000E+005 0.15793000E-009 0.13862576E+005 0.32752000E+005
0.10000000E+001
223
0.10650935E+001 0.10369340E+001 0.11036783E+001 0.10357821E+001 0.10650860E+001 -.10829794E+001 -.10202419E+001 -.11078847E+001 -.10779523E+001 -.10611683E+001
-.11364783E-001 -.38007927E+000 -.68546168E+000 0.19565409E+001 0.10914935E+001 0.82870282E+000 0.17129718E+000 0.40610778E+000 0.59389222E+000 0.49715883E+000
0.50284117E+000 0.61620464E+000 0.38379536E+000
0.42553070E-001 0.40885223E-001 0.43532720E-001 0.40213761E-001 0.41889581E-001 0.46141931E-001 0.44767352E-001 0.47727294E-001 0.48253234E-001 0.46111302E-001
0.51557075E-001 0.73920304E-001 0.81407079E-001 0.12743659E+000 0.10671078E+000 0.13944011E-001 0.13944011E-001 0.17828413E-001 0.17828413E-001 0.12888853E-001
0.12888853E-001 0.13270264E-001 0.13270264E-001
0.15000000E+002 -.38700173E+005 0.77430346E+005 0.77524757E+005 0.77477094E+005 0.35252582E+005 0.32752000E+005 0.00000000E+000 0.14015097E+005 0.32752000E+005
0.10000000E+001
224
0.10547091E+001 0.11145881E+001 0.10846573E+001 0.10805901E+001 0.10255635E+001 -.10747274E+001 -.10562380E+001 -.10188918E+001 -.98545475E+000 -.10303684E+001
-.25779594E-001 -.30674877E+000 -.47972278E+000 0.19114460E+001 0.82918278E+000 0.83267386E+000 0.16732614E+000 0.42390852E+000 0.57609148E+000 0.49355546E+000
0.50644454E+000 0.62565689E+000 0.37434311E+000
0.41691578E-001 0.42733931E-001 0.39638432E-001 0.40482757E-001 0.40626783E-001 0.45738229E-001 0.46034299E-001 0.47634766E-001 0.44385531E-001 0.44958002E-001
0.51947976E-001 0.67276757E-001 0.83726326E-001 0.12646965E+000 0.10429156E+000 0.14097616E-001 0.14097616E-001 0.16429663E-001 0.16429663E-001 0.12984836E-001
0.12984836E-001 0.12457969E-001 0.12457969E-001
0.15000000E+002 -.38801475E+005 0.77632950E+005 0.77727361E+005 0.77679698E+005 0.34366663E+005 0.32752000E+005 0.26388036E-009 0.13893315E+005 0.32752000E+005
0.10000000E+001
225
-.10676219E+001 -.10430809E+001 -.10656305E+001 -.11049394E+001 -.10499858E+001 0.11179684E+001 0.10564233E+001 0.10607014E+001 0.11278913E+001 0.10821113E+001
-.12829591E-001 -.16226104E+001 -.33304295E+000 0.18621442E+001 0.88065678E+000 0.55959875E+000 0.44040125E+000 0.16484517E+000 0.83515483E+000 0.49679265E+000
0.50320735E+000 0.36095585E+000 0.63904415E+000
0.45467459E-001 0.45416812E-001 0.45679086E-001 0.46122081E-001 0.44348417E-001 0.40052665E-001 0.39418789E-001 0.39381846E-001 0.41166124E-001 0.40762582E-001
0.47623268E-001 0.96792686E-001 0.62053888E-001 0.12093418E+000 0.10486537E+000 0.16760647E-001 0.16760647E-001 0.13325569E-001 0.13325569E-001 0.11905327E-001
0.11905327E-001 0.12227903E-001 0.12227903E-001
0.15000000E+002 -.38619762E+005 0.77269524E+005 0.77363935E+005 0.77316271E+005 0.34920365E+005 0.32752000E+005 0.00000000E+000 0.13747819E+005 0.32752000E+005
0.10000000E+001
226
0.10711147E+001 0.10665420E+001 0.10220312E+001 0.10563780E+001 0.10980390E+001 -.10561698E+001 -.11017650E+001 -.10385896E+001 -.10836766E+001 -.10947635E+001
0.62786882E-001 -.30746865E+000 -.61137112E+000 0.18839324E+001 0.83729616E+000 0.82870311E+000 0.17129689E+000 0.42373273E+000 0.57626727E+000 0.51569157E+000
0.48430843E+000 0.63257254E+000 0.36742746E+000
0.41146399E-001 0.42734060E-001 0.39379115E-001 0.42592898E-001 0.41742280E-001 0.48008857E-001 0.47091317E-001 0.46622865E-001 0.46544940E-001 0.47375267E-001
0.51120486E-001 0.71390475E-001 0.83887485E-001 0.12293098E+000 0.10553831E+000 0.13573065E-001 0.13573065E-001 0.17432362E-001 0.17432362E-001 0.12767534E-001
0.12767534E-001 0.12760339E-001 0.12760339E-001
0.15000000E+002 -.38681658E+005 0.77393317E+005 0.77487728E+005 0.77440064E+005 0.34998837E+005 0.32752000E+005 0.00000000E+000 0.13960082E+005 0.32752000E+005
0.10000000E+001
227
0.10571014E+001 0.10706166E+001 0.10926768E+001 0.10693825E+001 0.10896954E+001 -.11095318E+001 -.10248381E+001 -.10518989E+001 -.10364645E+001 -.10381846E+001
-.41219431E-001 -.36132579E+000 -.53583375E+000 0.20518171E+001 0.87082766E+000 0.84428876E+000 0.15571124E+000 0.41063867E+000 0.58936133E+000 0.48969660E+000
0.51030340E+000 0.62299564E+000 0.37700436E+000
0.38526228E-001 0.40973213E-001 0.41692737E-001 0.39647598E-001 0.41455790E-001 0.47383888E-001 0.43005083E-001 0.44615288E-001 0.44590517E-001 0.44218135E-001
0.48929300E-001 0.66298052E-001 0.83185359E-001 0.12743221E+000 0.10365859E+000 0.13422094E-001 0.13422094E-001 0.16045093E-001 0.16045093E-001 0.12227131E-001
0.12227131E-001 0.11873161E-001 0.11873161E-001
0.15000000E+002 -.38720613E+005 0.77471225E+005 0.77565636E+005 0.77517972E+005 0.34861745E+005 0.32752000E+005 0.33306691E-015 0.13840236E+005 0.32752000E+005
0.10000000E+001
228
-.10653244E+001 -.10298124E+001 -.10472872E+001 -.10119334E+001 -.11263926E+001 0.10426046E+001 0.11313640E+001 0.10507066E+001 0.10720376E+001 0.11087143E+001
-.37885697E-001 -.15824100E+001 -.28776059E+000 0.18419336E+001 0.84998664E+000 0.56451918E+000 0.43548082E+000 0.17045444E+000 0.82954556E+000 0.49052971E+000
0.50947029E+000 0.36375490E+000 0.63624510E+000
0.46279053E-001 0.45375532E-001 0.45612086E-001 0.43759574E-001 0.48120488E-001 0.38828957E-001 0.41610001E-001 0.39912220E-001 0.40954389E-001 0.40942519E-001
0.49693107E-001 0.95456700E-001 0.61017081E-001 0.12206068E+000 0.10506994E+000 0.16615724E-001 0.16615724E-001 0.13497551E-001 0.13497551E-001 0.12418820E-001
0.12418820E-001 0.11939121E-001 0.11939121E-001
0.15000000E+002 -.38682814E+005 0.77395629E+005 0.77490039E+005 0.77442376E+005 0.34695380E+005 0.32752000E+005 0.46518345E-013 0.13800586E+005 0.32752000E+005
0.10000000E+001
229
-.10389201E+001 -.11210920E+001 -.10573817E+001 -.10035103E+001 -.10417519E+001 0.10575478E+001 0.10980526E+001 0.10466510E+001 0.10264222E+001 0.10306527E+001
-.34391049E-001 -.18259941E+001 -.37808729E+000 0.22404836E+001 0.10409683E+001 0.60216389E+000 0.39783611E+000 0.13871618E+000 0.86128382E+000 0.49140309E+000
0.50859691E+000 0.36645582E+000 0.63354418E+000
0.45208364E-001 0.47144169E-001 0.45442212E-001 0.43479017E-001 0.46343532E-001 0.39913595E-001 0.40750804E-001 0.39119280E-001 0.39074963E-001 0.38806021E-001
0.50858916E-001 0.11028002E+000 0.61756284E-001 0.13644592E+000 0.10606278E+000 0.16481604E-001 0.16481604E-001 0.13175596E-001 0.13175596E-001 0.12710970E-001
0.12710970E-001 0.12089311E-001 0.12089311E-001
0.15000000E+002 -.38756250E+005 0.77542500E+005 0.77636911E+005 0.77589247E+005 0.34112587E+005 0.32752000E+005 0.77379053E-007 0.13822745E+005 0.32752000E+005
0.10000000E+001
230
0.11160181E+001 0.11550624E+001 0.11276158E+001 0.11051672E+001 0.11585697E+001 -.92426750E+000 -.10040485E+001 -.95834819E+000 -.10430517E+001 -.96854260E+000
-.15764428E+000 -.39046110E+000 -.58821879E+000 0.21067693E+001 0.75652487E+000 0.84765269E+000 0.15234731E+000 0.40360630E+000 0.59639370E+000 0.46067035E+000
0.53932965E+000 0.60816531E+000 0.39183469E+000
0.41873697E-001 0.42820513E-001 0.42542271E-001 0.43137194E-001 0.42205745E-001 0.40806524E-001 0.42947831E-001 0.41867002E-001 0.42455123E-001 0.42731844E-001
0.49679260E-001 0.67131461E-001 0.82158690E-001 0.13396382E+000 0.10324064E+000 0.14251854E-001 0.14251854E-001 0.16159097E-001 0.16159097E-001 0.12342970E-001
0.12342970E-001 0.12592101E-001 0.12592101E-001
0.15000000E+002 -.38750522E+005 0.77531043E+005 0.77625454E+005 0.77577791E+005 0.34151850E+005 0.32752000E+005 0.34060362E-007 0.13754031E+005 0.32752000E+005
0.10000000E+001
231
-.10617890E+001 -.10026533E+001 -.10392013E+001 -.10156058E+001 -.11349486E+001 0.10827784E+001 0.10328364E+001 0.10509527E+001 0.10321015E+001 0.10821054E+001
0.39003454E-001 -.15626675E+001 -.26882328E+000 0.18797676E+001 0.69663501E+000 0.57861735E+000 0.42138265E+000 0.17326421E+000 0.82673579E+000 0.50974963E+000
0.49025037E+000 0.37989282E+000 0.62010718E+000
0.45635558E-001 0.43313343E-001 0.43241421E-001 0.43241136E-001 0.46052737E-001 0.39793227E-001 0.40251942E-001 0.39940531E-001 0.38625930E-001 0.40695632E-001
0.51100387E-001 0.96122237E-001 0.60314539E-001 0.12486772E+000 0.10257489E+000 0.16615935E-001 0.16615935E-001 0.13768907E-001 0.13768907E-001 0.12770239E-001
0.12770239E-001 0.12031410E-001 0.12031410E-001
0.15000000E+002 -.38865814E+005 0.77761628E+005 0.77856039E+005 0.77808376E+005 0.34117875E+005 0.32752000E+005 0.69367313E-007 0.13817742E+005 0.32752000E+005
0.10000000E+001
232
0.10713234E+001 0.94807481E+000 0.10625299E+001 0.10852150E+001 0.10393082E+001 -.11160020E+001 -.10731692E+001 -.10844908E+001 -.11172972E+001 -.10812565E+001
0.30282033E-001 -.32439551E+000 -.47334473E+000 0.19737742E+001 0.77287485E+000 0.83880706E+000 0.16119294E+000 0.41960490E+000 0.58039510E+000 0.50756993E+000
0.49243007E+000 0.63237931E+000 0.36762069E+000
0.39076978E-001 0.37114797E-001 0.39121270E-001 0.39862812E-001 0.39176056E-001 0.47288471E-001 0.43846634E-001 0.46537560E-001 0.46196635E-001 0.44988178E-001
0.47408684E-001 0.71756742E-001 0.81847438E-001 0.12413896E+000 0.10363781E+000 0.13069437E-001 0.13069437E-001 0.17475395E-001 0.17475395E-001 0.11849454E-001
0.11849454E-001 0.12344189E-001 0.12344189E-001
0.15000000E+002 -.38726219E+005 0.77482437E+005 0.77576848E+005 0.77529184E+005 0.33618219E+005 0.32752000E+005 0.39295908E-003 0.13779103E+005 0.32752000E+005
0.10000000E+001
233
0.10496358E+001 0.10919152E+001 0.11219721E+001 0.10651995E+001 0.11388986E+001 -.10409705E+001 -.94015585E+000 -.99243260E+000 -.10100286E+001 -.10407949E+001
-.84369183E-001 -.41505781E+000 -.59622608E+000 0.19137661E+001 0.98601704E+000 0.81738175E+000 0.18261825E+000 0.39769998E+000 0.60230002E+000 0.47892021E+000
0.52107979E+000 0.59869406E+000 0.40130594E+000
0.42534446E-001 0.43513249E-001 0.43929102E-001 0.42338567E-001 0.45208200E-001 0.46581092E-001 0.43407498E-001 0.44647847E-001 0.45299682E-001 0.46474087E-001
0.53138754E-001 0.68422159E-001 0.79871101E-001 0.12336680E+000 0.10507823E+000 0.14415510E-001 0.14415510E-001 0.16389482E-001 0.16389482E-001 0.13261076E-001
0.13261076E-001 0.12759168E-001 0.12759168E-001
0.15000000E+002 -.38806470E+005 0.77642940E+005 0.77737351E+005 0.77689687E+005 0.34720005E+005 0.32752000E+005 0.22981617E-013 0.13942576E+005 0.32752000E+005
0.10000000E+001
234
0.11104907E+001 0.11124282E+001 0.10170996E+001 0.11111580E+001 0.11180040E+001 -.99905360E+000 -.10580829E+001 -.92690835E+000 -.10185706E+001 -.99620695E+000
-.91188791E-001 -.35459768E+000 -.52516041E+000 0.18735326E+001 0.79822377E+000 0.82038158E+000 0.17961842E+000 0.41226794E+000 0.58773206E+000 0.47721859E+000
0.52278141E+000 0.60702736E+000 0.39297264E+000
0.41298244E-001 0.42835819E-001 0.41335689E-001 0.42691599E-001 0.42927280E-001 0.45290713E-001 0.45767680E-001 0.41093576E-001 0.44823018E-001 0.43545936E-001
0.51577832E-001 0.68667847E-001 0.83323486E-001 0.12444866E+000 0.10453981E+000 0.14542828E-001 0.14542828E-001 0.16638431E-001 0.16638431E-001 0.12867690E-001
0.12867690E-001 0.12852856E-001 0.12852856E-001
0.15000000E+002 -.38858243E+005 0.77746486E+005 0.77840897E+005 0.77793234E+005 0.34291880E+005 0.32752000E+005 0.15385386E-008 0.13912604E+005 0.32752000E+005
0.10000000E+001
235
0.11123326E+001 0.11052689E+001 0.10956601E+001 0.11477999E+001 0.11440413E+001 -.98764857E+000 -.96139689E+000 -.99497088E+000 -.10318451E+001 -.10005468E+001
-.47361752E-001 -.29803659E+000 -.47282020E+000 0.17709185E+001 0.69468068E+000 0.81349503E+000 0.18650497E+000 0.42603752E+000 0.57396248E+000 0.48816177E+000
0.51183823E+000 0.61517947E+000 0.38482053E+000
0.42839141E-001 0.41673209E-001 0.41283774E-001 0.42807630E-001 0.43777471E-001 0.43681090E-001 0.44478896E-001 0.45192288E-001 0.45525204E-001 0.44101392E-001
0.51770474E-001 0.68980622E-001 0.82827728E-001 0.12116578E+000 0.10294328E+000 0.14293932E-001 0.14293932E-001 0.16867801E-001 0.16867801E-001 0.12935363E-001
0.12935363E-001 0.12705687E-001 0.12705687E-001
0.15000000E+002 -.38767974E+005 0.77565948E+005 0.77660359E+005 0.77612695E+005 0.34750867E+005 0.32752000E+005 0.93258734E-014 0.13973156E+005 0.32752000E+005
0.10000000E+001
236
-.10241580E+001 -.10342132E+001 -.10928053E+001 -.10620763E+001 -.10200979E+001 0.10470660E+001 0.10397104E+001 0.10298307E+001 0.10593658E+001 0.10361423E+001
0.22780206E-001 -.15546779E+001 -.33711568E+000 0.20161726E+001 0.88554630E+000 0.61336869E+000 0.38663131E+000 0.17441166E+000 0.82558834E+000 0.50569481E+000
0.49430519E+000 0.39638995E+000 0.60361005E+000
0.44166662E-001 0.44263805E-001 0.46089189E-001 0.45686963E-001 0.45546345E-001 0.41438780E-001 0.40839638E-001 0.40595344E-001 0.40808036E-001 0.40380577E-001
0.50525545E-001 0.96956151E-001 0.61559973E-001 0.12694628E+000 0.10533582E+000 0.17450358E-001 0.17450358E-001 0.13960933E-001 0.13960933E-001 0.12629748E-001
0.12629748E-001 0.12935000E-001 0.12935000E-001
0.15000000E+002 -.38889120E+005 0.77808241E+005 0.77902652E+005 0.77854988E+005 0.33770202E+005 0.32752000E+005 0.40668436E-004 0.13941237E+005 0.32752000E+005
0.10000000E+001
237
0.10973666E+001 0.10892704E+001 0.10584302E+001 0.11339084E+001 0.10650762E+001 -.10474111E+001 -.10033441E+001 -.10101263E+001 -.10192782E+001 -.10185189E+001
0.88142153E-002 -.34539405E+000 -.44802638E+000 0.18403703E+001 0.63424163E+000 0.81682401E+000 0.18317599E+000 0.41449980E+000 0.58550020E+000 0.50220354E+000
0.49779646E+000 0.61654844E+000 0.38345156E+000
0.41174106E-001 0.42013279E-001 0.41689719E-001 0.42567346E-001 0.40130799E-001 0.46482750E-001 0.43469574E-001 0.44358541E-001 0.44747793E-001 0.45928534E-001
0.51131502E-001 0.72110267E-001 0.83824519E-001 0.12182182E+000 0.10358637E+000 0.13868851E-001 0.13868851E-001 0.17500420E-001 0.17500420E-001 0.12782627E-001
0.12782627E-001 0.12823253E-001 0.12823253E-001
0.15000000E+002 -.38816068E+005 0.77662135E+005 0.77756546E+005 0.77708883E+005 0.33475055E+005 0.32752000E+005 0.24987392E-002 0.13809495E+005 0.32752000E+005
0.10000000E+001
238
0.11100981E+001 0.10887655E+001 0.11338426E+001 0.11034031E+001 0.10304142E+001 -.99995219E+000 -.99563698E+000 -.99590639E+000 -.99925801E+000 -.10022713E+001
-.11693682E+000 -.37653305E+000 -.52534730E+000 0.18094355E+001 0.81485491E+000 0.80735315E+000 0.19264685E+000 0.40696336E+000 0.59303664E+000 0.47079906E+000
0.52920094E+000 0.59546650E+000 0.40453350E+000
0.44585739E-001 0.43341985E-001 0.44267401E-001 0.42172960E-001 0.41165461E-001 0.43348627E-001 0.43897640E-001 0.44214843E-001 0.44589737E-001 0.43515457E-001
0.53162511E-001 0.68329299E-001 0.78574766E-001 0.12318656E+000 0.10320047E+000 0.15102416E-001 0.15102416E-001 0.16490879E-001 0.16490879E-001 0.13245296E-001
0.13245296E-001 0.13029604E-001 0.13029604E-001
0.15000000E+002 -.38891967E+005 0.77813934E+005 0.77908344E+005 0.77860681E+005 0.34221875E+005 0.32752000E+005 0.74825366E-008 0.14044310E+005 0.32752000E+005
0.10000000E+001
239
0.10788476E+001 0.99797078E+000 0.10289725E+001 0.10788453E+001 0.97881082E+000 -.10994006E+001 -.99582614E+000 -.10072749E+001 -.11237990E+001 -.10541940E+001
-.21049175E-001 -.38133107E+000 -.46059433E+000 0.21600238E+001 0.74274714E+000 0.85553537E+000 0.14446463E+000 0.40580590E+000 0.59419410E+000 0.49473790E+000
0.50526210E+000 0.62830411E+000 0.37169589E+000
0.40880772E-001 0.39934770E-001 0.40263644E-001 0.40155195E-001 0.38576713E-001 0.46022878E-001 0.42752698E-001 0.44080015E-001 0.47502918E-001 0.45376121E-001
0.51751003E-001 0.69067777E-001 0.83220182E-001 0.13629629E+000 0.10405517E+000 0.13614700E-001 0.13614700E-001 0.16654139E-001 0.16654139E-001 0.12936318E-001
0.12936318E-001 0.12445613E-001 0.12445613E-001
0.15000000E+002 -.38878910E+005 0.77787821E+005 0.77882231E+005 0.77834568E+005 0.34021401E+005 0.32752000E+005 0.47982037E-006 0.13821981E+005 0.32752000E+005
0.10000000E+001
240
0.10847953E+001 0.10888189E+001 0.10524138E+001 0.10686039E+001 0.11055221E+001 -.99436007E+000 -.94090136E+000 -.96117488E+000 -.97777308E+000 -.10349916E+001
-.50367057E-001 -.31192257E+000 -.54066473E+000 0.18434064E+001 0.77091437E+000 0.82222331E+000 0.17777669E+000 0.42264553E+000 0.57735447E+000 0.48741090E+000
0.51258910E+000 0.61740409E+000 0.38259591E+000
0.41644877E-001 0.41796570E-001 0.41418452E-001 0.42034088E-001 0.45046365E-001 0.46229972E-001 0.43666320E-001 0.45674686E-001 0.43867623E-001 0.44642403E-001
0.53719865E-001 0.70912144E-001 0.86800894E-001 0.12620711E+000 0.10734318E+000 0.14354228E-001 0.14354228E-001 0.17303718E-001 0.17303718E-001 0.13421452E-001
0.13421452E-001 0.13063763E-001 0.13063763E-001
0.15000000E+002 -.38961617E+005 0.77953233E+005 0.78047644E+005 0.77999981E+005 0.33974212E+005 0.32752000E+005 0.11798825E-005 0.14047762E+005 0.32752000E+005
0.10000000E+001
241
0.11540866E+001 0.11100320E+001 0.11214589E+001 0.10788843E+001 0.11321312E+001 -.99312989E+000 -.10198134E+001 -.98261989E+000 -.93585838E+000 -.10079783E+001
-.49921339E-001 -.31545265E+000 -.50736325E+000 0.18314385E+001 0.64512320E+000 0.81994662E+000 0.18005338E+000 0.42178437E+000 0.57821563E+000 0.48752226E+000
0.51247774E+000 0.61589733E+000 0.38410267E+000
0.44390100E-001 0.44447103E-001 0.45814344E-001 0.42600971E-001 0.43719316E-001 0.46097120E-001 0.44832242E-001 0.44478933E-001 0.44259692E-001 0.47119236E-001
0.52712748E-001 0.71231496E-001 0.78722926E-001 0.12376549E+000 0.10316303E+000 0.14407392E-001 0.14407392E-001 0.17372102E-001 0.17372102E-001 0.13169980E-001
0.13169980E-001 0.13392400E-001 0.13392400E-001
0.15000000E+002 -.38788681E+005 0.77607362E+005 0.77701773E+005 0.77654110E+005 0.35111561E+005 0.32752000E+005 0.00000000E+000 0.13993581E+005 0.32752000E+005
0.10000000E+001
242
-.10711659E+001 -.10419257E+001 -.94878319E+000 -.10403910E+001 -.10771787E+001 0.10583281E+001 0.11266542E+001 0.10144646E+001 0.10153181E+001 0.10642661E+001
0.28471671E-002 -.17241328E+001 -.20947521E+000 0.20297153E+001 0.82556931E+000 0.57580663E+000 0.42419337E+000 0.15133960E+000 0.84866040E+000 0.50071179E+000
0.49928821E+000 0.36387525E+000 0.63612475E+000
0.45210320E-001 0.46037956E-001 0.44255805E-001 0.45400627E-001 0.45809539E-001 0.41072448E-001 0.42662877E-001 0.38918735E-001 0.39512327E-001 0.42462472E-001
0.51482128E-001 0.10851482E+000 0.59976007E-001 0.13331045E+000 0.10742747E+000 0.16681484E-001 0.16681484E-001 0.13937201E-001 0.13937201E-001 0.12870506E-001
0.12870506E-001 0.12539077E-001 0.12539077E-001
0.15000000E+002 -.38832933E+005 0.77695867E+005 0.77790277E+005 0.77742614E+005 0.33656524E+005 0.32752000E+005 0.22852954E-003 0.13824398E+005 0.32752000E+005
0.10000000E+001
243
0.11059425E+001 0.11007075E+001 0.11067228E+001 0.10914035E+001 0.11419010E+001 -.99679558E+000 -.10514351E+001 -.10048704E+001 -.10000690E+001 -.10400470E+001
-.53988629E-001 -.32087915E+000 -.43260296E+000 0.18717178E+001 0.63112695E+000 0.82503482E+000 0.17496518E+000 0.42046151E+000 0.57953849E+000 0.48650612E+000
0.51349388E+000 0.61728890E+000 0.38271110E+000
0.40832252E-001 0.40434810E-001 0.40447625E-001 0.39735900E-001 0.41927247E-001 0.42440763E-001 0.43354577E-001 0.42819183E-001 0.42240097E-001 0.43775626E-001
0.48245940E-001 0.65243001E-001 0.81105955E-001 0.12291677E+000 0.10167353E+000 0.14002500E-001 0.14002500E-001 0.15897999E-001 0.15897999E-001 0.12052700E-001
0.12052700E-001 0.11642163E-001 0.11642163E-001
0.15000000E+002 -.38743420E+005 0.77516841E+005 0.77611251E+005 0.77563588E+005 0.34245547E+005 0.32752000E+005 0.44156612E-008 0.13752049E+005 0.32752000E+005
0.10000000E+001
244
0.10729296E+001 0.11197144E+001 0.10416506E+001 0.10186372E+001 0.10560141E+001 -.99911260E+000 -.11090966E+001 -.10102234E+001 -.10288666E+001 -.99441876E+000
0.11833122E-002 -.28841625E+000 -.53946962E+000 0.18743166E+001 0.86782884E+000 0.83003853E+000 0.16996147E+000 0.42839164E+000 0.57160836E+000 0.50029583E+000
0.49970417E+000 0.62933390E+000 0.37066610E+000
0.40520640E-001 0.42988909E-001 0.39689160E-001 0.40048937E-001 0.39304334E-001 0.43719866E-001 0.47747737E-001 0.44856926E-001 0.45003752E-001 0.46332996E-001
0.52483711E-001 0.67937231E-001 0.86076621E-001 0.12625207E+000 0.10597732E+000 0.14012181E-001 0.14012181E-001 0.16635942E-001 0.16635942E-001 0.13120923E-001
0.13120923E-001 0.12334260E-001 0.12334260E-001
0.15000000E+002 -.38870505E+005 0.77771009E+005 0.77865420E+005 0.77817757E+005 0.33810778E+005 0.32752000E+005 0.21044501E-004 0.13908476E+005 0.32752000E+005
0.10000000E+001
245
0.11190691E+001 0.11014355E+001 0.10476682E+001 0.11607959E+001 0.10192409E+001 -.99949675E+000 -.10323668E+001 -.95540145E+000 -.10267923E+001 -.10064770E+001
-.40436238E-001 -.27847502E+000 -.61384045E+000 0.18475361E+001 0.85512712E+000 0.82764972E+000 0.17235028E+000 0.43082768E+000 0.56917232E+000 0.48989232E+000
0.51010768E+000 0.62522775E+000 0.37477225E+000
0.42818940E-001 0.41427402E-001 0.41339821E-001 0.43693517E-001 0.40581877E-001 0.44699075E-001 0.44811570E-001 0.43138539E-001 0.45218146E-001 0.44569160E-001
0.51698474E-001 0.68346484E-001 0.83292489E-001 0.12585203E+000 0.10630200E+000 0.14315568E-001 0.14315568E-001 0.16759596E-001 0.16759596E-001 0.12919337E-001
0.12919337E-001 0.12693460E-001 0.12693460E-001
0.15000000E+002 -.38834193E+005 0.77698386E+005 0.77792797E+005 0.77745133E+005 0.34456840E+005 0.32752000E+005 0.28469338E-010 0.14001053E+005 0.32752000E+005
0.10000000E+001
246
0.10159552E+001 0.10076789E+001 0.10551090E+001 0.10780713E+001 0.10025491E+001 -.10472130E+001 -.10591342E+001 -.10698827E+001 -.10699141E+001 -.10487454E+001
0.44083202E-001 -.28194376E+000 -.40816246E+000 0.19597683E+001 0.68201318E+000 0.84261624E+000 0.15738376E+000 0.42997730E+000 0.57002270E+000 0.51101902E+000
0.48898098E+000 0.64084365E+000 0.35915635E+000
0.40030164E-001 0.39349729E-001 0.40465236E-001 0.39082500E-001 0.38692144E-001 0.44609328E-001 0.45763638E-001 0.45782231E-001 0.48487026E-001 0.45917245E-001
0.51400058E-001 0.70163038E-001 0.83597890E-001 0.12852521E+000 0.10535193E+000 0.13300520E-001 0.13300520E-001 0.17196738E-001 0.17196738E-001 0.12843774E-001
0.12843774E-001 0.12263747E-001 0.12263747E-001
0.15000000E+002 -.38895780E+005 0.77821559E+005 0.77915970E+005 0.77868307E+005 0.33605443E+005 0.32752000E+005 0.46874626E-003 0.13832050E+005 0.32752000E+005
0.10000000E+001
247
0.10531535E+001 0.10829498E+001 0.10707101E+001 0.10436830E+001 0.11549777E+001 -.10415148E+001 -.98902758E+000 -.10090348E+001 -.99222182E+000 -.10438178E+001
-.10758711E+000 -.29027056E+000 -.50418937E+000 0.17914896E+001 0.79926315E+000 0.81775622E+000 0.18224378E+000 0.42793763E+000 0.57206237E+000 0.47312914E+000
0.52687086E+000 0.61237216E+000 0.38762784E+000
0.40584300E-001 0.40448089E-001 0.40439958E-001 0.40554669E-001 0.42375768E-001 0.43400611E-001 0.43581988E-001 0.42222735E-001 0.42432091E-001 0.44243309E-001
0.49788756E-001 0.67017124E-001 0.80668657E-001 0.12355771E+000 0.10409472E+000 0.14694368E-001 0.14694368E-001 0.16406262E-001 0.16406262E-001 0.12411239E-001
0.12411239E-001 0.12476298E-001 0.12476298E-001
0.15000000E+002 -.38878017E+005 0.77786033E+005 0.77880444E+005 0.77832781E+005 0.34035655E+005 0.32752000E+005 0.36345592E-006 0.13865556E+005 0.32752000E+005
0.10000000E+001
248
0.11447145E+001 0.11296210E+001 0.10762208E+001 0.10694151E+001 0.11118759E+001 -.10341974E+001 -.10657609E+001 -.10391418E+001 -.95157888E+000 -.10122557E+001
-.71108039E-001 -.33543108E+000 -.62179135E+000 0.19062883E+001 0.87193062E+000 0.82790578E+000 0.17209422E+000 0.41691975E+000 0.58308025E+000 0.48223048E+000
0.51776952E+000 0.61510974E+000 0.38489026E+000
0.43709823E-001 0.42451687E-001 0.40660361E-001 0.40297162E-001 0.41410441E-001 0.42821661E-001 0.45209558E-001 0.43693537E-001 0.42310343E-001 0.43630795E-001
0.49751634E-001 0.67965164E-001 0.83286622E-001 0.12451608E+000 0.10413547E+000 0.14105815E-001 0.14105815E-001 0.16522173E-001 0.16522173E-001 0.12422199E-001
0.12422199E-001 0.12492964E-001 0.12492964E-001
0.15000000E+002 -.38722848E+005 0.77475696E+005 0.77570107E+005 0.77522443E+005 0.34462703E+005 0.32752000E+005 0.24538815E-010 0.13745461E+005 0.32752000E+005
0.10000000E+001
249
0.10946019E+001 0.10848221E+001 0.10718476E+001 0.10549782E+001 0.10441663E+001 -.10393777E+001 -.98687109E+000 -.10380910E+001 -.10570299E+001 -.91055956E+000
-.31951063E-002 -.42056509E+000 -.64063337E+000 0.20389659E+001 0.89215398E+000 0.83457447E+000 0.16542553E+000 0.39638154E+000 0.60361846E+000 0.49920122E+000
0.50079878E+000 0.61512799E+000 0.38487201E+000
0.41638714E-001 0.41688803E-001 0.42333470E-001 0.41836810E-001 0.39828827E-001 0.44881578E-001 0.43773694E-001 0.44140416E-001 0.45918159E-001 0.42454887E-001
0.50193904E-001 0.69656369E-001 0.85715020E-001 0.12941040E+000 0.10677578E+000 0.14418700E-001 0.14418700E-001 0.16666207E-001 0.16666207E-001 0.12548444E-001
0.12548444E-001 0.12842566E-001 0.12842566E-001
0.15000000E+002 -.38889615E+005 0.77809229E+005 0.77903640E+005 0.77855977E+005 0.34522893E+005 0.32752000E+005 0.51977311E-011 0.14076395E+005 0.32752000E+005
0.10000000E+001
250
0.10810283E+001 0.10757194E+001 0.10424316E+001 0.11165471E+001 0.11324608E+001 -.97682049E+000 -.97005281E+000 -.10101434E+001 -.98128138E+000 -.10476399E+001
-.15812905E-001 -.36720501E+000 -.43349831E+000 0.18856365E+001 0.71882829E+000 0.82030740E+000 0.17969260E+000 0.40921656E+000 0.59078344E+000 0.49604686E+000
0.50395314E+000 0.61313688E+000 0.38686312E+000
0.41567972E-001 0.40173518E-001 0.40964957E-001 0.42228823E-001 0.43524604E-001 0.44607938E-001 0.45790986E-001 0.44862890E-001 0.45164108E-001 0.46600507E-001
0.53288729E-001 0.72242009E-001 0.83391870E-001 0.12547807E+000 0.10351829E+000 0.13809229E-001 0.13809229E-001 0.17465110E-001 0.17465110E-001 0.13321349E-001
0.13321349E-001 0.12655965E-001 0.12655965E-001
0.15000000E+002 -.38871403E+005 0.77772805E+005 0.77867216E+005 0.77819552E+005 0.34373791E+005 0.32752000E+005 0.22217772E-009 0.14010543E+005 0.32752000E+005
0.10000000E+001
251
0.11184235E+001 0.10876147E+001 0.11183539E+001 0.10350185E+001 0.10213998E+001 -.10128339E+001 -.98924199E+000 -.10295774E+001 -.10326550E+001 -.98969331E+000
-.26390867E-001 -.25803604E+000 -.56563071E+000 0.20855339E+001 0.78560857E+000 0.86146338E+000 0.13853662E+000 0.43584655E+000 0.56415345E+000 0.49340267E+000
0.50659733E+000 0.64584703E+000 0.35415297E+000
0.41462360E-001 0.40837138E-001 0.40781751E-001 0.41819664E-001 0.39409692E-001 0.45332900E-001 0.44911188E-001 0.47667748E-001 0.43483478E-001 0.45227512E-001
0.52337938E-001 0.68982100E-001 0.87197945E-001 0.13673778E+000 0.10723617E+000 0.13421512E-001 0.13421512E-001 0.16961618E-001 0.16961618E-001 0.13082207E-001
0.13082207E-001 0.12704453E-001 0.12704453E-001
0.15000000E+002 -.38823574E+005 0.77677149E+005 0.77771559E+005 0.77723896E+005 0.34934109E+005 0.32752000E+005 0.00000000E+000 0.13957961E+005 0.32752000E+005
0.10000000E+001
252
-.92680893E+000 -.94076912E+000 -.93279917E+000 -.95007026E+000 -.93933541E+000 0.11214303E+001 0.12291516E+001 0.11003860E+001 0.11966076E+001 0.11232613E+001
0.12895326E+000 -.14648477E+001 -.10154526E+000 0.18421895E+001 0.74665670E+000 0.59323181E+000 0.40676819E+000 0.18772700E+000 0.81227300E+000 0.53219372E+000
0.46780628E+000 0.40353411E+000 0.59646589E+000
0.42213843E-001 0.43201234E-001 0.41643107E-001 0.44740178E-001 0.41873943E-001 0.44978955E-001 0.46047051E-001 0.44416659E-001 0.44891042E-001 0.44730697E-001
0.54419423E-001 0.97823918E-001 0.60607309E-001 0.12551985E+000 0.10360052E+000 0.16857608E-001 0.16857608E-001 0.14916736E-001 0.14916736E-001 0.13548454E-001
0.13548454E-001 0.13196574E-001 0.13196574E-001
0.15000000E+002 -.38848804E+005 0.77727608E+005 0.77822019E+005 0.77774355E+005 0.34897247E+005 0.32752000E+005 0.11102230E-015 0.14020531E+005 0.32752000E+005
0.10000000E+001
253
0.11973717E+001 0.10637375E+001 0.11608881E+001 0.10582688E+001 0.11733249E+001 -.97339545E+000 -.97961706E+000 -.88107893E+000 -.91363442E+000 -.96824292E+000
-.12305901E+000 -.29368848E+000 -.53626747E+000 0.17651946E+001 0.76174992E+000 0.81328621E+000 0.18671379E+000 0.42710111E+000 0.57289889E+000 0.46927401E+000
0.53072599E+000 0.60832774E+000 0.39167226E+000
0.44995323E-001 0.40789806E-001 0.43816659E-001 0.41939190E-001 0.44987932E-001 0.43818449E-001 0.44745604E-001 0.41851525E-001 0.41919787E-001 0.43564238E-001
0.49803322E-001 0.69123885E-001 0.85366535E-001 0.12327720E+000 0.10553988E+000 0.14799342E-001 0.14799342E-001 0.16913630E-001 0.16913630E-001 0.12403812E-001
0.12403812E-001 0.12855314E-001 0.12855314E-001
0.15000000E+002 -.38910094E+005 0.77850189E+005 0.77944599E+005 0.77896936E+005 0.33507395E+005 0.32752000E+005 0.16856067E-002 0.13954749E+005 0.32752000E+005
0.10000000E+001
254
0.11594574E+001 0.11582701E+001 0.10635585E+001 0.10452249E+001 0.10348284E+001 -.11065943E+001 -.10219553E+001 -.99152625E+000 -.10352347E+001 -.95284478E+000
-.80214504E-002 -.22792327E+000 -.58713378E+000 0.17087260E+001 0.85725163E+000 0.81469380E+000 0.18530620E+000 0.44326458E+000 0.55673542E+000 0.49799465E+000
0.50200535E+000 0.62823435E+000 0.37176565E+000
0.44045778E-001 0.42430147E-001 0.40023292E-001 0.41188355E-001 0.39406238E-001 0.46978856E-001 0.46468521E-001 0.44739003E-001 0.44676818E-001 0.43374252E-001
0.52622171E-001 0.67490798E-001 0.83708459E-001 0.12044738E+000 0.10544305E+000 0.14204508E-001 0.14204508E-001 0.16655453E-001 0.16655453E-001 0.13155331E-001
0.13155331E-001 0.12428954E-001 0.12428954E-001
0.15000000E+002 -.38777437E+005 0.77584874E+005 0.77679284E+005 0.77631621E+005 0.34265799E+005 0.32752000E+005 0.27951739E-008 0.13811329E+005 0.32752000E+005
0.10000000E+001
255
-.98595831E+000 -.10490646E+001 -.10299880E+001 -.97181935E+000 -.10975347E+001 0.10689163E+001 0.11234470E+001 0.10457787E+001 0.10638720E+001 0.10722924E+001
-.20730855E-001 -.15881053E+001 -.25110588E+000 0.18222339E+001 0.76332631E+000 0.55826623E+000 0.44173377E+000 0.16965063E+000 0.83034937E+000 0.49481747E+000
0.50518253E+000 0.36194442E+000 0.63805558E+000
0.44813665E-001 0.46938223E-001 0.46890230E-001 0.43338148E-001 0.45948799E-001 0.40198055E-001 0.41542345E-001 0.37830155E-001 0.41222237E-001 0.42602422E-001
0.51118840E-001 0.95215438E-001 0.60305958E-001 0.12539470E+000 0.10540865E+000 0.17924431E-001 0.17924431E-001 0.13412932E-001 0.13412932E-001 0.12778337E-001
0.12778337E-001 0.12599158E-001 0.12599158E-001
0.15000000E+002 -.38820271E+005 0.77670543E+005 0.77764953E+005 0.77717290E+005 0.34363060E+005 0.32752000E+005 0.28777514E-009 0.13910028E+005 0.32752000E+005
0.10000000E+001
256
0.10592688E+001 0.10912439E+001 0.10891339E+001 0.10760760E+001 0.10446514E+001 -.99498188E+000 -.10366647E+001 -.10526372E+001 -.10014113E+001 -.10375961E+001
-.66574192E-001 -.38605125E+000 -.45817038E+000 0.19388588E+001 0.66016204E+000 0.82531886E+000 0.17468114E+000 0.40466824E+000 0.59533176E+000 0.48336260E+000
0.51663740E+000 0.60799502E+000 0.39200498E+000
0.41355235E-001 0.42256790E-001 0.41954207E-001 0.42256147E-001 0.40041691E-001 0.43435448E-001 0.45088795E-001 0.44945219E-001 0.42968722E-001 0.44106520E-001
0.50030070E-001 0.70049503E-001 0.81975450E-001 0.12545050E+000 0.10330935E+000 0.14216433E-001 0.14216433E-001 0.16875756E-001 0.16875756E-001 0.12493669E-001
0.12493669E-001 0.12731491E-001 0.12731491E-001
0.15000000E+002 -.38878699E+005 0.77787399E+005 0.77881810E+005 0.77834146E+005 0.33880715E+005 0.32752000E+005 0.64130427E-005 0.13878793E+005 0.32752000E+005
0.10000000E+001
257
0.11043241E+001 0.10609098E+001 0.10945920E+001 0.10108709E+001 0.10691476E+001 -.10339310E+001 -.10508715E+001 -.10267393E+001 -.10245042E+001 -.11430157E+001
-.32842192E-001 -.21853726E+000 -.61571435E+000 0.17211821E+001 0.90534955E+000 0.81796862E+000 0.18203138E+000 0.44558209E+000 0.55441791E+000 0.49179019E+000
0.50820981E+000 0.62871813E+000 0.37128187E+000
0.41467004E-001 0.40144925E-001 0.40134384E-001 0.38104465E-001 0.41306348E-001 0.43476103E-001 0.43890263E-001 0.44460484E-001 0.43808941E-001 0.46070250E-001
0.48772452E-001 0.68147007E-001 0.83105337E-001 0.12229760E+000 0.10635004E+000 0.14275270E-001 0.14275270E-001 0.16834947E-001 0.16834947E-001 0.12189826E-001
0.12189826E-001 0.12271783E-001 0.12271783E-001
0.15000000E+002 -.38778777E+005 0.77587554E+005 0.77681965E+005 0.77634301E+005 0.34257440E+005 0.32752000E+005 0.33781148E-008 0.13729726E+005 0.32752000E+005
0.10000000E+001
258
0.11169366E+001 0.10410844E+001 0.10828243E+001 0.10990902E+001 0.10912316E+001 -.10031855E+001 -.99429004E+000 -.10153779E+001 -.98165099E+000 -.10081942E+001
-.48068611E-001 -.37656738E+000 -.36235347E+000 0.18568654E+001 0.52246671E+000 0.81461758E+000 0.18538242E+000 0.40695507E+000 0.59304493E+000 0.48798516E+000
0.51201484E+000 0.60588833E+000 0.39411167E+000
0.44808264E-001 0.41249073E-001 0.43302377E-001 0.43702788E-001 0.42517630E-001 0.44287360E-001 0.44632625E-001 0.45232610E-001 0.43740846E-001 0.46067884E-001
0.52657917E-001 0.69908700E-001 0.79764166E-001 0.12306379E+000 0.10227413E+000 0.14611480E-001 0.14611480E-001 0.16871950E-001 0.16871950E-001 0.13156878E-001
0.13156878E-001 0.13124516E-001 0.13124516E-001
0.15000000E+002 -.38908053E+005 0.77846105E+005 0.77940516E+005 0.77892853E+005 0.34572751E+005 0.32752000E+005 0.13850032E-011 0.13978800E+005 0.32752000E+005
0.10000000E+001
259
0.11248045E+001 0.11443822E+001 0.10556390E+001 0.11239394E+001 0.10709678E+001 -.99055356E+000 -.10177715E+001 -.93930648E+000 -.10118670E+001 -.98762250E+000
-.77244269E-001 -.41050547E+000 -.55161767E+000 0.19906350E+001 0.77877107E+000 0.82922286E+000 0.17077714E+000 0.39879093E+000 0.60120907E+000 0.48069853E+000
0.51930147E+000 0.60569892E+000 0.39430108E+000
0.42852790E-001 0.43455521E-001 0.39334606E-001 0.42936252E-001 0.41037473E-001 0.43645547E-001 0.43615862E-001 0.43352407E-001 0.43911039E-001 0.42966042E-001
0.50296980E-001 0.70607499E-001 0.83505291E-001 0.12723313E+000 0.10397651E+000 0.14083318E-001 0.14083318E-001 0.16928622E-001 0.16928622E-001 0.12555507E-001
0.12555507E-001 0.12728805E-001 0.12728805E-001
0.15000000E+002 -.38843340E+005 0.77716679E+005 0.77811090E+005 0.77763427E+005 0.34436490E+005 0.32752000E+005 0.47508553E-010 0.13925937E+005 0.32752000E+005
0.10000000E+001
260
-.10287349E+001 -.10064754E+001 -.97808213E+000 -.99071754E+000 -.10043286E+001 0.10767698E+001 0.11245582E+001 0.10667282E+001 0.10982276E+001 0.10698144E+001
0.42534476E-001 -.14654833E+001 -.18138725E+000 0.18965081E+001 0.66282331E+000 0.60611836E+000 0.39388164E+000 0.18763011E+000 0.81236989E+000 0.51063202E+000
0.48936798E+000 0.40132361E+000 0.59867639E+000
0.43325670E-001 0.45931668E-001 0.43288595E-001 0.42508469E-001 0.44277768E-001 0.42593053E-001 0.41076922E-001 0.41761415E-001 0.42622308E-001 0.41795773E-001
0.50640335E-001 0.94753948E-001 0.62661406E-001 0.12278877E+000 0.10295756E+000 0.16920297E-001 0.16920297E-001 0.14442875E-001 0.14442875E-001 0.12654359E-001
0.12654359E-001 0.12835721E-001 0.12835721E-001
0.15000000E+002 -.38910044E+005 0.77850089E+005 0.77944499E+005 0.77896836E+005 0.34471704E+005 0.32752000E+005 0.19516611E-010 0.14040946E+005 0.32752000E+005
0.10000000E+001
261
0.10848104E+001 0.10898292E+001 0.11163523E+001 0.10950063E+001 0.11365593E+001 -.10188035E+001 -.10261842E+001 -.10332934E+001 -.10163129E+001 -.10797842E+001
-.24787634E-001 -.32930987E+000 -.49339044E+000 0.18493499E+001 0.71501185E+000 0.82054438E+000 0.17945562E+000 0.41840855E+000 0.58159145E+000 0.49380341E+000
0.50619659E+000 0.61698459E+000 0.38301541E+000
0.40666005E-001 0.40820219E-001 0.41291168E-001 0.41447366E-001 0.41361415E-001 0.43665448E-001 0.42283427E-001 0.44667183E-001 0.43084313E-001 0.45889915E-001
0.50844407E-001 0.68575321E-001 0.80423749E-001 0.12177791E+000 0.10187670E+000 0.13823722E-001 0.13823722E-001 0.16687313E-001 0.16687313E-001 0.12709149E-001
0.12709149E-001 0.12266633E-001 0.12266633E-001
0.15000000E+002 -.38699933E+005 0.77429865E+005 0.77524276E+005 0.77476613E+005 0.34510331E+005 0.32752000E+005 0.72150064E-011 0.13789493E+005 0.32752000E+005
0.10000000E+001
262
0.10423867E+001 0.11292923E+001 0.10172023E+001 0.10284179E+001 0.10430515E+001 -.88411150E+000 -.10097352E+001 -.93161378E+000 -.10195315E+001 -.98170188E+000
-.65673808E-001 -.20273235E+000 -.47202592E+000 0.17350542E+001 0.57207894E+000 0.82234577E+000 0.17765423E+000 0.44948979E+000 0.55051021E+000 0.48358745E+000
0.51641255E+000 0.62979826E+000 0.37020174E+000
0.40743155E-001 0.42599400E-001 0.41217750E-001 0.40908916E-001 0.41342565E-001 0.42490467E-001 0.46482173E-001 0.41962801E-001 0.44877048E-001 0.44066819E-001
0.51315366E-001 0.72311263E-001 0.89392492E-001 0.12874907E+000 0.10894735E+000 0.14710164E-001 0.14710164E-001 0.17893329E-001 0.17893329E-001 0.12815019E-001
0.12815019E-001 0.13139480E-001 0.13139480E-001
0.15000000E+002 -.39157551E+005 0.78345102E+005 0.78439513E+005 0.78391850E+005 0.33547502E+005 0.32752000E+005 0.10144299E-002 0.14166936E+005 0.32752000E+005
0.10000000E+001
263
-.10355764E+001 -.10396511E+001 -.98098429E+000 -.10424189E+001 -.11568678E+001 0.10343988E+001 0.10811827E+001 0.10530138E+001 0.10697947E+001 0.10735263E+001
-.33343093E-002 -.16030993E+001 -.23126047E+000 0.17999035E+001 0.81582078E+000 0.54904287E+000 0.45095713E+000 0.16754889E+000 0.83245111E+000 0.49916642E+000
0.50083358E+000 0.35797787E+000 0.64202213E+000
0.45093268E-001 0.46062382E-001 0.45602786E-001 0.46189859E-001 0.48797976E-001 0.40293005E-001 0.42304610E-001 0.39886285E-001 0.41245967E-001 0.41864913E-001
0.51409981E-001 0.99135085E-001 0.59878728E-001 0.12559025E+000 0.10675302E+000 0.17346458E-001 0.17346458E-001 0.13826991E-001 0.13826991E-001 0.12852459E-001
0.12852459E-001 0.12694550E-001 0.12694550E-001
0.15000000E+002 -.38782324E+005 0.77594647E+005 0.77689058E+005 0.77641395E+005 0.34980653E+005 0.32752000E+005 0.00000000E+000 0.13857465E+005 0.32752000E+005
0.10000000E+001
264
0.10709831E+001 0.10720266E+001 0.10787283E+001 0.10789759E+001 0.10816494E+001 -.10223364E+001 -.99718879E+000 -.97931821E+000 -.10643832E+001 -.10140260E+001
-.76948653E-001 -.23354256E+000 -.51247772E+000 0.16673599E+001 0.77657298E+000 0.80749541E+000 0.19250459E+000 0.44187829E+000 0.55812171E+000 0.48077232E+000
0.51922768E+000 0.61765688E+000 0.38234312E+000
0.42008259E-001 0.42082492E-001 0.42215408E-001 0.42315750E-001 0.42040795E-001 0.45320176E-001 0.44944744E-001 0.44189044E-001 0.45242113E-001 0.45166828E-001
0.53121822E-001 0.69444571E-001 0.81319117E-001 0.12197464E+000 0.10440076E+000 0.14515666E-001 0.14515666E-001 0.17126550E-001 0.17126550E-001 0.13260816E-001
0.13260816E-001 0.12720633E-001 0.12720633E-001
0.15000000E+002 -.38902290E+005 0.77834580E+005 0.77928990E+005 0.77881327E+005 0.34152167E+005 0.32752000E+005 0.33832320E-007 0.14016415E+005 0.32752000E+005
0.10000000E+001
265
0.10918008E+001 0.11405392E+001 0.10433914E+001 0.11670889E+001 0.10873928E+001 -.92127399E+000 -.98913739E+000 -.95779103E+000 -.93551579E+000 -.97542941E+000
-.41336703E-001 -.48993263E+000 -.45848218E+000 0.19259709E+001 0.63616391E+000 0.80784040E+000 0.19215960E+000 0.37990944E+000 0.62009056E+000 0.48966730E+000
0.51033270E+000 0.58945323E+000 0.41054677E+000
0.43483636E-001 0.44173591E-001 0.42941702E-001 0.44481548E-001 0.43116221E-001 0.43245246E-001 0.44984654E-001 0.42783751E-001 0.43360894E-001 0.44066646E-001
0.52233490E-001 0.71540804E-001 0.80861393E-001 0.12448063E+000 0.10376865E+000 0.14951244E-001 0.14951244E-001 0.16853458E-001 0.16853458E-001 0.13052796E-001
0.13052796E-001 0.13184397E-001 0.13184397E-001
0.15000000E+002 -.38976252E+005 0.77982503E+005 0.78076914E+005 0.78029251E+005 0.34812033E+005 0.32752000E+005 0.15543122E-014 0.14172422E+005 0.32752000E+005
0.10000000E+001
266
0.10460072E+001 0.94936962E+000 0.10202506E+001 0.98819792E+000 0.10554391E+001 -.10670010E+001 -.10109084E+001 -.10483015E+001 -.10905204E+001 -.10118821E+001
0.22595782E-001 -.30810100E+000 -.61324731E+000 0.18617006E+001 0.97361807E+000 0.82543301E+000 0.17456699E+000 0.42357833E+000 0.57642167E+000 0.50564871E+000
0.49435129E+000 0.62677563E+000 0.37322437E+000
0.41326628E-001 0.39482427E-001 0.42152138E-001 0.42016001E-001 0.42291872E-001 0.48919516E-001 0.45820095E-001 0.47390848E-001 0.48573607E-001 0.47169572E-001
0.53664875E-001 0.73095538E-001 0.87868076E-001 0.12782094E+000 0.11003022E+000 0.14426852E-001 0.14426852E-001 0.17846987E-001 0.17846987E-001 0.13414506E-001
0.13414506E-001 0.13418001E-001 0.13418001E-001
0.15000000E+002 -.38995027E+005 0.78020054E+005 0.78114465E+005 0.78066802E+005 0.34061764E+005 0.32752000E+005 0.21695990E-006 0.14191287E+005 0.32752000E+005
0.10000000E+001
267
0.10516579E+001 0.10979241E+001 0.10309183E+001 0.10754634E+001 0.10111360E+001 -.10257144E+001 -.10071829E+001 -.10051429E+001 -.10698510E+001 -.10350025E+001
-.59821114E-001 -.19572921E+000 -.46016154E+000 0.18235513E+001 0.75011805E+000 0.83587107E+000 0.16412893E+000 0.45122332E+000 0.54877668E+000 0.48504918E+000
0.51495082E+000 0.63779639E+000 0.36220361E+000
0.41836320E-001 0.43436061E-001 0.40849582E-001 0.41962654E-001 0.40720793E-001 0.46431987E-001 0.45858647E-001 0.46346611E-001 0.48728565E-001 0.45707398E-001
0.53169479E-001 0.69847431E-001 0.88858958E-001 0.12838841E+000 0.10718570E+000 0.14415281E-001 0.14415281E-001 0.17295679E-001 0.17295679E-001 0.13280485E-001
0.13280485E-001 0.13392290E-001 0.13392290E-001
0.15000000E+002 -.38899285E+005 0.77828571E+005 0.77922981E+005 0.77875318E+005 0.34481654E+005 0.32752000E+005 0.15132562E-010 0.14010899E+005 0.32752000E+005
0.10000000E+001
268
0.10436150E+001 0.10503974E+001 0.10422127E+001 0.10225037E+001 0.10057168E+001 -.10577432E+001 -.10767767E+001 -.11009385E+001 -.11558451E+001 -.10844450E+001
0.35725971E-001 -.33588043E+000 -.44258981E+000 0.18888114E+001 0.79994711E+000 0.82533664E+000 0.17466336E+000 0.41681051E+000 0.58318949E+000 0.50893054E+000
0.49106946E+000 0.62472194E+000 0.37527806E+000
0.40842269E-001 0.40907904E-001 0.39813790E-001 0.39904255E-001 0.39582028E-001 0.45536137E-001 0.46415890E-001 0.47412087E-001 0.49422992E-001 0.46140215E-001
0.51948476E-001 0.67798914E-001 0.80156959E-001 0.12295734E+000 0.10243181E+000 0.13997461E-001 0.13997461E-001 0.16480527E-001 0.16480527E-001 0.12982976E-001
0.12982976E-001 0.12469466E-001 0.12469466E-001
0.15000000E+002 -.38778969E+005 0.77587937E+005 0.77682348E+005 0.77634685E+005 0.34750732E+005 0.32752000E+005 0.94368957E-014 0.13937599E+005 0.32752000E+005
0.10000000E+001
269
0.11501219E+001 0.11363662E+001 0.11125563E+001 0.10758516E+001 0.10864076E+001 -.97609020E+000 -.10072974E+001 -.97465112E+000 -.97426443E+000 -.96948534E+000
-.11434942E+000 -.38546736E+000 -.50206769E+000 0.20467124E+001 0.77127035E+000 0.84040506E+000 0.15959494E+000 0.40480892E+000 0.59519108E+000 0.47144375E+000
0.52855625E+000 0.61016800E+000 0.38983200E+000
0.44025857E-001 0.42725332E-001 0.41346024E-001 0.40981525E-001 0.41768035E-001 0.43126660E-001 0.44601597E-001 0.43264226E-001 0.43117935E-001 0.43291459E-001
0.51405598E-001 0.67019147E-001 0.82417476E-001 0.13072153E+000 0.10342783E+000 0.13957044E-001 0.13957044E-001 0.16147503E-001 0.16147503E-001 0.12809480E-001
0.12809480E-001 0.12178159E-001 0.12178159E-001
0.15000000E+002 -.38829249E+005 0.77688497E+005 0.77782908E+005 0.77735245E+005 0.34357725E+005 0.32752000E+005 0.32707559E-009 0.13939064E+005 0.32752000E+005
0.10000000E+001
270
0.10846601E+001 0.10682133E+001 0.10287955E+001 0.11634964E+001 0.10593079E+001 -.97960601E+000 -.97368866E+000 -.10041015E+001 -.10308373E+001 -.99613974E+000
-.56816617E-001 -.29990666E+000 -.45764110E+000 0.17190552E+001 0.63209321E+000 0.80520490E+000 0.19479510E+000 0.42558030E+000 0.57441970E+000 0.48579967E+000
0.51420033E+000 0.61000180E+000 0.38999820E+000
0.43044038E-001 0.41817962E-001 0.41925008E-001 0.44599631E-001 0.42209964E-001 0.43846130E-001 0.45576062E-001 0.44028637E-001 0.47905429E-001 0.43602334E-001
0.51273726E-001 0.73114511E-001 0.82403771E-001 0.12273008E+000 0.10499008E+000 0.15116367E-001 0.15116367E-001 0.17873698E-001 0.17873698E-001 0.12808092E-001
0.12808092E-001 0.13719283E-001 0.13719283E-001
0.15000000E+002 -.38948375E+005 0.77926749E+005 0.78021160E+005 0.77973497E+005 0.33494492E+005 0.32752000E+005 0.19756088E-002 0.13973228E+005 0.32752000E+005
0.10000000E+001
271
0.11126235E+001 0.10215343E+001 0.10396904E+001 0.10473099E+001 0.10893514E+001 -.99879714E+000 -.10555092E+001 -.93900406E+000 -.99719810E+000 -.10507111E+001
-.49141215E-001 -.42943930E+000 -.61664159E+000 0.20696439E+001 0.83758275E+000 0.83756278E+000 0.16243722E+000 0.39426023E+000 0.60573977E+000 0.48771717E+000
0.51228283E+000 0.61046649E+000 0.38953351E+000
0.43072111E-001 0.40310982E-001 0.41456065E-001 0.42891104E-001 0.44649950E-001 0.45660684E-001 0.45822544E-001 0.42482982E-001 0.44275947E-001 0.44572022E-001
0.53022472E-001 0.68159717E-001 0.83958010E-001 0.13115105E+000 0.10517932E+000 0.14305038E-001 0.14305038E-001 0.16277842E-001 0.16277842E-001 0.13247619E-001
0.13247619E-001 0.12620728E-001 0.12620728E-001
0.15000000E+002 -.38917943E+005 0.77865887E+005 0.77960297E+005 0.77912634E+005 0.33871004E+005 0.32752000E+005 0.75938106E-005 0.14021576E+005 0.32752000E+005
0.10000000E+001
272
0.11047072E+001 0.10624110E+001 0.10961921E+001 0.10519252E+001 0.11137792E+001 -.97560887E+000 -.10127140E+001 -.99497051E+000 -.92413002E+000 -.10069676E+001
-.26913553E-001 -.34004612E+000 -.67722805E+000 0.17454761E+001 0.85693406E+000 0.80304413E+000 0.19695587E+000 0.41579827E+000 0.58420173E+000 0.49327202E+000
0.50672798E+000 0.60681582E+000 0.39318418E+000
0.43162694E-001 0.42946538E-001 0.44657759E-001 0.42051089E-001 0.44692726E-001 0.45657930E-001 0.46373997E-001 0.44811627E-001 0.43487147E-001 0.45471824E-001
0.54400396E-001 0.70729444E-001 0.86669054E-001 0.12146093E+000 0.10693217E+000 0.15002468E-001 0.15002468E-001 0.17180894E-001 0.17180894E-001 0.13597636E-001
0.13597636E-001 0.13454368E-001 0.13454368E-001
0.15000000E+002 -.38952486E+005 0.77934972E+005 0.78029383E+005 0.77981720E+005 0.34700308E+005 0.32752000E+005 0.40412118E-013 0.14079450E+005 0.32752000E+005
0.10000000E+001
273
-.10071678E+001 -.10459121E+001 -.10474336E+001 -.10451334E+001 -.10583785E+001 0.10553444E+001 0.10598019E+001 0.11043804E+001 0.10883984E+001 0.10648126E+001
-.16805770E-001 -.16325402E+001 -.14592922E+000 0.19218438E+001 0.60381697E+000 0.57182562E+000 0.42817438E+000 0.16348267E+000 0.83651733E+000 0.49579866E+000
0.50420134E+000 0.36593856E+000 0.63406144E+000
0.42798576E-001 0.46146619E-001 0.45671917E-001 0.45960705E-001 0.45196580E-001 0.42051246E-001 0.40207082E-001 0.40981180E-001 0.41694408E-001 0.41301623E-001
0.51029203E-001 0.98562268E-001 0.59767928E-001 0.12429654E+000 0.10386071E+000 0.16929895E-001 0.16929895E-001 0.13478990E-001 0.13478990E-001 0.12756400E-001
0.12756400E-001 0.12531316E-001 0.12531316E-001
0.15000000E+002 -.38776958E+005 0.77583917E+005 0.77678327E+005 0.77630664E+005 0.33970364E+005 0.32752000E+005 0.12679949E-005 0.13777636E+005 0.32752000E+005
0.10000000E+001
274
0.10242250E+001 0.10726946E+001 0.10286707E+001 0.10924741E+001 0.10371712E+001 -.10648187E+001 -.11055359E+001 -.10409186E+001 -.10281021E+001 -.10498329E+001
0.69056820E-001 -.26125815E+000 -.39382098E+000 0.19097420E+001 0.72853332E+000 0.83868604E+000 0.16131396E+000 0.43505445E+000 0.56494555E+000 0.51725735E+000
0.48274265E+000 0.64383586E+000 0.35616414E+000
0.39332780E-001 0.39651176E-001 0.38810345E-001 0.40769047E-001 0.39308693E-001 0.46686559E-001 0.48677268E-001 0.46392329E-001 0.46928766E-001 0.47829292E-001
0.52884589E-001 0.69397105E-001 0.84032291E-001 0.12428186E+000 0.10386425E+000 0.12988272E-001 0.12988272E-001 0.17056565E-001 0.17056565E-001 0.13205397E-001
0.13205397E-001 0.12107918E-001 0.12107918E-001
0.15000000E+002 -.38795562E+005 0.77621125E+005 0.77715536E+005 0.77667872E+005 0.33865735E+005 0.32752000E+005 0.83184657E-005 0.13840605E+005 0.32752000E+005
0.10000000E+001
275
0.10245064E+001 0.11099550E+001 0.10519432E+001 0.10489363E+001 0.10815985E+001 -.10614631E+001 -.10941352E+001 -.10746848E+001 -.10440021E+001 -.10421321E+001
-.23858714E-001 -.32847871E+000 -.43776007E+000 0.18400783E+001 0.67602204E+000 0.81929815E+000 0.18070185E+000 0.41861082E+000 0.58138918E+000 0.49403560E+000
0.50596440E+000 0.61656463E+000 0.38343537E+000
0.41560443E-001 0.41221438E-001 0.41858723E-001 0.40902584E-001 0.41426605E-001 0.44377567E-001 0.47955960E-001 0.44054358E-001 0.45047399E-001 0.43726873E-001
0.50710056E-001 0.67803895E-001 0.80022382E-001 0.12150693E+000 0.10302931E+000 0.14230987E-001 0.14230987E-001 0.16501827E-001 0.16501827E-001 0.12675710E-001
0.12675710E-001 0.12553192E-001 0.12553192E-001
0.15000000E+002 -.38777474E+005 0.77584948E+005 0.77679359E+005 0.77631696E+005 0.33852818E+005 0.32752000E+005 0.10384755E-004 0.13802381E+005 0.32752000E+005
0.10000000E+001
276
0.10289628E+001 0.10833407E+001 0.10566954E+001 0.10163058E+001 0.10813065E+001 -.90883471E+000 -.10210856E+001 -.10334238E+001 -.10367652E+001 -.10401891E+001
0.12156137E-001 -.34825642E+000 -.49520509E+000 0.19130112E+001 0.72737508E+000 0.82703457E+000 0.17296543E+000 0.41380530E+000 0.58619470E+000 0.50303900E+000
0.49696100E+000 0.62167574E+000 0.37832426E+000
0.41280358E-001 0.41119277E-001 0.42051895E-001 0.40313810E-001 0.42129204E-001 0.42276397E-001 0.46095305E-001 0.44824363E-001 0.45754938E-001 0.46518915E-001
0.51452282E-001 0.70452467E-001 0.85913235E-001 0.12613327E+000 0.10562340E+000 0.14066611E-001 0.14066611E-001 0.17089688E-001 0.17089688E-001 0.12862595E-001
0.12862595E-001 0.12600496E-001 0.12600496E-001
0.15000000E+002 -.38978670E+005 0.77987340E+005 0.78081751E+005 0.78034087E+005 0.34190082E+005 0.32752000E+005 0.15013203E-007 0.14157031E+005 0.32752000E+005
0.10000000E+001
277
0.11233370E+001 0.10726621E+001 0.11413707E+001 0.10209998E+001 0.10926202E+001 -.10287672E+001 -.10608870E+001 -.10035943E+001 -.96959631E+000 -.96248677E+000
-.97664937E-001 -.33253788E+000 -.61089508E+000 0.18780256E+001 0.85336653E+000 0.82426106E+000 0.17573894E+000 0.41762325E+000 0.58237675E+000 0.47560316E+000
0.52439684E+000 0.61102147E+000 0.38897853E+000
0.41445535E-001 0.42936074E-001 0.42753280E-001 0.42156726E-001 0.43488361E-001 0.45514294E-001 0.44964994E-001 0.44528028E-001 0.42398409E-001 0.42372219E-001
0.53303915E-001 0.68123166E-001 0.85938468E-001 0.12579719E+000 0.10583784E+000 0.14339673E-001 0.14339673E-001 0.16568513E-001 0.16568513E-001 0.13294252E-001
0.13294252E-001 0.12683839E-001 0.12683839E-001
0.15000000E+002 -.38852030E+005 0.77734059E+005 0.77828470E+005 0.77780807E+005 0.34602284E+005 0.32752000E+005 0.62283512E-012 0.13964185E+005 0.32752000E+005
0.10000000E+001
278
0.11138950E+001 0.10794861E+001 0.11112950E+001 0.10531076E+001 0.11445999E+001 -.98279886E+000 -.98436483E+000 -.10484559E+001 -.99780979E+000 -.99110308E+000
-.34356360E-001 -.33920329E+000 -.48347605E+000 0.17732555E+001 0.77366503E+000 0.80753191E+000 0.19246809E+000 0.41600302E+000 0.58399698E+000 0.49141175E+000
0.50858825E+000 0.60840492E+000 0.39159508E+000
0.42487834E-001 0.42880626E-001 0.43837288E-001 0.41893119E-001 0.45032217E-001 0.47123215E-001 0.45642870E-001 0.46798497E-001 0.45948307E-001 0.45481581E-001
0.53998614E-001 0.71191658E-001 0.83344158E-001 0.12019187E+000 0.10376257E+000 0.14376643E-001 0.14376643E-001 0.17295622E-001 0.17295622E-001 0.13495671E-001
0.13495671E-001 0.13277939E-001 0.13277939E-001
0.15000000E+002 -.38822789E+005 0.77675578E+005 0.77769988E+005 0.77722325E+005 0.34674695E+005 0.32752000E+005 0.83599794E-013 0.13943861E+005 0.32752000E+005
0.10000000E+001
279
0.10566303E+001 0.10222721E+001 0.10392666E+001 0.10068167E+001 0.11212083E+001 -.10652383E+001 -.10557069E+001 -.10494369E+001 -.10009078E+001 -.10709191E+001
-.40787169E-001 -.16177622E+000 -.50502193E+000 0.17573498E+001 0.72522122E+000 0.83139883E+000 0.16860117E+000 0.45964392E+000 0.54035608E+000 0.48980462E+000
0.51019538E+000 0.64173119E+000 0.35826881E+000
0.41320841E-001 0.39957716E-001 0.39309097E-001 0.40045345E-001 0.42267189E-001 0.46385105E-001 0.46617765E-001 0.45561196E-001 0.44713757E-001 0.46712912E-001
0.51779967E-001 0.69555696E-001 0.85417092E-001 0.12719080E+000 0.10591797E+000 0.14201793E-001 0.14201793E-001 0.17275645E-001 0.17275645E-001 0.12939609E-001
0.12939609E-001 0.12819955E-001 0.12819955E-001
0.15000000E+002 -.38873883E+005 0.77777765E+005 0.77872176E+005 0.77824513E+005 0.34169261E+005 0.32752000E+005 0.23512672E-007 0.13950202E+005 0.32752000E+005
0.10000000E+001
280
0.10739711E+001 0.10582623E+001 0.11166328E+001 0.10894351E+001 0.11079617E+001 -.10304838E+001 -.10357040E+001 -.96954532E+000 -.10408014E+001 -.10716814E+001
0.31694129E-001 -.34572397E+000 -.55943205E+000 0.18295868E+001 0.88274995E+000 0.81515532E+000 0.18484468E+000 0.41441973E+000 0.58558027E+000 0.50792287E+000
0.49207713E+000 0.61796250E+000 0.38203750E+000
0.40344511E-001 0.40866956E-001 0.41546504E-001 0.40396750E-001 0.41106135E-001 0.44444985E-001 0.44025299E-001 0.44926329E-001 0.46102549E-001 0.47615143E-001
0.50190066E-001 0.71336646E-001 0.84016310E-001 0.11981791E+000 0.10560007E+000 0.13785428E-001 0.13785428E-001 0.17311693E-001 0.17311693E-001 0.12544366E-001
0.12544366E-001 0.12645581E-001 0.12645581E-001
0.15000000E+002 -.38753619E+005 0.77537237E+005 0.77631648E+005 0.77583985E+005 0.34217715E+005 0.32752000E+005 0.82028077E-008 0.13834317E+005 0.32752000E+005
0.10000000E+001
281
-.10552199E+001 -.10066736E+001 -.97829081E+000 -.99979499E+000 -.97417534E+000 0.10996564E+001 0.10814816E+001 0.10969068E+001 0.11458148E+001 0.11098082E+001
0.71557846E-001 -.17059669E+001 -.33070265E+000 0.20820460E+001 0.93483788E+000 0.59292708E+000 0.40707292E+000 0.15368755E+000 0.84631245E+000 0.51788183E+000
0.48211817E+000 0.38116173E+000 0.61883827E+000
0.44668500E-001 0.44448762E-001 0.43687172E-001 0.43641297E-001 0.42626286E-001 0.42102725E-001 0.41171073E-001 0.39114267E-001 0.42301907E-001 0.41734812E-001
0.49975004E-001 0.10328898E+000 0.62679551E-001 0.13029414E+000 0.10543608E+000 0.16733361E-001 0.16733361E-001 0.13434559E-001 0.13434559E-001 0.12477771E-001
0.12477771E-001 0.12347763E-001 0.12347763E-001
0.15000000E+002 -.38736651E+005 0.77503302E+005 0.77597713E+005 0.77550049E+005 0.34187818E+005 0.32752000E+005 0.15768436E-007 0.13791729E+005 0.32752000E+005
0.10000000E+001
282
0.10953029E+001 0.10626099E+001 0.10767494E+001 0.10328252E+001 0.11248914E+001 -.10063760E+001 -.10600962E+001 -.10405631E+001 -.10161717E+001 -.10362661E+001
-.68012072E-003 -.28057151E+000 -.31261082E+000 0.18860014E+001 0.61619938E+000 0.83277592E+000 0.16722408E+000 0.43031367E+000 0.56968633E+000 0.49982997E+000
0.50017003E+000 0.63147637E+000 0.36852363E+000
0.39785886E-001 0.38732039E-001 0.41356653E-001 0.40165093E-001 0.40868683E-001 0.45479704E-001 0.46619307E-001 0.44810001E-001 0.43283014E-001 0.45336187E-001
0.50650677E-001 0.65635604E-001 0.79777684E-001 0.12617790E+000 0.10234163E+000 0.14202382E-001 0.14202382E-001 0.16090162E-001 0.16090162E-001 0.12662668E-001
0.12662668E-001 0.12169762E-001 0.12169762E-001
0.15000000E+002 -.38803804E+005 0.77637608E+005 0.77732019E+005 0.77684355E+005 0.34202451E+005 0.32752000E+005 0.11469073E-007 0.13921903E+005 0.32752000E+005
0.10000000E+001
283
0.99791548E+000 0.98700678E+000 0.10344948E+001 0.11341754E+001 0.11051620E+001 -.10159152E+001 -.10709224E+001 -.10146245E+001 -.11074435E+001 -.11200650E+001
0.12280528E-001 -.38117438E+000 -.44433261E+000 0.19385810E+001 0.80124647E+000 0.82598090E+000 0.17401910E+000 0.40584368E+000 0.59415632E+000 0.50307009E+000
0.49692991E+000 0.61720215E+000 0.38279785E+000
0.39079792E-001 0.39438001E-001 0.38874770E-001 0.44347652E-001 0.41672327E-001 0.44785538E-001 0.45830594E-001 0.45778414E-001 0.45312954E-001 0.48775951E-001
0.49568145E-001 0.68023952E-001 0.80570672E-001 0.12253301E+000 0.10314694E+000 0.13993395E-001 0.13993395E-001 0.16402928E-001 0.16402928E-001 0.12391569E-001
0.12391569E-001 0.12433503E-001 0.12433503E-001
0.15000000E+002 -.38794451E+005 0.77618903E+005 0.77713314E+005 0.77665650E+005 0.34124944E+005 0.32752000E+005 0.59902390E-007 0.13810935E+005 0.32752000E+005
0.10000000E+001
284
0.10318144E+001 0.10480242E+001 0.99524725E+000 0.10333761E+001 0.10416231E+001 -.10591638E+001 -.10705440E+001 -.10137716E+001 -.11373806E+001 -.10733309E+001
0.32014185E-002 -.22789423E+000 -.44032774E+000 0.19103888E+001 0.73917457E+000 0.84323457E+000 0.15676543E+000 0.44327175E+000 0.55672825E+000 0.50080035E+000
0.49919965E+000 0.64357327E+000 0.35642673E+000
0.40340006E-001 0.40116453E-001 0.37844662E-001 0.40470379E-001 0.40583046E-001 0.45528473E-001 0.46812316E-001 0.46699287E-001 0.49171015E-001 0.46525611E-001
0.52539748E-001 0.67982462E-001 0.84673823E-001 0.12812856E+000 0.10529501E+000 0.13660025E-001 0.13660025E-001 0.16776842E-001 0.16776842E-001 0.13134903E-001
0.13134903E-001 0.12534691E-001 0.12534691E-001
0.15000000E+002 -.38860707E+005 0.77751414E+005 0.77845825E+005 0.77798162E+005 0.35075442E+005 0.32752000E+005 0.00000000E+000 0.13942705E+005 0.32752000E+005
0.10000000E+001
285
0.11718237E+001 0.11053395E+001 0.11253208E+001 0.10351571E+001 0.10824384E+001 -.10229596E+001 -.96388742E+000 -.10617772E+001 -.96854474E+000 -.96024304E+000
-.22065352E+000 -.29128019E+000 -.62892675E+000 0.19927380E+001 0.80721543E+000 0.84572504E+000 0.15427496E+000 0.42769048E+000 0.57230952E+000 0.44505935E+000
0.55494065E+000 0.61374067E+000 0.38625933E+000
0.43253090E-001 0.41767621E-001 0.42084337E-001 0.39945527E-001 0.41705950E-001 0.41975087E-001 0.40019192E-001 0.44204534E-001 0.40425767E-001 0.40243314E-001
0.49848780E-001 0.64811878E-001 0.84879581E-001 0.13440955E+000 0.10556560E+000 0.14591095E-001 0.14591095E-001 0.15864090E-001 0.15864090E-001 0.12311728E-001
0.12311728E-001 0.12352898E-001 0.12352898E-001
0.15000000E+002 -.38836660E+005 0.77703319E+005 0.77797730E+005 0.77750067E+005 0.33674416E+005 0.32752000E+005 0.17620278E-003 0.13860855E+005 0.32752000E+005
0.10000000E+001
286
0.11093217E+001 0.10849078E+001 0.10244903E+001 0.10547709E+001 0.10900685E+001 -.10479316E+001 -.96751305E+000 -.10558516E+001 -.10341799E+001 -.10058299E+001
0.14938121E-001 -.25962852E+000 -.38746711E+000 0.17953906E+001 0.62132766E+000 0.82284782E+000 0.17715218E+000 0.43545503E+000 0.56454497E+000 0.50373446E+000
0.49626554E+000 0.63059813E+000 0.36940187E+000
0.40984600E-001 0.39603252E-001 0.39228944E-001 0.40153920E-001 0.40938189E-001 0.45569850E-001 0.43935171E-001 0.45070748E-001 0.44177678E-001 0.44656480E-001
0.49802775E-001 0.67505102E-001 0.83086150E-001 0.12205003E+000 0.10334367E+000 0.13958779E-001 0.13958779E-001 0.16595046E-001 0.16595046E-001 0.12449999E-001
0.12449999E-001 0.12077481E-001 0.12077481E-001
0.15000000E+002 -.38880946E+005 0.77791892E+005 0.77886303E+005 0.77838640E+005 0.34457850E+005 0.32752000E+005 0.27750802E-010 0.14042318E+005 0.32752000E+005
0.10000000E+001
287
0.11538834E+001 0.10915556E+001 0.10896622E+001 0.11466741E+001 0.11111010E+001 -.10153662E+001 -.95216476E+000 -.10214358E+001 -.10286530E+001 -.95756636E+000
-.67418402E-001 -.31920241E+000 -.54806775E+000 0.17557430E+001 0.83209284E+000 0.80791837E+000 0.19208163E+000 0.42087014E+000 0.57912986E+000 0.48315178E+000
0.51684822E+000 0.60787318E+000 0.39212682E+000
0.42329839E-001 0.41470625E-001 0.41556997E-001 0.41769083E-001 0.40566883E-001 0.44583429E-001 0.42216781E-001 0.43337431E-001 0.44973999E-001 0.42837828E-001
0.49713746E-001 0.68552269E-001 0.81984168E-001 0.11919255E+000 0.10397467E+000 0.14106013E-001 0.14106013E-001 0.16708825E-001 0.16708825E-001 0.12414325E-001
0.12414325E-001 0.12241076E-001 0.12241076E-001
0.15000000E+002 -.38791338E+005 0.77612676E+005 0.77707087E+005 0.77659424E+005 0.34555901E+005 0.32752000E+005 0.21735946E-011 0.13883594E+005 0.32752000E+005
0.10000000E+001
288
0.10595272E+001 0.10459976E+001 0.10917986E+001 0.10537371E+001 0.11111001E+001 -.10649462E+001 -.10204436E+001 -.10278497E+001 -.10371173E+001 -.11061244E+001
0.20191968E-001 -.32788371E+000 -.53275286E+000 0.19030957E+001 0.85305201E+000 0.82852534E+000 0.17147466E+000 0.41875564E+000 0.58124436E+000 0.50504782E+000
0.49495218E+000 0.62570894E+000 0.37429106E+000
0.41307359E-001 0.38611582E-001 0.40729418E-001 0.40675933E-001 0.42597612E-001 0.46219441E-001 0.46051824E-001 0.45103039E-001 0.44089682E-001 0.46884142E-001
0.50392879E-001 0.69099979E-001 0.81222677E-001 0.12276745E+000 0.10427304E+000 0.13788270E-001 0.13788270E-001 0.16818890E-001 0.16818890E-001 0.12596936E-001
0.12596936E-001 0.12552814E-001 0.12552814E-001
0.15000000E+002 -.38748950E+005 0.77527900E+005 0.77622311E+005 0.77574648E+005 0.34314311E+005 0.32752000E+005 0.91389640E-009 0.13864802E+005 0.32752000E+005
0.10000000E+001
289
-.10755238E+001 -.10374476E+001 -.10823759E+001 -.10605883E+001 -.10651793E+001 0.10912956E+001 0.10509467E+001 0.10696394E+001 0.10557664E+001 0.10555643E+001
-.34017902E-001 -.16508396E+001 -.27432004E+000 0.19339654E+001 0.77101676E+000 0.57031239E+000 0.42968761E+000 0.16099551E+000 0.83900449E+000 0.49149634E+000
0.50850366E+000 0.36217326E+000 0.63782674E+000
0.45750919E-001 0.44409133E-001 0.46568920E-001 0.45252997E-001 0.45393806E-001 0.39598928E-001 0.40343529E-001 0.40180030E-001 0.39948035E-001 0.40495647E-001
0.50897119E-001 0.99480598E-001 0.60134597E-001 0.12664109E+000 0.10370304E+000 0.17014818E-001 0.17014818E-001 0.13437437E-001 0.13437437E-001 0.12720599E-001
0.12720599E-001 0.12314266E-001 0.12314266E-001
0.15000000E+002 -.38726213E+005 0.77482427E+005 0.77576837E+005 0.77529174E+005 0.33857190E+005 0.32752000E+005 0.96359246E-005 0.13742780E+005 0.32752000E+005
0.10000000E+001
290
0.11007165E+001 0.10872303E+001 0.10867863E+001 0.10647082E+001 0.10337914E+001 -.10444891E+001 -.10300099E+001 -.10700904E+001 -.99874105E+000 -.99735722E+000
-.49695225E-001 -.31879339E+000 -.43035124E+000 0.19631207E+001 0.74501803E+000 0.83812290E+000 0.16187710E+000 0.42096984E+000 0.57903016E+000 0.48757875E+000
0.51242125E+000 0.62436481E+000 0.37563519E+000
0.43771496E-001 0.42148108E-001 0.42210575E-001 0.39549732E-001 0.40720182E-001 0.44276532E-001 0.46350410E-001 0.47110774E-001 0.47072226E-001 0.44497446E-001
0.51321879E-001 0.70417671E-001 0.84010202E-001 0.12969749E+000 0.10576561E+000 0.14128002E-001 0.14128002E-001 0.17164605E-001 0.17164605E-001 0.12822551E-001
0.12822551E-001 0.13035887E-001 0.13035887E-001
0.15000000E+002 -.38804103E+005 0.77638206E+005 0.77732617E+005 0.77684954E+005 0.34709006E+005 0.32752000E+005 0.31419312E-013 0.13918418E+005 0.32752000E+005
0.10000000E+001
291
-.95558585E+000 -.95735961E+000 -.99007951E+000 -.10218935E+001 -.97150232E+000 0.11325840E+001 0.10995866E+001 0.10366108E+001 0.11248796E+001 0.10513645E+001
0.10767807E+000 -.15389462E+001 -.28690655E+000 0.19280550E+001 0.10468497E+001 0.59606814E+000 0.40393186E+000 0.17668852E+000 0.82331148E+000 0.52689354E+000
0.47310646E+000 0.39765693E+000 0.60234307E+000
0.45442156E-001 0.43121656E-001 0.43670585E-001 0.44920710E-001 0.43038647E-001 0.41911698E-001 0.43139100E-001 0.42773609E-001 0.44644090E-001 0.42957657E-001
0.52247403E-001 0.99463995E-001 0.60524470E-001 0.12656493E+000 0.11001028E+000 0.17264899E-001 0.17264899E-001 0.14468996E-001 0.14468996E-001 0.13024062E-001
0.13024062E-001 0.13339747E-001 0.13339747E-001
0.15000000E+002 -.38922298E+005 0.77874597E+005 0.77969007E+005 0.77921344E+005 0.35061529E+005 0.32752000E+005 0.00000000E+000 0.14117509E+005 0.32752000E+005
0.10000000E+001
292
0.10255563E+001 0.10563052E+001 0.10599309E+001 0.10310100E+001 0.95417102E+000 -.10265287E+001 -.10217270E+001 -.10836403E+001 -.10570090E+001 -.10488634E+001
0.35029575E-001 -.39993778E+000 -.46442986E+000 0.21085474E+001 0.76395063E+000 0.84665586E+000 0.15334414E+000 0.40132729E+000 0.59867271E+000 0.50875650E+000
0.49124350E+000 0.62789109E+000 0.37210891E+000
0.39172514E-001 0.41872254E-001 0.39949916E-001 0.40171233E-001 0.39235930E-001 0.47487685E-001 0.45514868E-001 0.48450869E-001 0.47927391E-001 0.44874794E-001
0.52621524E-001 0.72385561E-001 0.88884524E-001 0.13365127E+000 0.10621416E+000 0.13382098E-001 0.13382098E-001 0.17391622E-001 0.17391622E-001 0.13151346E-001
0.13151346E-001 0.12486172E-001 0.12486172E-001
0.15000000E+002 -.38932056E+005 0.77894111E+005 0.77988522E+005 0.77940859E+005 0.34700942E+005 0.32752000E+005 0.39634962E-013 0.14070188E+005 0.32752000E+005
0.10000000E+001
293
-.96489482E+000 -.99871173E+000 -.10444077E+001 -.10114256E+001 -.10111734E+001 0.10714783E+001 0.10900508E+001 0.11108954E+001 0.11613668E+001 0.10657119E+001
0.38474235E-001 -.15723138E+001 -.20509594E+000 0.19506537E+001 0.82447468E+000 0.59347265E+000 0.40652735E+000 0.17188680E+000 0.82811320E+000 0.50961737E+000
0.49038263E+000 0.38673427E+000 0.61326573E+000
0.42253275E-001 0.42314871E-001 0.43783844E-001 0.44784542E-001 0.43558818E-001 0.40769220E-001 0.41786249E-001 0.42650942E-001 0.43274379E-001 0.40731163E-001
0.49679086E-001 0.97616685E-001 0.60876360E-001 0.12509451E+000 0.10436307E+000 0.16980183E-001 0.16980183E-001 0.13894927E-001 0.13894927E-001 0.12415177E-001
0.12415177E-001 0.12589517E-001 0.12589517E-001
0.15000000E+002 -.38801237E+005 0.77632475E+005 0.77726886E+005 0.77679222E+005 0.34244607E+005 0.32752000E+005 0.45097742E-008 0.13857003E+005 0.32752000E+005
0.10000000E+001
294
0.10506365E+001 0.10890037E+001 0.10611812E+001 0.11154893E+001 0.10864381E+001 -.99226888E+000 -.10576132E+001 -.95977730E+000 -.10518376E+001 -.96047414E+000
-.45977714E-001 -.42379979E+000 -.53588639E+000 0.22020199E+001 0.83512151E+000 0.85547694E+000 0.14452306E+000 0.39560785E+000 0.60439215E+000 0.48850760E+000
0.51149240E+000 0.62025740E+000 0.37974260E+000
0.41709412E-001 0.43325170E-001 0.41407193E-001 0.42703989E-001 0.40292479E-001 0.44183535E-001 0.45393420E-001 0.43581240E-001 0.47980489E-001 0.46145519E-001
0.53215594E-001 0.69097311E-001 0.86419352E-001 0.13692147E+000 0.10531652E+000 0.13645934E-001 0.13645934E-001 0.16521324E-001 0.16521324E-001 0.13296870E-001
0.13296870E-001 0.12555314E-001 0.12555314E-001
0.15000000E+002 -.38811046E+005 0.77652093E+005 0.77746504E+005 0.77698840E+005 0.34142748E+005 0.32752000E+005 0.41274295E-007 0.13914644E+005 0.32752000E+005
0.10000000E+001
295
0.10493795E+001 0.11056695E+001 0.10539788E+001 0.11179413E+001 0.11281923E+001 -.95531331E+000 -.97987180E+000 -.94101129E+000 -.97930891E+000 -.97132960E+000
-.48138377E-001 -.37649770E+000 -.50011831E+000 0.18702896E+001 0.65962790E+000 0.81664674E+000 0.18335326E+000 0.40697189E+000 0.59302811E+000 0.48796773E+000
0.51203227E+000 0.60687999E+000 0.39312001E+000
0.44219505E-001 0.45161029E-001 0.42225405E-001 0.43311110E-001 0.45848315E-001 0.43407287E-001 0.44640659E-001 0.45691257E-001 0.47416237E-001 0.44306672E-001
0.53947804E-001 0.72521010E-001 0.86791700E-001 0.12592382E+000 0.10604725E+000 0.14715188E-001 0.14715188E-001 0.17502639E-001 0.17502639E-001 0.13479141E-001
0.13479141E-001 0.13590273E-001 0.13590273E-001
0.15000000E+002 -.38985629E+005 0.78001257E+005 0.78095668E+005 0.78048005E+005 0.34463180E+005 0.32752000E+005 0.24243718E-010 0.14182635E+005 0.32752000E+005
0.10000000E+001
296
0.10709432E+001 0.11168031E+001 0.11146612E+001 0.10585095E+001 0.11095916E+001 -.91866730E+000 -.10667932E+001 -.10358173E+001 -.98118615E+000 -.10003531E+001
-.17249719E-001 -.34955629E+000 -.62161291E+000 0.19742231E+001 0.80350535E+000 0.83543773E+000 0.16456227E+000 0.41349002E+000 0.58650998E+000 0.49568768E+000
0.50431232E+000 0.62264430E+000 0.37735570E+000
0.40262722E-001 0.42604572E-001 0.41339738E-001 0.39567405E-001 0.41530207E-001 0.41037624E-001 0.45105378E-001 0.46058718E-001 0.43759010E-001 0.43362297E-001
0.51358332E-001 0.67128661E-001 0.85980060E-001 0.12645405E+000 0.10590837E+000 0.13671241E-001 0.13671241E-001 0.16279776E-001 0.16279776E-001 0.12838628E-001
0.12838628E-001 0.11981317E-001 0.11981317E-001
0.15000000E+002 -.38828515E+005 0.77687030E+005 0.77781441E+005 0.77733777E+005 0.34682668E+005 0.32752000E+005 0.66724404E-013 0.13893885E+005 0.32752000E+005
0.10000000E+001
297
0.10570982E+001 0.12042861E+001 0.10828030E+001 0.10444026E+001 0.11073714E+001 -.99898445E+000 -.10763119E+001 -.99122307E+000 -.96745338E+000 -.10074612E+001
0.88429294E-002 -.28160704E+000 -.58429115E+000 0.17197786E+001 0.86352399E+000 0.80817134E+000 0.19182866E+000 0.43005983E+000 0.56994017E+000 0.50221072E+000
0.49778928E+000 0.61995149E+000 0.38004851E+000
0.42159615E-001 0.44372887E-001 0.41190203E-001 0.40803039E-001 0.41492188E-001 0.44390896E-001 0.49148349E-001 0.45224506E-001 0.42853603E-001 0.45279393E-001
0.50958608E-001 0.70819743E-001 0.82772932E-001 0.11951897E+000 0.10473113E+000 0.14126199E-001 0.14126199E-001 0.17358512E-001 0.17358512E-001 0.12739403E-001
0.12739403E-001 0.12696332E-001 0.12696332E-001
0.15000000E+002 -.38799779E+005 0.77629558E+005 0.77723968E+005 0.77676305E+005 0.35332440E+005 0.32752000E+005 0.00000000E+000 0.14005031E+005 0.32752000E+005
0.10000000E+001
298
0.99623395E+000 0.10416534E+001 0.10986477E+001 0.11204841E+001 0.10233847E+001 -.98402765E+000 -.10826003E+001 -.99306613E+000 -.11362817E+001 -.11029337E+001
0.25189574E-001 -.30515633E+000 -.52916529E+000 0.20396039E+001 0.82489222E+000 0.84998044E+000 0.15001956E+000 0.42429746E+000 0.57570254E+000 0.50629706E+000
0.49370294E+000 0.63981950E+000 0.36018050E+000
0.40315837E-001 0.39899584E-001 0.41112365E-001 0.43500291E-001 0.40208990E-001 0.43661315E-001 0.48147888E-001 0.45691439E-001 0.48893368E-001 0.48317060E-001
0.51490386E-001 0.71206213E-001 0.83798722E-001 0.13145034E+000 0.10564948E+000 0.13541102E-001 0.13541102E-001 0.17393479E-001 0.17393479E-001 0.12870555E-001
0.12870555E-001 0.12967642E-001 0.12967642E-001
0.15000000E+002 -.38738799E+005 0.77507598E+005 0.77602009E+005 0.77554346E+005 0.34106261E+005 0.32752000E+005 0.88142565E-007 0.13839516E+005 0.32752000E+005
0.10000000E+001
299
-.10058300E+001 -.99285116E+000 -.99773987E+000 -.10593299E+001 -.97600922E+000 0.10683519E+001 0.10647304E+001 0.10974995E+001 0.10440556E+001 0.10772958E+001
-.48566226E-001 -.14219305E+001 -.21772962E+000 0.19352040E+001 0.71355014E+000 0.62557354E+000 0.37442646E+000 0.19435911E+000 0.80564089E+000 0.48786083E+000
0.51213917E+000 0.40473174E+000 0.59526826E+000
0.44267215E-001 0.44628240E-001 0.46226344E-001 0.47104861E-001 0.43615740E-001 0.43812147E-001 0.42114071E-001 0.42607824E-001 0.42113216E-001 0.43013421E-001
0.53593714E-001 0.92590291E-001 0.63535768E-001 0.12333304E+000 0.10434687E+000 0.17244776E-001 0.17244776E-001 0.14498126E-001 0.14498126E-001 0.13390531E-001
0.13390531E-001 0.13161475E-001 0.13161475E-001
0.15000000E+002 -.38929865E+005 0.77889731E+005 0.77984141E+005 0.77936478E+005 0.33938304E+005 0.32752000E+005 0.22926223E-005 0.14039660E+005 0.32752000E+005
0.10000000E+001
300
0.11140375E+001 0.10686038E+001 0.11473907E+001 0.11152300E+001 0.10435260E+001 -.10270919E+001 -.10014412E+001 -.97283865E+000 -.10210246E+001 -.99975336E+000
-.54748888E-001 -.31156239E+000 -.52497240E+000 0.19639258E+001 0.79977965E+000 0.83921022E+000 0.16078978E+000 0.42273342E+000 0.57726658E+000 0.48631620E+000
0.51368380E+000 0.62527284E+000 0.37472716E+000
0.42048169E-001 0.41052211E-001 0.41760627E-001 0.41040615E-001 0.39675483E-001 0.45472663E-001 0.42904064E-001 0.43378675E-001 0.45366067E-001 0.44310450E-001
0.50087574E-001 0.69766088E-001 0.83769989E-001 0.13071140E+000 0.10450540E+000 0.13954618E-001 0.13954618E-001 0.17025010E-001 0.17025010E-001 0.12512515E-001
0.12512515E-001 0.12511786E-001 0.12511786E-001
0.15000000E+002 -.38796215E+005 0.77622431E+005 0.77716842E+005 0.77669178E+005 0.34319694E+005 0.32752000E+005 0.80568774E-009 0.13866514E+005 0.32752000E+005
0.10000000E+001
301
0.99301153E+000 0.10444570E+001 0.10025799E+001 0.10171948E+001 0.10281603E+001 -.10745103E+001 -.10913306E+001 -.10820149E+001 -.10840956E+001 -.10983028E+001
0.93562691E-001 -.34569864E+000 -.56559285E+000 0.20601260E+001 0.90409344E+000 0.84740965E+000 0.15259035E+000 0.41442588E+000 0.58557412E+000 0.52337362E+000
0.47662638E+000 0.64103817E+000 0.35896183E+000
0.38539842E-001 0.39176982E-001 0.38704005E-001 0.40745284E-001 0.39173749E-001 0.46965067E-001 0.47907648E-001 0.47847624E-001 0.45836442E-001 0.46981824E-001
0.51137498E-001 0.70688064E-001 0.88798676E-001 0.12823089E+000 0.10636391E+000 0.13052376E-001 0.13052376E-001 0.17154372E-001 0.17154372E-001 0.12756437E-001
0.12756437E-001 0.12371976E-001 0.12371976E-001
0.15000000E+002 -.38835029E+005 0.77700057E+005 0.77794468E+005 0.77746805E+005 0.34938160E+005 0.32752000E+005 0.00000000E+000 0.13976673E+005 0.32752000E+005
0.10000000E+001
302
0.10509424E+001 0.11058566E+001 0.10338523E+001 0.10589612E+001 0.11238304E+001 -.10260678E+001 -.10732788E+001 -.97739538E+000 -.97965764E+000 -.10181223E+001
0.19121587E-001 -.20782218E+000 -.45502596E+000 0.17552144E+001 0.61816123E+000 0.82453677E+000 0.17546323E+000 0.44823065E+000 0.55176935E+000 0.50478025E+000
0.49521975E+000 0.63818254E+000 0.36181746E+000
0.41938555E-001 0.43192455E-001 0.39151320E-001 0.42068278E-001 0.43178552E-001 0.46884911E-001 0.48606524E-001 0.46748117E-001 0.44961699E-001 0.47545168E-001
0.53530076E-001 0.70471056E-001 0.86907770E-001 0.12378484E+000 0.10551296E+000 0.13855422E-001 0.13855422E-001 0.17428897E-001 0.17428897E-001 0.13381296E-001
0.13381296E-001 0.12766077E-001 0.12766077E-001
0.15000000E+002 -.38866361E+005 0.77762721E+005 0.77857132E+005 0.77809469E+005 0.34232002E+005 0.32752000E+005 0.59767582E-008 0.13996029E+005 0.32752000E+005
0.10000000E+001
303
-.10061702E+001 -.10402020E+001 -.10437244E+001 -.10877284E+001 -.99871313E+000 0.10654601E+001 0.10337884E+001 0.10653811E+001 0.10793726E+001 0.10710403E+001
0.12091646E-001 -.13458060E+001 -.26439919E+000 0.16357994E+001 0.76438281E+000 0.57199452E+000 0.42800548E+000 0.20655689E+000 0.79344311E+000 0.50302287E+000
0.49697713E+000 0.39038038E+000 0.60961962E+000
0.45533034E-001 0.47762440E-001 0.46343247E-001 0.47115757E-001 0.44122183E-001 0.41100859E-001 0.40086692E-001 0.40942381E-001 0.43389028E-001 0.43804335E-001
0.54014588E-001 0.89012977E-001 0.61724664E-001 0.11805886E+000 0.10367412E+000 0.16975917E-001 0.16975917E-001 0.14588439E-001 0.14588439E-001 0.13503154E-001
0.13503154E-001 0.12661227E-001 0.12661227E-001
0.15000000E+002 -.38897512E+005 0.77825024E+005 0.77919435E+005 0.77871771E+005 0.34285215E+005 0.32752000E+005 0.17937224E-008 0.14006496E+005 0.32752000E+005
0.10000000E+001
304
0.10996537E+001 0.10918271E+001 0.11713325E+001 0.10833602E+001 0.10368627E+001 -.10246177E+001 -.10081301E+001 -.10231013E+001 -.10008791E+001 -.10007673E+001
-.73618345E-001 -.32331654E+000 -.68443615E+000 0.19573081E+001 0.94043367E+000 0.83671571E+000 0.16328429E+000 0.41986769E+000 0.58013231E+000 0.48160372E+000
0.51839628E+000 0.62062325E+000 0.37937675E+000
0.41494224E-001 0.40574462E-001 0.42706737E-001 0.39615635E-001 0.40249306E-001 0.42629174E-001 0.42883049E-001 0.42298291E-001 0.43182645E-001 0.41950774E-001
0.49779073E-001 0.65763443E-001 0.85236832E-001 0.12751525E+000 0.10600296E+000 0.14168376E-001 0.14168376E-001 0.16018581E-001 0.16018581E-001 0.12427922E-001
0.12427922E-001 0.12188176E-001 0.12188176E-001
0.15000000E+002 -.38785345E+005 0.77600691E+005 0.77695102E+005 0.77647438E+005 0.33949690E+005 0.32752000E+005 0.18607344E-005 0.13796228E+005 0.32752000E+005
0.10000000E+001
305
-.10606114E+001 -.10437739E+001 -.10384587E+001 -.10328966E+001 -.10909318E+001 0.10770214E+001 0.10585527E+001 0.10315384E+001 0.10559778E+001 0.10745158E+001
-.28769081E-001 -.16802067E+001 -.28361319E+000 0.19048115E+001 0.74860746E+000 0.55591633E+000 0.44408367E+000 0.15706810E+000 0.84293190E+000 0.49280823E+000
0.50719177E+000 0.35362379E+000 0.64637621E+000
0.46403133E-001 0.47009021E-001 0.44025903E-001 0.45679594E-001 0.46647384E-001 0.40831249E-001 0.38722865E-001 0.39185891E-001 0.39004463E-001 0.39244244E-001
0.50089376E-001 0.97207011E-001 0.61541357E-001 0.12549604E+000 0.10442011E+000 0.17059343E-001 0.17059343E-001 0.12869986E-001 0.12869986E-001 0.12519753E-001
0.12519753E-001 0.11867563E-001 0.11867563E-001
0.15000000E+002 -.38790183E+005 0.77610366E+005 0.77704776E+005 0.77657113E+005 0.34076561E+005 0.32752000E+005 0.16128506E-006 0.13825692E+005 0.32752000E+005
0.10000000E+001
306
0.10394396E+001 0.11011305E+001 0.10492734E+001 0.98896739E+000 0.10332438E+001 -.10653380E+001 -.11320896E+001 -.10208613E+001 -.10435182E+001 -.10357567E+001
-.12689751E-001 -.25510914E+000 -.52094617E+000 0.19135522E+001 0.86171662E+000 0.84002889E+000 0.15997111E+000 0.43656637E+000 0.56343363E+000 0.49682760E+000
0.50317240E+000 0.63701769E+000 0.36298231E+000
0.39612289E-001 0.43026574E-001 0.39577067E-001 0.38645531E-001 0.39896649E-001 0.47564704E-001 0.47289591E-001 0.45949305E-001 0.45856098E-001 0.45054971E-001
0.51337572E-001 0.68071697E-001 0.85058201E-001 0.12673050E+000 0.10487120E+000 0.13549503E-001 0.13549503E-001 0.16744016E-001 0.16744016E-001 0.12833876E-001
0.12833876E-001 0.12311510E-001 0.12311510E-001
0.15000000E+002 -.38837707E+005 0.77705414E+005 0.77799825E+005 0.77752162E+005 0.34211590E+005 0.32752000E+005 0.93871819E-008 0.14034750E+005 0.32752000E+005
0.10000000E+001
307
-.93730182E+000 -.99906295E+000 -.99201064E+000 -.10029249E+001 -.10098462E+001 0.10875096E+001 0.10612878E+001 0.11469695E+001 0.11755304E+001 0.11357771E+001
0.13831099E+000 -.16103035E+001 -.20296464E+000 0.19427567E+001 0.69731686E+000 0.58235615E+000 0.41764385E+000 0.16654648E+000 0.83345352E+000 0.53452273E+000
0.46547727E+000 0.38880620E+000 0.61119380E+000
0.41455920E-001 0.43575925E-001 0.42233777E-001 0.44916563E-001 0.42845196E-001 0.41842565E-001 0.40688444E-001 0.43503803E-001 0.41843847E-001 0.43631815E-001
0.52189092E-001 0.10233206E+000 0.58148250E-001 0.12964507E+000 0.10275332E+000 0.16566549E-001 0.16566549E-001 0.14204585E-001 0.14204585E-001 0.12985073E-001
0.12985073E-001 0.12517317E-001 0.12517317E-001
0.15000000E+002 -.38794263E+005 0.77618526E+005 0.77712936E+005 0.77665273E+005 0.34449760E+005 0.32752000E+005 0.34042547E-010 0.13906733E+005 0.32752000E+005
0.10000000E+001
308
0.10160395E+001 0.10034098E+001 0.10358659E+001 0.10740847E+001 0.10512425E+001 -.11338579E+001 -.99770655E+000 -.10902547E+001 -.10525732E+001 -.10860139E+001
0.24299573E-001 -.20358115E+000 -.45155532E+000 0.17493742E+001 0.83506669E+000 0.82430529E+000 0.17569471E+000 0.44927977E+000 0.55072023E+000 0.50607459E+000
0.49392541E+000 0.63907066E+000 0.36092934E+000
0.40704268E-001 0.39833941E-001 0.38949486E-001 0.39619924E-001 0.38098869E-001 0.47188985E-001 0.43735891E-001 0.47852233E-001 0.47290100E-001 0.48821866E-001
0.51619607E-001 0.69931881E-001 0.85852486E-001 0.12263414E+000 0.10594768E+000 0.13467272E-001 0.13467272E-001 0.17303068E-001 0.17303068E-001 0.12902997E-001
0.12902997E-001 0.12149438E-001 0.12149438E-001
0.15000000E+002 -.38843441E+005 0.77716882E+005 0.77811293E+005 0.77763629E+005 0.33523909E+005 0.32752000E+005 0.13711829E-002 0.14008340E+005 0.32752000E+005
0.10000000E+001
309
0.10303258E+001 0.10217211E+001 0.10740265E+001 0.10606359E+001 0.10592121E+001 -.10089033E+001 -.10446669E+001 -.99922933E+000 -.10625891E+001 -.10081633E+001
-.26861077E-001 -.19057910E+000 -.64765812E+000 0.17407092E+001 0.99775893E+000 0.82493253E+000 0.17506747E+000 0.45249891E+000 0.54750109E+000 0.49328513E+000
0.50671487E+000 0.63621488E+000 0.36378512E+000
0.40580719E-001 0.39951770E-001 0.40901515E-001 0.40550313E-001 0.40484401E-001 0.44534932E-001 0.45900667E-001 0.45546649E-001 0.46914397E-001 0.44642582E-001
0.51856528E-001 0.70685523E-001 0.89578517E-001 0.12496049E+000 0.10998387E+000 0.14130381E-001 0.14130381E-001 0.17511889E-001 0.17511889E-001 0.12961794E-001
0.12961794E-001 0.12860563E-001 0.12860563E-001
0.15000000E+002 -.38936558E+005 0.77903115E+005 0.77997526E+005 0.77949863E+005 0.33889312E+005 0.32752000E+005 0.55160357E-005 0.14006196E+005 0.32752000E+005
0.10000000E+001
310
-.10014530E+001 -.97382854E+000 -.10134716E+001 -.10326657E+001 -.10085838E+001 0.11338425E+001 0.10834008E+001 0.11398173E+001 0.11610085E+001 0.10946979E+001
0.12236536E+000 -.15375163E+001 -.20165026E+000 0.19296416E+001 0.83333240E+000 0.59679422E+000 0.40320578E+000 0.17689662E+000 0.82310338E+000 0.53055323E+000
0.46944677E+000 0.39967464E+000 0.60032536E+000
0.44423658E-001 0.41933097E-001 0.43216599E-001 0.44794677E-001 0.44341131E-001 0.42855258E-001 0.44674264E-001 0.44709605E-001 0.44350290E-001 0.43494458E-001
0.49682154E-001 0.10099076E+000 0.61914754E-001 0.12564417E+000 0.10541394E+000 0.16799274E-001 0.16799274E-001 0.14704680E-001 0.14704680E-001 0.12374160E-001
0.12374160E-001 0.13168723E-001 0.13168723E-001
0.15000000E+002 -.38711150E+005 0.77452300E+005 0.77546711E+005 0.77499048E+005 0.34195974E+005 0.32752000E+005 0.13209364E-007 0.13853077E+005 0.32752000E+005
0.10000000E+001
311
-.10434272E+001 -.11298391E+001 -.11163456E+001 -.10824726E+001 -.10269064E+001 0.10064945E+001 0.10499411E+001 0.10534046E+001 0.10512497E+001 0.10622932E+001
-.29232230E-001 -.15243702E+001 -.27052771E+000 0.18370470E+001 0.70900290E+000 0.57753849E+000 0.42246151E+000 0.17881888E+000 0.82118112E+000 0.49269246E+000
0.50730754E+000 0.37526503E+000 0.62473497E+000
0.44073040E-001 0.48580363E-001 0.45823469E-001 0.46597665E-001 0.45912163E-001 0.40242890E-001 0.39541713E-001 0.40603270E-001 0.39546866E-001 0.40456126E-001
0.52313339E-001 0.93034059E-001 0.61682287E-001 0.12066285E+000 0.10216019E+000 0.16756129E-001 0.16756129E-001 0.13661371E-001 0.13661371E-001 0.13075541E-001
0.13075541E-001 0.12349147E-001 0.12349147E-001
0.15000000E+002 -.38797325E+005 0.77624651E+005 0.77719061E+005 0.77671398E+005 0.34084777E+005 0.32752000E+005 0.13662414E-006 0.13850596E+005 0.32752000E+005
0.10000000E+001
312
-.98566527E+000 -.10831622E+001 -.10570258E+001 -.10691092E+001 -.10041592E+001 0.10641291E+001 0.11173895E+001 0.10271415E+001 0.10510706E+001 0.10757263E+001
-.70640753E-002 -.15873419E+001 -.21561887E+000 0.19167293E+001 0.73640587E+000 0.58161030E+000 0.41838970E+000 0.16975820E+000 0.83024180E+000 0.49823399E+000
0.50176601E+000 0.37495691E+000 0.62504309E+000
0.43004213E-001 0.47295666E-001 0.44047925E-001 0.44324647E-001 0.44424159E-001 0.38868262E-001 0.40271304E-001 0.39524417E-001 0.42032191E-001 0.40287606E-001
0.49942676E-001 0.96217721E-001 0.58740676E-001 0.12355394E+000 0.10610084E+000 0.16668561E-001 0.16668561E-001 0.13560959E-001 0.13560959E-001 0.12485513E-001
0.12485513E-001 0.12110293E-001 0.12110293E-001
0.15000000E+002 -.38824872E+005 0.77679743E+005 0.77774154E+005 0.77726490E+005 0.33748902E+005 0.32752000E+005 0.56957731E-004 0.13823912E+005 0.32752000E+005
0.10000000E+001
313
0.10682263E+001 0.10914550E+001 0.10457820E+001 0.10707963E+001 0.11027307E+001 -.95892399E+000 -.10039484E+001 -.10094382E+001 -.96868068E+000 -.97489037E+000
-.53942720E-001 -.36865387E+000 -.74067432E+000 0.19977129E+001 0.10233381E+001 0.83604070E+000 0.16395930E+000 0.40886633E+000 0.59113367E+000 0.48651759E+000
0.51348241E+000 0.61669418E+000 0.38330582E+000
0.43574516E-001 0.43888558E-001 0.42403537E-001 0.42550637E-001 0.43550561E-001 0.43967118E-001 0.45112576E-001 0.46325954E-001 0.45121643E-001 0.45804679E-001
0.52807251E-001 0.71422012E-001 0.90989168E-001 0.13072067E+000 0.11079087E+000 0.14570425E-001 0.14570425E-001 0.17262319E-001 0.17262319E-001 0.13192214E-001
0.13192214E-001 0.13611213E-001 0.13611213E-001
0.15000000E+002 -.38924693E+005 0.77879385E+005 0.77973796E+005 0.77926133E+005 0.34233176E+005 0.32752000E+005 0.58225044E-008 0.14060560E+005 0.32752000E+005
0.10000000E+001
314
0.10580230E+001 0.10694275E+001 0.10515892E+001 0.10715234E+001 0.10371333E+001 -.10287411E+001 -.10064501E+001 -.10249440E+001 -.11032716E+001 -.10436693E+001
-.77697099E-002 -.34382301E+000 -.39229660E+000 0.18808486E+001 0.72748486E+000 0.82303192E+000 0.17696808E+000 0.41488112E+000 0.58511888E+000 0.49805758E+000
0.50194242E+000 0.61816372E+000 0.38183628E+000
0.39712046E-001 0.40782818E-001 0.40128275E-001 0.42071482E-001 0.39189008E-001 0.45018365E-001 0.43932080E-001 0.44649271E-001 0.47051917E-001 0.46408706E-001
0.49275592E-001 0.71436640E-001 0.81509535E-001 0.12395539E+000 0.10336088E+000 0.13988232E-001 0.13988232E-001 0.17341586E-001 0.17341586E-001 0.12318712E-001
0.12318712E-001 0.12695959E-001 0.12695959E-001
0.15000000E+002 -.38866580E+005 0.77763159E+005 0.77857570E+005 0.77809907E+005 0.34095901E+005 0.32752000E+005 0.10897101E-006 0.13940254E+005 0.32752000E+005
0.10000000E+001
315
0.10576176E+001 0.10981890E+001 0.10619119E+001 0.10629269E+001 0.11009454E+001 -.98313731E+000 -.10696626E+001 -.10422480E+001 -.10060097E+001 -.10229557E+001
-.51837024E-001 -.36611448E+000 -.41464994E+000 0.18247880E+001 0.65997573E+000 0.81132972E+000 0.18867028E+000 0.40948023E+000 0.59051977E+000 0.48704365E+000
0.51295635E+000 0.60519847E+000 0.39480153E+000
0.40819679E-001 0.43279372E-001 0.43371883E-001 0.43184255E-001 0.42736937E-001 0.45632865E-001 0.46882455E-001 0.46051716E-001 0.45072342E-001 0.45939238E-001
0.53138655E-001 0.69447931E-001 0.82664523E-001 0.12223485E+000 0.10305192E+000 0.14874366E-001 0.14874366E-001 0.16792938E-001 0.16792938E-001 0.13275744E-001
0.13275744E-001 0.13324735E-001 0.13324735E-001
0.15000000E+002 -.38858301E+005 0.77746601E+005 0.77841012E+005 0.77793349E+005 0.34234420E+005 0.32752000E+005 0.56634166E-008 0.13905779E+005 0.32752000E+005
0.10000000E+001
316
-.10185476E+001 -.94846861E+000 -.99757130E+000 -.97598541E+000 -.10301386E+001 0.10569320E+001 0.10371527E+001 0.10691567E+001 0.11141944E+001 0.11404595E+001
-.13802548E-002 -.15422882E+001 -.23431256E+000 0.19586711E+001 0.81738320E+000 0.60261740E+000 0.39738260E+000 0.17620289E+000 0.82379711E+000 0.49965494E+000
0.50034506E+000 0.38926300E+000 0.61073700E+000
0.46449188E-001 0.43636031E-001 0.45481093E-001 0.44975484E-001 0.46226238E-001 0.40702479E-001 0.41652482E-001 0.41454386E-001 0.42658823E-001 0.43283402E-001
0.52541052E-001 0.93171681E-001 0.61832304E-001 0.12644751E+000 0.10623914E+000 0.18034139E-001 0.18034139E-001 0.13524375E-001 0.13524375E-001 0.13135257E-001
0.13135257E-001 0.12976508E-001 0.12976508E-001
0.15000000E+002 -.38895382E+005 0.77820765E+005 0.77915175E+005 0.77867512E+005 0.34210104E+005 0.32752000E+005 0.96987791E-008 0.14002749E+005 0.32752000E+005
0.10000000E+001
317
0.11018607E+001 0.10723667E+001 0.11149637E+001 0.10462668E+001 0.10318204E+001 -.10289687E+001 -.98609129E+000 -.10576162E+001 -.10598783E+001 -.10412239E+001
-.35107102E-001 -.33154215E+000 -.42766725E+000 0.18624167E+001 0.69381097E+000 0.82213423E+000 0.17786577E+000 0.41786544E+000 0.58213456E+000 0.49122413E+000
0.50877587E+000 0.61645203E+000 0.38354797E+000
0.40982297E-001 0.40945124E-001 0.42325989E-001 0.42603953E-001 0.41293063E-001 0.45293654E-001 0.44355138E-001 0.46842829E-001 0.44922563E-001 0.44710743E-001
0.53146981E-001 0.68359191E-001 0.79516627E-001 0.12462294E+000 0.10244251E+000 0.14491257E-001 0.14491257E-001 0.16628641E-001 0.16628641E-001 0.13282652E-001
0.13282652E-001 0.12880691E-001 0.12880691E-001
0.15000000E+002 -.38822853E+005 0.77675706E+005 0.77770117E+005 0.77722453E+005 0.33878713E+005 0.32752000E+005 0.66410945E-005 0.13824027E+005 0.32752000E+005
0.10000000E+001
318
0.10501751E+001 0.11446099E+001 0.10777862E+001 0.11208573E+001 0.10487210E+001 -.10161886E+001 -.10972158E+001 -.10117665E+001 -.10861222E+001 -.10568442E+001
-.17989145E-001 -.23655579E+000 -.55066359E+000 0.19063937E+001 0.79846107E+000 0.84155421E+000 0.15844579E+000 0.44113530E+000 0.55886470E+000 0.49550284E+000
0.50449716E+000 0.63954400E+000 0.36045600E+000
0.39077985E-001 0.42223258E-001 0.40332901E-001 0.42067988E-001 0.38225304E-001 0.43458265E-001 0.45864444E-001 0.44028700E-001 0.45718449E-001 0.45586796E-001
0.50005085E-001 0.65871169E-001 0.85629309E-001 0.12576463E+000 0.10383419E+000 0.13513737E-001 0.13513737E-001 0.16239545E-001 0.16239545E-001 0.12500260E-001
0.12500260E-001 0.11968212E-001 0.11968212E-001
0.15000000E+002 -.38659581E+005 0.77349161E+005 0.77443572E+005 0.77395909E+005 0.35275191E+005 0.32752000E+005 0.00000000E+000 0.13768544E+005 0.32752000E+005
0.10000000E+001
319
0.10840941E+001 0.10644141E+001 0.10623994E+001 0.10866440E+001 0.10684790E+001 -.10550940E+001 -.10325079E+001 -.10467417E+001 -.10005803E+001 -.95896693E+000
-.44453436E-001 -.36436358E+000 -.58271083E+000 0.19889426E+001 0.78137873E+000 0.83542567E+000 0.16457433E+000 0.40990368E+000 0.59009632E+000 0.48888847E+000
0.51111153E+000 0.61793647E+000 0.38206353E+000
0.41792918E-001 0.40710755E-001 0.42574866E-001 0.40804949E-001 0.40266246E-001 0.44797770E-001 0.43197155E-001 0.43249396E-001 0.45001092E-001 0.43018909E-001
0.49893615E-001 0.70375171E-001 0.85459950E-001 0.12732918E+000 0.10476408E+000 0.13626757E-001 0.13626757E-001 0.17022533E-001 0.17022533E-001 0.12467244E-001
0.12467244E-001 0.12394473E-001 0.12394473E-001
0.15000000E+002 -.38861813E+005 0.77753626E+005 0.77848036E+005 0.77800373E+005 0.34015573E+005 0.32752000E+005 0.53709669E-006 0.13860953E+005 0.32752000E+005
0.10000000E+001
320
-.10186703E+001 -.10386207E+001 -.10371018E+001 -.10011320E+001 -.97843839E+000 0.11253524E+001 0.10973493E+001 0.10967981E+001 0.11446913E+001 0.10317003E+001
0.68646621E-001 -.14806962E+001 -.27553855E+000 0.17853783E+001 0.79437342E+000 0.57558668E+000 0.42441332E+000 0.18532228E+000 0.81467772E+000 0.51715492E+000
0.48284508E+000 0.38714943E+000 0.61285057E+000
0.44146254E-001 0.44036050E-001 0.43782869E-001 0.43086389E-001 0.43104247E-001 0.42356455E-001 0.41611268E-001 0.41782281E-001 0.42541384E-001 0.39630184E-001
0.48775730E-001 0.94516816E-001 0.61534823E-001 0.12010265E+000 0.10461600E+000 0.16363883E-001 0.16363883E-001 0.14269954E-001 0.14269954E-001 0.12179578E-001
0.12179578E-001 0.12246507E-001 0.12246507E-001
0.15000000E+002 -.38803353E+005 0.77636706E+005 0.77731117E+005 0.77683454E+005 0.34668704E+005 0.32752000E+005 0.98920871E-013 0.13936295E+005 0.32752000E+005
0.10000000E+001
321
-.10630713E+001 -.10397674E+001 -.10823999E+001 -.10231933E+001 -.97083488E+000 0.10975031E+001 0.10513498E+001 0.10723060E+001 0.10775869E+001 0.10240733E+001
0.49165846E-001 -.17007191E+001 -.23916437E+000 0.20602842E+001 0.75938358E+000 0.58893516E+000 0.41106484E+000 0.15437137E+000 0.84562863E+000 0.51228899E+000
0.48771101E+000 0.37699361E+000 0.62300639E+000
0.44423214E-001 0.45410081E-001 0.45384562E-001 0.44135377E-001 0.43688413E-001 0.42028022E-001 0.39666364E-001 0.42068884E-001 0.41622882E-001 0.39671207E-001
0.50606593E-001 0.10464556E+000 0.62436043E-001 0.13058444E+000 0.10456891E+000 0.16475964E-001 0.16475964E-001 0.13660520E-001 0.13660520E-001 0.12644006E-001
0.12644006E-001 0.12302338E-001 0.12302338E-001
0.15000000E+002 -.38821256E+005 0.77672511E+005 0.77766922E+005 0.77719259E+005 0.34327219E+005 0.32752000E+005 0.67510941E-009 0.13975813E+005 0.32752000E+005
0.10000000E+001
322
0.11650574E+001 0.10829758E+001 0.10377408E+001 0.11024264E+001 0.11412014E+001 -.10455986E+001 -.97645490E+000 -.98618527E+000 -.10010854E+001 -.10606719E+001
-.30691973E-001 -.34846343E+000 -.64814957E+000 0.19143607E+001 0.94788239E+000 0.82719794E+000 0.17280206E+000 0.41375509E+000 0.58624491E+000 0.49232761E+000
0.50767239E+000 0.61730442E+000 0.38269558E+000
0.44669565E-001 0.42899367E-001 0.41355992E-001 0.42588258E-001 0.45412596E-001 0.46355779E-001 0.43398160E-001 0.44209458E-001 0.46848526E-001 0.46793064E-001
0.52036888E-001 0.67835766E-001 0.81274439E-001 0.12495711E+000 0.10622188E+000 0.14690956E-001 0.14690956E-001 0.16454366E-001 0.16454366E-001 0.13006159E-001
0.13006159E-001 0.13205197E-001 0.13205197E-001
0.15000000E+002 -.38711710E+005 0.77453420E+005 0.77547830E+005 0.77500167E+005 0.34972771E+005 0.32752000E+005 0.00000000E+000 0.13865993E+005 0.32752000E+005
0.10000000E+001
323
0.11146976E+001 0.11060845E+001 0.10568330E+001 0.10514031E+001 0.10615094E+001 -.10044814E+001 -.10016350E+001 -.10034466E+001 -.98056128E+000 -.99865213E+000
-.97778660E-001 -.28887110E+000 -.51702889E+000 0.18205118E+001 0.78303097E+000 0.82224625E+000 0.17775375E+000 0.42828026E+000 0.57171974E+000 0.47557479E+000
0.52442521E+000 0.61564055E+000 0.38435945E+000
0.44286991E-001 0.43435370E-001 0.43752402E-001 0.42648745E-001 0.42356775E-001 0.46216813E-001 0.46101046E-001 0.44757228E-001 0.44138902E-001 0.45435991E-001
0.52028086E-001 0.72237783E-001 0.83563316E-001 0.12677803E+000 0.10590442E+000 0.14921645E-001 0.14921645E-001 0.17687875E-001 0.17687875E-001 0.12975982E-001
0.12975982E-001 0.13798703E-001 0.13798703E-001
0.15000000E+002 -.38918339E+005 0.77866678E+005 0.77961089E+005 0.77913426E+005 0.34775256E+005 0.32752000E+005 0.45519144E-014 0.13986208E+005 0.32752000E+005
0.10000000E+001
324
0.10816827E+001 0.11148301E+001 0.10947935E+001 0.10614869E+001 0.99751135E+000 -.10542884E+001 -.10590418E+001 -.10243764E+001 -.10265522E+001 -.10377618E+001
-.25560921E-001 -.26499054E+000 -.34915615E+000 0.16504535E+001 0.58417635E+000 0.79986694E+000 0.20013306E+000 0.43413732E+000 0.56586268E+000 0.49361012E+000
0.50638988E+000 0.61466516E+000 0.38533484E+000
0.42630024E-001 0.43670283E-001 0.42651605E-001 0.41197834E-001 0.39901547E-001 0.46487476E-001 0.46532545E-001 0.45192757E-001 0.45499901E-001 0.47024405E-001
0.52211069E-001 0.72118827E-001 0.81075804E-001 0.11838099E+000 0.10251629E+000 0.14484849E-001 0.14484849E-001 0.17716863E-001 0.17716863E-001 0.13050636E-001
0.13050636E-001 0.13296197E-001 0.13296197E-001
0.15000000E+002 -.38857449E+005 0.77744897E+005 0.77839308E+005 0.77791645E+005 0.34364684E+005 0.32752000E+005 0.27675229E-009 0.13988118E+005 0.32752000E+005
0.10000000E+001
325
0.11492091E+001 0.10790942E+001 0.11038204E+001 0.11115517E+001 0.10413408E+001 -.10720682E+001 -.10366301E+001 -.98387688E+000 -.10517954E+001 -.94412210E+000
-.60467417E-001 -.33744598E+000 -.53172559E+000 0.19562565E+001 0.70671939E+000 0.83463101E+000 0.16536899E+000 0.41643001E+000 0.58356999E+000 0.48488775E+000
0.51511225E+000 0.61921055E+000 0.38078945E+000
0.43088879E-001 0.41122456E-001 0.39519588E-001 0.42787499E-001 0.39803070E-001 0.44596811E-001 0.44710895E-001 0.43988939E-001 0.42666349E-001 0.42468104E-001
0.48784849E-001 0.66497251E-001 0.84941120E-001 0.12502914E+000 0.10409693E+000 0.13808376E-001 0.13808376E-001 0.16159900E-001 0.16159900E-001 0.12185071E-001
0.12185071E-001 0.12043098E-001 0.12043098E-001
0.15000000E+002 -.38772659E+005 0.77575318E+005 0.77669728E+005 0.77622065E+005 0.33875590E+005 0.32752000E+005 0.70124659E-005 0.13861663E+005 0.32752000E+005
0.10000000E+001
326
-.10217843E+001 -.10623061E+001 -.11061473E+001 -.10803169E+001 -.10308217E+001 0.11035071E+001 0.10816520E+001 0.10418437E+001 0.10710606E+001 0.10377204E+001
0.13214943E-001 -.15182965E+001 -.27952590E+000 0.19098307E+001 0.76608821E+000 0.59665197E+000 0.40334803E+000 0.17971250E+000 0.82028750E+000 0.50330369E+000
0.49669631E+000 0.38955967E+000 0.61044033E+000
0.45822351E-001 0.45132951E-001 0.47071811E-001 0.45485212E-001 0.44411806E-001 0.41176360E-001 0.41431389E-001 0.40259914E-001 0.42433644E-001 0.40720210E-001
0.50469227E-001 0.95157310E-001 0.59997343E-001 0.12211030E+000 0.10278456E+000 0.16454244E-001 0.16454244E-001 0.14027702E-001 0.14027702E-001 0.12616756E-001
0.12616756E-001 0.12384480E-001 0.12384480E-001
0.15000000E+002 -.38769407E+005 0.77568815E+005 0.77663225E+005 0.77615562E+005 0.35195809E+005 0.32752000E+005 0.00000000E+000 0.13877645E+005 0.32752000E+005
0.10000000E+001
327
0.10173515E+001 0.10652224E+001 0.10464237E+001 0.10544111E+001 0.10675336E+001 -.10212207E+001 -.10941871E+001 -.10398990E+001 -.10599199E+001 -.10092124E+001
-.23309333E-001 -.29168706E+000 -.48506203E+000 0.19594039E+001 0.81021489E+000 0.84127118E+000 0.15872882E+000 0.42759090E+000 0.57240910E+000 0.49417293E+000
0.50582707E+000 0.63202050E+000 0.36797950E+000
0.40612458E-001 0.42614863E-001 0.40129170E-001 0.40693140E-001 0.41482586E-001 0.44537273E-001 0.46279706E-001 0.46101356E-001 0.46520336E-001 0.46028849E-001
0.52118175E-001 0.66671374E-001 0.86519189E-001 0.13144120E+000 0.10539957E+000 0.14419471E-001 0.14419471E-001 0.16318280E-001 0.16318280E-001 0.13027774E-001
0.13027774E-001 0.12643414E-001 0.12643414E-001
0.15000000E+002 -.38850607E+005 0.77731214E+005 0.77825624E+005 0.77777961E+005 0.34258893E+005 0.32752000E+005 0.32688784E-008 0.13916271E+005 0.32752000E+005
0.10000000E+001
328
0.11471481E+001 0.11279519E+001 0.11362042E+001 0.11160039E+001 0.10710367E+001 -.10646636E+001 -.10162564E+001 -.10042295E+001 -.10028600E+001 -.10578434E+001
-.79546611E-001 -.34851143E+000 -.47440933E+000 0.18918682E+001 0.66754802E+000 0.82395216E+000 0.17604784E+000 0.41374344E+000 0.58625656E+000 0.48012383E+000
0.51987617E+000 0.61069442E+000 0.38930558E+000
0.41911555E-001 0.42486296E-001 0.41239312E-001 0.41551836E-001 0.40378704E-001 0.43936787E-001 0.42242533E-001 0.43243454E-001 0.42859574E-001 0.42959142E-001
0.48703984E-001 0.65517004E-001 0.80951580E-001 0.12225508E+000 0.10102101E+000 0.14256590E-001 0.14256590E-001 0.15891792E-001 0.15891792E-001 0.12156755E-001
0.12156755E-001 0.12161673E-001 0.12161673E-001
0.15000000E+002 -.38670416E+005 0.77370832E+005 0.77465242E+005 0.77417579E+005 0.33665423E+005 0.32752000E+005 0.20091444E-003 0.13649389E+005 0.32752000E+005
0.10000000E+001
329
0.10534709E+001 0.10735739E+001 0.10896060E+001 0.10370488E+001 0.11071561E+001 -.97731455E+000 -.11186780E+001 -.10810801E+001 -.98395759E+000 -.10381178E+001
0.81781051E-001 -.30904057E+000 -.58994718E+000 0.18122191E+001 0.95807854E+000 0.81804807E+000 0.18195193E+000 0.42334894E+000 0.57665106E+000 0.52043388E+000
0.47956612E+000 0.62876374E+000 0.37123626E+000
0.38686999E-001 0.40862577E-001 0.41388067E-001 0.38442563E-001 0.40076533E-001 0.44311791E-001 0.45994542E-001 0.46634878E-001 0.45429779E-001 0.45852457E-001
0.51058473E-001 0.71254607E-001 0.82901939E-001 0.12084005E+000 0.10546216E+000 0.13549792E-001 0.13549792E-001 0.17395004E-001 0.17395004E-001 0.12743299E-001
0.12743299E-001 0.12343416E-001 0.12343416E-001
0.15000000E+002 -.38784852E+005 0.77599705E+005 0.77694116E+005 0.77646452E+005 0.34276614E+005 0.32752000E+005 0.21846264E-008 0.13836242E+005 0.32752000E+005
0.10000000E+001
330
0.10900351E+001 0.10777844E+001 0.10422067E+001 0.98599091E+000 0.10450123E+001 -.11615877E+001 -.11277551E+001 -.10711748E+001 -.10911188E+001 -.10551707E+001
0.51662631E-001 -.23044174E+000 -.40152174E+000 0.16870829E+001 0.70512626E+000 0.81101841E+000 0.18898159E+000 0.44264316E+000 0.55735684E+000 0.51291279E+000
0.48708721E+000 0.63158754E+000 0.36841246E+000
0.40241908E-001 0.40219838E-001 0.38485451E-001 0.38199480E-001 0.38751468E-001 0.48922283E-001 0.46668711E-001 0.44597201E-001 0.44670368E-001 0.44216892E-001
0.50151771E-001 0.68081542E-001 0.80297020E-001 0.11721492E+000 0.10207222E+000 0.13447052E-001 0.13447052E-001 0.16796410E-001 0.16796410E-001 0.12529580E-001
0.12529580E-001 0.11686878E-001 0.11686878E-001
0.15000000E+002 -.38736621E+005 0.77503241E+005 0.77597652E+005 0.77549989E+005 0.34234620E+005 0.32752000E+005 0.56381443E-008 0.13764337E+005 0.32752000E+005
0.10000000E+001
331
-.10656573E+001 -.10688204E+001 -.10574670E+001 -.11077710E+001 -.10591320E+001 0.10620905E+001 0.11001892E+001 0.10744970E+001 0.10936329E+001 0.99547837E+000
-.26028964E-001 -.15432975E+001 -.21562311E+000 0.17447276E+001 0.66582242E+000 0.55018793E+000 0.44981207E+000 0.17605642E+000 0.82394358E+000 0.49349313E+000
0.50650687E+000 0.36068775E+000 0.63931225E+000
0.44805243E-001 0.45220897E-001 0.45286294E-001 0.47383774E-001 0.42941245E-001 0.40023097E-001 0.40308437E-001 0.39059985E-001 0.39463937E-001 0.39214601E-001
0.50450726E-001 0.93316600E-001 0.61974057E-001 0.12070130E+000 0.10295478E+000 0.16143024E-001 0.16143024E-001 0.13536558E-001 0.13536558E-001 0.12610545E-001
0.12610545E-001 0.11406965E-001 0.11406965E-001
0.15000000E+002 -.38747416E+005 0.77524831E+005 0.77619242E+005 0.77571579E+005 0.33705412E+005 0.32752000E+005 0.11114899E-003 0.13712245E+005 0.32752000E+005
0.10000000E+001
332
-.10158195E+001 -.10010560E+001 -.97360488E+000 -.93786369E+000 -.93968003E+000 0.11246878E+001 0.11478274E+001 0.11059243E+001 0.11090783E+001 0.10288783E+001
0.11207538E+000 -.14818577E+001 -.18214508E+000 0.19838781E+001 0.78981639E+000 0.62293400E+000 0.37706600E+000 0.18514698E+000 0.81485302E+000 0.52798955E+000
0.47201045E+000 0.41629395E+000 0.58370605E+000
0.43344427E-001 0.44070549E-001 0.42622718E-001 0.42453742E-001 0.42627582E-001 0.45921263E-001 0.45525771E-001 0.43839679E-001 0.44279978E-001 0.41497352E-001
0.51361341E-001 0.99584692E-001 0.63073398E-001 0.12646063E+000 0.10499303E+000 0.17086750E-001 0.17086750E-001 0.15024101E-001 0.15024101E-001 0.12800098E-001
0.12800098E-001 0.13583043E-001 0.13583043E-001
0.15000000E+002 -.38920839E+005 0.77871678E+005 0.77966088E+005 0.77918425E+005 0.33341679E+005 0.32752000E+005 0.10926486E-001 0.13978601E+005 0.32752000E+005
0.10000000E+001
333
0.10971492E+001 0.10779216E+001 0.10468019E+001 0.11159626E+001 0.10637313E+001 -.10472939E+001 -.10996610E+001 -.10169523E+001 -.10384442E+001 -.10599751E+001
-.34708950E-001 -.29698683E+000 -.54432857E+000 0.17467813E+001 0.80625142E+000 0.80996680E+000 0.19003320E+000 0.42629424E+000 0.57370576E+000 0.49132363E+000
0.50867637E+000 0.61480164E+000 0.38519836E+000
0.41035577E-001 0.40140283E-001 0.40519488E-001 0.42002979E-001 0.41018207E-001 0.43729346E-001 0.46670360E-001 0.43384688E-001 0.44429616E-001 0.44507729E-001
0.49607470E-001 0.66082510E-001 0.81248508E-001 0.11775416E+000 0.10330674E+000 0.14098106E-001 0.14098106E-001 0.16161632E-001 0.16161632E-001 0.12398133E-001
0.12398133E-001 0.11961715E-001 0.11961715E-001
0.15000000E+002 -.38754437E+005 0.77538873E+005 0.77633284E+005 0.77585621E+005 0.34234001E+005 0.32752000E+005 0.57164836E-008 0.13873326E+005 0.32752000E+005
0.10000000E+001
334
0.11312327E+001 0.10366890E+001 0.11081914E+001 0.10940087E+001 0.11115855E+001 -.99220984E+000 -.96699006E+000 -.96626196E+000 -.98328728E+000 -.10604098E+001
-.91551854E-001 -.27138810E+000 -.53352447E+000 0.17120253E+001 0.84878907E+000 0.80855331E+000 0.19144669E+000 0.43256635E+000 0.56743365E+000 0.47712801E+000
0.52287199E+000 0.61196026E+000 0.38803974E+000
0.41370486E-001 0.41864293E-001 0.41956411E-001 0.43407886E-001 0.44908361E-001 0.46041582E-001 0.43612154E-001 0.45127568E-001 0.44351997E-001 0.44724374E-001
0.52717653E-001 0.67942855E-001 0.85096408E-001 0.12151841E+000 0.10585051E+000 0.15042415E-001 0.15042415E-001 0.16676757E-001 0.16676757E-001 0.13151835E-001
0.13151835E-001 0.13104028E-001 0.13104028E-001
0.15000000E+002 -.38875967E+005 0.77781935E+005 0.77876345E+005 0.77828682E+005 0.34622155E+005 0.32752000E+005 0.36137759E-012 0.14061855E+005 0.32752000E+005
0.10000000E+001
335
0.10031801E+001 0.10091322E+001 0.99511854E+000 0.10616211E+001 0.10200770E+001 -.10872295E+001 -.11303499E+001 -.10697648E+001 -.10978176E+001 -.10813275E+001
0.61700429E-001 -.24554611E+000 -.47656670E+000 0.19067920E+001 0.78950792E+000 0.84040518E+000 0.15959482E+000 0.43892006E+000 0.56107994E+000 0.51542022E+000
0.48457978E+000 0.64585361E+000 0.35414639E+000
0.40035363E-001 0.39119542E-001 0.38530376E-001 0.40422206E-001 0.40598712E-001 0.46881672E-001 0.49879975E-001 0.47320864E-001 0.47920764E-001 0.46120531E-001
0.52522676E-001 0.69795670E-001 0.82095720E-001 0.12769082E+000 0.10551111E+000 0.13575864E-001 0.13575864E-001 0.17188527E-001 0.17188527E-001 0.13118180E-001
0.13118180E-001 0.12572422E-001 0.12572422E-001
0.15000000E+002 -.38829112E+005 0.77688224E+005 0.77782635E+005 0.77734972E+005 0.34218203E+005 0.32752000E+005 0.81149329E-008 0.13860010E+005 0.32752000E+005
0.10000000E+001
336
0.11158746E+001 0.10981670E+001 0.11172941E+001 0.10830027E+001 0.11047341E+001 -.10383755E+001 -.10071485E+001 -.10110878E+001 -.99210749E+000 -.10483216E+001
-.54606594E-001 -.48745173E+000 -.61538931E+000 0.20931843E+001 0.89938639E+000 0.83281806E+000 0.16718194E+000 0.38049406E+000 0.61950594E+000 0.48635174E+000
0.51364826E+000 0.60048263E+000 0.39951737E+000
0.41949530E-001 0.41872445E-001 0.41564429E-001 0.42444639E-001 0.43708015E-001 0.45496318E-001 0.43876324E-001 0.45306762E-001 0.43308824E-001 0.43032258E-001
0.51148695E-001 0.67650212E-001 0.82650993E-001 0.12485817E+000 0.10305788E+000 0.13652656E-001 0.13652656E-001 0.15946395E-001 0.15946395E-001 0.12777646E-001
0.12777646E-001 0.12166424E-001 0.12166424E-001
0.15000000E+002 -.38709566E+005 0.77449133E+005 0.77543544E+005 0.77495880E+005 0.34747167E+005 0.32752000E+005 0.10436096E-013 0.13815204E+005 0.32752000E+005
0.10000000E+001
337
-.95467641E+000 -.94275555E+000 -.10392366E+001 -.99786855E+000 -.91594825E+000 0.10340808E+001 0.10663877E+001 0.11397093E+001 0.11282522E+001 0.11260967E+001
0.53313937E-001 -.16746484E+001 -.15933800E+000 0.19597447E+001 0.72000811E+000 0.57079520E+000 0.42920480E+000 0.15780541E+000 0.84219459E+000 0.51332533E+000
0.48667467E+000 0.36980353E+000 0.63019647E+000
0.41706874E-001 0.43386206E-001 0.45099659E-001 0.45203258E-001 0.44110352E-001 0.41132377E-001 0.41690455E-001 0.43674179E-001 0.43821356E-001 0.41469255E-001
0.51390622E-001 0.10866391E+000 0.61615977E-001 0.13284528E+000 0.10656406E+000 0.17041156E-001 0.17041156E-001 0.14441745E-001 0.14441745E-001 0.12838530E-001
0.12838530E-001 0.13042239E-001 0.13042239E-001
0.15000000E+002 -.38899002E+005 0.77828004E+005 0.77922415E+005 0.77874751E+005 0.34487299E+005 0.32752000E+005 0.13091195E-010 0.14066344E+005 0.32752000E+005
0.10000000E+001
338
-.10403012E+001 -.90419688E+000 -.99392422E+000 -.10361447E+001 -.98927798E+000 0.10934364E+001 0.10940001E+001 0.10990054E+001 0.11539098E+001 0.11021732E+001
0.10493094E+000 -.15464785E+001 -.10998297E+000 0.18971410E+001 0.63418712E+000 0.58677823E+000 0.41322177E+000 0.17559546E+000 0.82440454E+000 0.52620869E+000
0.47379131E+000 0.39196341E+000 0.60803659E+000
0.45114294E-001 0.42623407E-001 0.42104044E-001 0.44688534E-001 0.43990617E-001 0.43420937E-001 0.41747116E-001 0.44666445E-001 0.45291203E-001 0.43349320E-001
0.54054239E-001 0.10277241E+000 0.61348637E-001 0.12728656E+000 0.10325177E+000 0.16029127E-001 0.16029127E-001 0.14877508E-001 0.14877508E-001 0.13476430E-001
0.13476430E-001 0.12767454E-001 0.12767454E-001
0.15000000E+002 -.38830088E+005 0.77690177E+005 0.77784588E+005 0.77736924E+005 0.34627849E+005 0.32752000E+005 0.30886405E-012 0.13893558E+005 0.32752000E+005
0.10000000E+001
339
0.10485653E+001 0.10746098E+001 0.11460525E+001 0.11397662E+001 0.10971697E+001 -.93623935E+000 -.94535050E+000 -.10835362E+001 -.10190241E+001 -.97164985E+000
-.93338287E-001 -.34560752E+000 -.60562486E+000 0.19762620E+001 0.89986137E+000 0.83625928E+000 0.16374072E+000 0.41444799E+000 0.58555201E+000 0.47668235E+000
0.52331765E+000 0.61551799E+000 0.38448201E+000
0.41233442E-001 0.41744493E-001 0.44673655E-001 0.43149828E-001 0.42955319E-001 0.43594832E-001 0.43478642E-001 0.46748202E-001 0.45251662E-001 0.44513538E-001
0.53237936E-001 0.68484617E-001 0.85296050E-001 0.12784065E+000 0.10530903E+000 0.13950163E-001 0.13950163E-001 0.16619905E-001 0.16619905E-001 0.13280538E-001
0.13280538E-001 0.12770461E-001 0.12770461E-001
0.15000000E+002 -.38811496E+005 0.77652991E+005 0.77747402E+005 0.77699739E+005 0.34296944E+005 0.32752000E+005 0.13686762E-008 0.13964166E+005 0.32752000E+005
0.10000000E+001
340
0.10628211E+001 0.11522439E+001 0.10543366E+001 0.10847782E+001 0.11166146E+001 -.10091734E+001 -.10564668E+001 -.99693589E+000 -.10034601E+001 -.10535682E+001
-.57844357E-001 -.24460601E+000 -.54103235E+000 0.16691246E+001 0.88175279E+000 0.80604582E+000 0.19395418E+000 0.43915159E+000 0.56084841E+000 0.48554294E+000
0.51445706E+000 0.61729449E+000 0.38270551E+000
0.41889411E-001 0.43605291E-001 0.40097244E-001 0.41749064E-001 0.42858732E-001 0.43585452E-001 0.45576816E-001 0.45691911E-001 0.44405542E-001 0.45163213E-001
0.53671675E-001 0.68852489E-001 0.80020314E-001 0.12059655E+000 0.10373551E+000 0.14693817E-001 0.14693817E-001 0.16958194E-001 0.16958194E-001 0.13406701E-001
0.13406701E-001 0.12959467E-001 0.12959467E-001
0.15000000E+002 -.38788062E+005 0.77606124E+005 0.77700535E+005 0.77652871E+005 0.34281080E+005 0.32752000E+005 0.19723126E-008 0.13784404E+005 0.32752000E+005
0.10000000E+001
341
0.97298929E+000 0.10281347E+001 0.99156017E+000 0.10554348E+001 0.10144930E+001 -.10910044E+001 -.10518954E+001 -.11087618E+001 -.10472229E+001 -.10073783E+001
0.56625088E-001 -.30371987E+000 -.43680213E+000 0.19512770E+001 0.82678720E+000 0.83856061E+000 0.16143939E+000 0.42464838E+000 0.57535162E+000 0.51415249E+000
0.48584751E+000 0.63746239E+000 0.36253761E+000
0.38980599E-001 0.40165573E-001 0.39843966E-001 0.39751992E-001 0.38620308E-001 0.46658270E-001 0.45048022E-001 0.47416621E-001 0.47173725E-001 0.46536245E-001
0.52232561E-001 0.70522005E-001 0.85579718E-001 0.12845627E+000 0.10628405E+000 0.13518659E-001 0.13518659E-001 0.17230087E-001 0.17230087E-001 0.13047678E-001
0.13047678E-001 0.12374426E-001 0.12374426E-001
0.15000000E+002 -.38959500E+005 0.77948999E+005 0.78043410E+005 0.77995746E+005 0.34822559E+005 0.32752000E+005 0.11102230E-014 0.14137381E+005 0.32752000E+005
0.10000000E+001
342
0.11278755E+001 0.10901772E+001 0.10746335E+001 0.10712686E+001 0.11257567E+001 -.10379029E+001 -.95020028E+000 -.99010748E+000 -.98921883E+000 -.96292893E+000
-.11334352E+000 -.25550794E+000 -.49135612E+000 0.16768544E+001 0.70149541E+000 0.80554942E+000 0.19445058E+000 0.43646827E+000 0.56353173E+000 0.47169442E+000
0.52830558E+000 0.61056179E+000 0.38943821E+000
0.42679102E-001 0.44111561E-001 0.43129589E-001 0.42986423E-001 0.43715754E-001 0.47233100E-001 0.44016487E-001 0.43281122E-001 0.43328907E-001 0.44495513E-001
0.54164940E-001 0.67608013E-001 0.82024589E-001 0.12189269E+000 0.10407539E+000 0.14941135E-001 0.14941135E-001 0.16629118E-001 0.16629118E-001 0.13497838E-001
0.13497838E-001 0.12826263E-001 0.12826263E-001
0.15000000E+002 -.38922353E+005 0.77874705E+005 0.77969116E+005 0.77921453E+005 0.33953097E+005 0.32752000E+005 0.17474803E-005 0.13976596E+005 0.32752000E+005
0.10000000E+001
343
0.11251461E+001 0.10894919E+001 0.10861931E+001 0.10324109E+001 0.10672381E+001 -.10585256E+001 -.99833083E+000 -.10792608E+001 -.10546296E+001 -.10183864E+001
0.98218516E-002 -.34248082E+000 -.51680437E+000 0.19213549E+001 0.81818363E+000 0.82904500E+000 0.17095500E+000 0.41520698E+000 0.58479302E+000 0.50245544E+000
0.49754456E+000 0.62314215E+000 0.37685785E+000
0.41083839E-001 0.41038954E-001 0.41598272E-001 0.39947975E-001 0.39184997E-001 0.46622832E-001 0.44577013E-001 0.45998834E-001 0.45229164E-001 0.45201804E-001
0.50643498E-001 0.69525389E-001 0.83300324E-001 0.12422708E+000 0.10366818E+000 0.13827182E-001 0.13827182E-001 0.16881470E-001 0.16881470E-001 0.12660569E-001
0.12660569E-001 0.12564635E-001 0.12564635E-001
0.15000000E+002 -.38750264E+005 0.77530528E+005 0.77624939E+005 0.77577276E+005 0.34009316E+005 0.32752000E+005 0.60591287E-006 0.13787066E+005 0.32752000E+005
0.10000000E+001
344
0.10473450E+001 0.10435438E+001 0.10847156E+001 0.11035310E+001 0.10790312E+001 -.10698814E+001 -.10368230E+001 -.10387026E+001 -.10272603E+001 -.10759948E+001
-.70351375E-003 -.36021691E+000 -.40749067E+000 0.18337417E+001 0.53983571E+000 0.81359255E+000 0.18640745E+000 0.41090706E+000 0.58909294E+000 0.49982412E+000
0.50017588E+000 0.61217898E+000 0.38782102E+000
0.39761919E-001 0.39996398E-001 0.41340458E-001 0.40943725E-001 0.40246216E-001 0.44437090E-001 0.44231193E-001 0.42506201E-001 0.42663612E-001 0.45513893E-001
0.50796021E-001 0.70102253E-001 0.77636731E-001 0.11913469E+000 0.10028071E+000 0.13599122E-001 0.13599122E-001 0.16969123E-001 0.16969123E-001 0.12699004E-001
0.12699004E-001 0.12297242E-001 0.12297242E-001
0.15000000E+002 -.38817321E+005 0.77664641E+005 0.77759052E+005 0.77711389E+005 0.33897399E+005 0.32752000E+005 0.47826662E-005 0.13794284E+005 0.32752000E+005
0.10000000E+001
345
0.10417105E+001 0.10730591E+001 0.10146381E+001 0.10500839E+001 0.10637990E+001 -.98041600E+000 -.10034155E+001 -.10107354E+001 -.10384119E+001 -.10431763E+001
-.21881213E-001 -.36574218E+000 -.45625523E+000 0.21149446E+001 0.73340787E+000 0.85185218E+000 0.14814782E+000 0.40957026E+000 0.59042974E+000 0.49452991E+000
0.50547009E+000 0.62829190E+000 0.37170810E+000
0.39155129E-001 0.39719803E-001 0.40479762E-001 0.39733796E-001 0.41320580E-001 0.45039771E-001 0.45866271E-001 0.43673168E-001 0.45815595E-001 0.45483287E-001
0.51019531E-001 0.70832612E-001 0.85293938E-001 0.13547619E+000 0.10586291E+000 0.13449098E-001 0.13449098E-001 0.17128917E-001 0.17128917E-001 0.12753356E-001
0.12753356E-001 0.12314513E-001 0.12314513E-001
0.15000000E+002 -.38947321E+005 0.77924642E+005 0.78019052E+005 0.77971389E+005 0.33895325E+005 0.32752000E+005 0.49612489E-005 0.13997685E+005 0.32752000E+005
0.10000000E+001
346
0.10494325E+001 0.10267532E+001 0.10208323E+001 0.10200359E+001 0.11081564E+001 -.10285986E+001 -.97891330E+000 -.10423488E+001 -.99111526E+000 -.10070462E+001
-.46601716E-001 -.33320251E+000 -.55911974E+000 0.18309702E+001 0.73290858E+000 0.81724130E+000 0.18275870E+000 0.41746161E+000 0.58253839E+000 0.48835168E+000
0.51164832E+000 0.61269469E+000 0.38730531E+000
0.42109228E-001 0.42194025E-001 0.43699833E-001 0.41832095E-001 0.45086518E-001 0.46239945E-001 0.44362796E-001 0.44895694E-001 0.45675818E-001 0.45502627E-001
0.54927178E-001 0.70475595E-001 0.85392611E-001 0.12750224E+000 0.10604497E+000 0.15108963E-001 0.15108963E-001 0.17138778E-001 0.17138778E-001 0.13724342E-001
0.13724342E-001 0.13456677E-001 0.13456677E-001
0.15000000E+002 -.39023078E+005 0.78076156E+005 0.78170567E+005 0.78122904E+005 0.33728448E+005 0.32752000E+005 0.78253705E-004 0.14109502E+005 0.32752000E+005
0.10000000E+001
347
0.10951906E+001 0.10766338E+001 0.11153218E+001 0.10140664E+001 0.10777154E+001 -.10754713E+001 -.10353621E+001 -.10521602E+001 -.93438707E+000 -.10119112E+001
-.41603531E-001 -.30681697E+000 -.47043443E+000 0.18282512E+001 0.64914356E+000 0.82074959E+000 0.17925041E+000 0.42389187E+000 0.57610813E+000 0.48960062E+000
0.51039938E+000 0.61819365E+000 0.38180635E+000
0.42728975E-001 0.42162645E-001 0.42803427E-001 0.39748762E-001 0.41035645E-001 0.45753396E-001 0.44312720E-001 0.44362538E-001 0.42150650E-001 0.45552167E-001
0.51891559E-001 0.67335459E-001 0.81382445E-001 0.12193698E+000 0.10309252E+000 0.14243594E-001 0.14243594E-001 0.16443828E-001 0.16443828E-001 0.12967278E-001
0.12967278E-001 0.12579944E-001 0.12579944E-001
0.15000000E+002 -.38876518E+005 0.77783037E+005 0.77877447E+005 0.77829784E+005 0.33856099E+005 0.32752000E+005 0.98179301E-005 0.13975689E+005 0.32752000E+005
0.10000000E+001
348
0.11257659E+001 0.11095205E+001 0.11693035E+001 0.11491236E+001 0.11073804E+001 -.10127851E+001 -.10407152E+001 -.10568714E+001 -.97291817E+000 -.97878279E+000
-.85877691E-001 -.34637790E+000 -.55794280E+000 0.17918029E+001 0.81552184E+000 0.80929334E+000 0.19070666E+000 0.41426104E+000 0.58573896E+000 0.47854376E+000
0.52145624E+000 0.60330129E+000 0.39669871E+000
0.41644523E-001 0.42694354E-001 0.42972984E-001 0.43370774E-001 0.40775215E-001 0.43450014E-001 0.43350604E-001 0.44290599E-001 0.41538536E-001 0.42517592E-001
0.48173681E-001 0.66238165E-001 0.79414210E-001 0.11826775E+000 0.10284300E+000 0.14474884E-001 0.14474884E-001 0.16072613E-001 0.16072613E-001 0.12021243E-001
0.12021243E-001 0.12275082E-001 0.12275082E-001
0.15000000E+002 -.38677230E+005 0.77384460E+005 0.77478870E+005 0.77431207E+005 0.33825080E+005 0.32752000E+005 0.16594255E-004 0.13753499E+005 0.32752000E+005
0.10000000E+001
349
-.10735000E+001 -.10604808E+001 -.11246362E+001 -.10595678E+001 -.10378684E+001 0.11120547E+001 0.11090450E+001 0.11093695E+001 0.10393307E+001 0.97806651E+000
0.75070881E-002 -.16071828E+001 -.25306833E+000 0.18620854E+001 0.78794718E+000 0.56338284E+000 0.43661716E+000 0.16698012E+000 0.83301988E+000 0.50187676E+000
0.49812324E+000 0.36592543E+000 0.63407457E+000
0.43982055E-001 0.43712490E-001 0.45549496E-001 0.43522137E-001 0.42624942E-001 0.39803551E-001 0.40361346E-001 0.39697781E-001 0.38711344E-001 0.37957634E-001
0.47723773E-001 0.95627978E-001 0.60809910E-001 0.12105504E+000 0.10412037E+000 0.16349343E-001 0.16349343E-001 0.13301637E-001 0.13301637E-001 0.11930775E-001
0.11930775E-001 0.11755373E-001 0.11755373E-001
0.15000000E+002 -.38718184E+005 0.77466368E+005 0.77560779E+005 0.77513116E+005 0.33777330E+005 0.32752000E+005 0.36282743E-004 0.13611248E+005 0.32752000E+005
0.10000000E+001
350
-.10293629E+001 -.10610525E+001 -.98873774E+000 -.10497734E+001 -.10509242E+001 0.10171112E+001 0.10907443E+001 0.10724762E+001 0.10704654E+001 0.11306857E+001
0.26490610E-001 -.17411131E+001 -.24032037E+000 0.20237615E+001 0.76292761E+000 0.57019539E+000 0.42980461E+000 0.14917160E+000 0.85082840E+000 0.50662227E+000
0.49337773E+000 0.36247163E+000 0.63752837E+000
0.46244566E-001 0.46528443E-001 0.44867683E-001 0.45474691E-001 0.45378030E-001 0.39800054E-001 0.40624512E-001 0.40107307E-001 0.41034237E-001 0.43105255E-001
0.53839581E-001 0.10528249E+000 0.63284253E-001 0.13160387E+000 0.10398359E+000 0.16143681E-001 0.16143681E-001 0.13362394E-001 0.13362394E-001 0.13457534E-001
0.13457534E-001 0.11910160E-001 0.11910160E-001
0.15000000E+002 -.38750473E+005 0.77530945E+005 0.77625356E+005 0.77577693E+005 0.34903882E+005 0.32752000E+005 0.11102230E-015 0.13931076E+005 0.32752000E+005
0.10000000E+001
351
0.10581545E+001 0.10410212E+001 0.10836619E+001 0.10591780E+001 0.10672224E+001 -.95766372E+000 -.10048563E+001 -.11242498E+001 -.11056163E+001 -.10210932E+001
-.20486874E-001 -.35330244E+000 -.47901002E+000 0.20388944E+001 0.75216735E+000 0.84364358E+000 0.15635642E+000 0.41258182E+000 0.58741818E+000 0.49487846E+000
0.50512154E+000 0.62590500E+000 0.37409500E+000
0.41006170E-001 0.41199113E-001 0.42133632E-001 0.40515841E-001 0.40241813E-001 0.42501584E-001 0.43434009E-001 0.47426714E-001 0.47534173E-001 0.45616467E-001
0.50011862E-001 0.68984522E-001 0.81642414E-001 0.13199823E+000 0.10387865E+000 0.14097785E-001 0.14097785E-001 0.16718955E-001 0.16718955E-001 0.12501654E-001
0.12501654E-001 0.12585514E-001 0.12585514E-001
0.15000000E+002 -.38806729E+005 0.77643458E+005 0.77737869E+005 0.77690206E+005 0.33887280E+005 0.32752000E+005 0.57165249E-005 0.13834879E+005 0.32752000E+005
0.10000000E+001
352
0.10963053E+001 0.10784978E+001 0.11004903E+001 0.10196122E+001 0.11212817E+001 -.10339134E+001 -.10501239E+001 -.98696703E+000 -.97899368E+000 -.10753981E+001
0.23645267E-001 -.29037868E+000 -.54896084E+000 0.17133625E+001 0.80700871E+000 0.80580576E+000 0.19419424E+000 0.42791116E+000 0.57208884E+000 0.50591104E+000
0.49408896E+000 0.61909221E+000 0.38090779E+000
0.41017411E-001 0.42283648E-001 0.42138162E-001 0.40425561E-001 0.41112263E-001 0.45185576E-001 0.44001065E-001 0.44336788E-001 0.42347057E-001 0.46576588E-001
0.49776742E-001 0.70588394E-001 0.81590250E-001 0.11862329E+000 0.10484274E+000 0.14590507E-001 0.14590507E-001 0.17280265E-001 0.17280265E-001 0.12442446E-001
0.12442446E-001 0.13064707E-001 0.13064707E-001
0.15000000E+002 -.38832133E+005 0.77694267E+005 0.77788678E+005 0.77741014E+005 0.34498210E+005 0.32752000E+005 0.98808739E-011 0.13897194E+005 0.32752000E+005
0.10000000E+001
353
-.10195418E+001 -.10216482E+001 -.10188661E+001 -.10088173E+001 -.10339222E+001 0.10588313E+001 0.11117236E+001 0.10264990E+001 0.10972468E+001 0.10217603E+001
-.26236886E-001 -.17664699E+001 -.23200251E+000 0.20453041E+001 0.87503475E+000 0.56926040E+000 0.43073960E+000 0.14598188E+000 0.85401812E+000 0.49344115E+000
0.50655885E+000 0.35484492E+000 0.64515508E+000
0.43115352E-001 0.45562017E-001 0.45413260E-001 0.45870157E-001 0.44465961E-001 0.40690541E-001 0.40871445E-001 0.39270000E-001 0.40330712E-001 0.40248897E-001
0.47873686E-001 0.10764506E+000 0.60097990E-001 0.13264851E+000 0.10986963E+000 0.17593983E-001 0.17593983E-001 0.13420236E-001 0.13420236E-001 0.11966362E-001
0.11966362E-001 0.12682778E-001 0.12682778E-001
0.15000000E+002 -.38836014E+005 0.77702029E+005 0.77796440E+005 0.77748776E+005 0.34031892E+005 0.32752000E+005 0.39121512E-006 0.13907985E+005 0.32752000E+005
0.10000000E+001
354
0.10291549E+001 0.11183225E+001 0.10921431E+001 0.10113967E+001 0.11299542E+001 -.99017782E+000 -.10641318E+001 -.10587992E+001 -.10267518E+001 -.10631104E+001
0.15724267E-001 -.26181387E+000 -.54541315E+000 0.18016393E+001 0.74312635E+000 0.82343935E+000 0.17656065E+000 0.43491787E+000 0.56508213E+000 0.50393099E+000
0.49606901E+000 0.63070588E+000 0.36929412E+000
0.39875820E-001 0.40962190E-001 0.39957957E-001 0.40016869E-001 0.41590838E-001 0.43097067E-001 0.45933587E-001 0.45328727E-001 0.43226544E-001 0.45993610E-001
0.49655022E-001 0.68759498E-001 0.87269485E-001 0.12168977E+000 0.10570773E+000 0.13936725E-001 0.13936725E-001 0.16898631E-001 0.16898631E-001 0.12412988E-001
0.12412988E-001 0.12438467E-001 0.12438467E-001
0.15000000E+002 -.38799755E+005 0.77629510E+005 0.77723921E+005 0.77676258E+005 0.33793614E+005 0.32752000E+005 0.27884182E-004 0.13816644E+005 0.32752000E+005
0.10000000E+001
355
0.11007589E+001 0.10772832E+001 0.11236995E+001 0.10626361E+001 0.11199963E+001 -.98989655E+000 -.97142037E+000 -.96429955E+000 -.93445677E+000 -.10004954E+001
-.13549250E+000 -.35693629E+000 -.60655217E+000 0.20158051E+001 0.76677221E+000 0.84008610E+000 0.15991390E+000 0.41170141E+000 0.58829859E+000 0.46617860E+000
0.53382140E+000 0.61140518E+000 0.38859482E+000
0.43390435E-001 0.42022783E-001 0.45727945E-001 0.43299118E-001 0.45921963E-001 0.46255754E-001 0.46283123E-001 0.44022884E-001 0.43439042E-001 0.45035902E-001
0.54074397E-001 0.70764290E-001 0.86999722E-001 0.13529043E+000 0.10712054E+000 0.14705776E-001 0.14705776E-001 0.17139349E-001 0.17139349E-001 0.13456744E-001
0.13456744E-001 0.13541640E-001 0.13541640E-001
0.15000000E+002 -.38913863E+005 0.77857727E+005 0.77952137E+005 0.77904474E+005 0.34555191E+005 0.32752000E+005 0.22151170E-011 0.13955846E+005 0.32752000E+005
0.10000000E+001
356
-.98612467E+000 -.10679724E+001 -.10927397E+001 -.10215791E+001 -.10146885E+001 0.10744157E+001 0.11659133E+001 0.10430490E+001 0.10971820E+001 0.10877190E+001
0.54947916E-002 -.14910392E+001 -.38356488E+000 0.19076722E+001 0.92245446E+000 0.60267727E+000 0.39732273E+000 0.18376580E+000 0.81623420E+000 0.50137369E+000
0.49862631E+000 0.39379699E+000 0.60620301E+000
0.44477880E-001 0.47408374E-001 0.45710321E-001 0.43815145E-001 0.43989133E-001 0.40252228E-001 0.42257296E-001 0.40036173E-001 0.42230719E-001 0.40782119E-001
0.49588718E-001 0.91733197E-001 0.61207928E-001 0.12098488E+000 0.10346992E+000 0.17340831E-001 0.17340831E-001 0.13759606E-001 0.13759606E-001 0.12397086E-001
0.12397086E-001 0.12757405E-001 0.12757405E-001
0.15000000E+002 -.38718479E+005 0.77466959E+005 0.77561369E+005 0.77513706E+005 0.34761918E+005 0.32752000E+005 0.67723605E-014 0.13815395E+005 0.32752000E+005
0.10000000E+001
357
0.10768156E+001 0.11147688E+001 0.10920583E+001 0.10225892E+001 0.11305582E+001 -.10211198E+001 -.10589719E+001 -.10562168E+001 -.97422611E+000 -.10255191E+001
-.17704912E-001 -.35526307E+000 -.63335394E+000 0.19613313E+001 0.82509150E+000 0.83286480E+000 0.16713520E+000 0.41210673E+000 0.58789327E+000 0.49557389E+000
0.50442611E+000 0.62062344E+000 0.37937656E+000
0.41010368E-001 0.41314989E-001 0.40861326E-001 0.40385671E-001 0.42506466E-001 0.43574273E-001 0.45801329E-001 0.45205105E-001 0.41678379E-001 0.44231002E-001
0.49395366E-001 0.68675219E-001 0.84344492E-001 0.12638624E+000 0.10412592E+000 0.13941295E-001 0.13941295E-001 0.16638273E-001 0.16638273E-001 0.12347874E-001
0.12347874E-001 0.12339221E-001 0.12339221E-001
0.15000000E+002 -.38767135E+005 0.77564271E+005 0.77658682E+005 0.77611018E+005 0.34244130E+005 0.32752000E+005 0.45582683E-008 0.13896682E+005 0.32752000E+005
0.10000000E+001
358
-.10580175E+001 -.98998845E+000 -.10462985E+001 -.10347967E+001 -.10356833E+001 0.10358467E+001 0.98884875E+000 0.10593977E+001 0.10713362E+001 0.10664954E+001
-.68468143E-001 -.15435126E+001 -.29721367E+000 0.19251475E+001 0.69841598E+000 0.59426736E+000 0.40573264E+000 0.17602522E+000 0.82397478E+000 0.48288965E+000
0.51711035E+000 0.37799002E+000 0.62200998E+000
0.48152466E-001 0.43058642E-001 0.46242625E-001 0.47422762E-001 0.46113486E-001 0.39819481E-001 0.40040260E-001 0.41297835E-001 0.40263237E-001 0.39892308E-001
0.51769206E-001 0.96836542E-001 0.62807978E-001 0.12569628E+000 0.10420564E+000 0.17202572E-001 0.17202572E-001 0.14045205E-001 0.14045205E-001 0.12927145E-001
0.12927145E-001 0.12644086E-001 0.12644086E-001
0.15000000E+002 -.38940607E+005 0.77911213E+005 0.78005624E+005 0.77957961E+005 0.34523168E+005 0.32752000E+005 0.51604276E-011 0.13995025E+005 0.32752000E+005
0.10000000E+001
359
0.11161105E+001 0.11401262E+001 0.10796264E+001 0.11307811E+001 0.11285146E+001 -.98511234E+000 -.10214511E+001 -.99811053E+000 -.10416472E+001 -.10154446E+001
0.11473316E-003 -.35205129E+000 -.49078982E+000 0.17849476E+001 0.66939674E+000 0.80735219E+000 0.19264781E+000 0.41288508E+000 0.58711492E+000 0.50002868E+000
0.49997132E+000 0.61012995E+000 0.38987005E+000
0.40798038E-001 0.41535627E-001 0.40477958E-001 0.42229262E-001 0.41543931E-001 0.42869384E-001 0.44959209E-001 0.41792166E-001 0.43337780E-001 0.43483365E-001
0.48973190E-001 0.71004867E-001 0.81750624E-001 0.11834553E+000 0.10222574E+000 0.13933632E-001 0.13933632E-001 0.17212360E-001 0.17212360E-001 0.12243297E-001
0.12243297E-001 0.12518302E-001 0.12518302E-001
0.15000000E+002 -.38731932E+005 0.77493865E+005 0.77588275E+005 0.77540612E+005 0.34375150E+005 0.32752000E+005 0.21499347E-009 0.13827999E+005 0.32752000E+005
0.10000000E+001
360
-.10794480E+001 -.10258943E+001 -.10002531E+001 -.97269568E+000 -.10184906E+001 0.11340992E+001 0.10831536E+001 0.11508126E+001 0.10464792E+001 0.10581030E+001
0.35494459E-001 -.14029471E+001 -.24793137E+000 0.17696980E+001 0.73418347E+000 0.59067363E+000 0.40932637E+000 0.19734886E+000 0.80265114E+000 0.50887268E+000
0.49112732E+000 0.39750109E+000 0.60249891E+000
0.47794259E-001 0.45319358E-001 0.44888797E-001 0.43979985E-001 0.45446502E-001 0.42633789E-001 0.43316870E-001 0.43726914E-001 0.41632495E-001 0.41250583E-001
0.51896759E-001 0.90654745E-001 0.62514973E-001 0.11953024E+000 0.10221053E+000 0.17069788E-001 0.17069788E-001 0.14359919E-001 0.14359919E-001 0.12970104E-001
0.12970104E-001 0.12847908E-001 0.12847908E-001
0.15000000E+002 -.38815707E+005 0.77661413E+005 0.77755824E+005 0.77708161E+005 0.35407140E+005 0.32752000E+005 0.00000000E+000 0.14026883E+005 0.32752000E+005
0.10000000E+001
361
0.11140586E+001 0.10371158E+001 0.10585516E+001 0.10887715E+001 0.10380730E+001 -.10269465E+001 -.10676606E+001 -.10295632E+001 -.11094653E+001 -.96325120E+000
-.48257257E-001 -.25534414E+000 -.49557413E+000 0.19424782E+001 0.81093439E+000 0.84384689E+000 0.15615311E+000 0.43650856E+000 0.56349144E+000 0.48793803E+000
0.51206197E+000 0.63526442E+000 0.36473558E+000
0.41713632E-001 0.39459886E-001 0.41117257E-001 0.41194244E-001 0.39333473E-001 0.45233489E-001 0.46648257E-001 0.45224943E-001 0.46840447E-001 0.43485320E-001
0.50735627E-001 0.66161465E-001 0.86279994E-001 0.12873819E+000 0.10475287E+000 0.13736998E-001 0.13736998E-001 0.16273659E-001 0.16273659E-001 0.12676525E-001
0.12676525E-001 0.12139158E-001 0.12139158E-001
0.15000000E+002 -.38799786E+005 0.77629572E+005 0.77723983E+005 0.77676320E+005 0.34579351E+005 0.32752000E+005 0.11596279E-011 0.13919441E+005 0.32752000E+005
0.10000000E+001
362
0.99379170E+000 0.96819427E+000 0.10116950E+001 0.10452667E+001 0.10256932E+001 -.10338495E+001 -.10262575E+001 -.10615901E+001 -.10659417E+001 -.10344603E+001
0.80890669E-001 -.32100726E+000 -.44226143E+000 0.20644434E+001 0.69690476E+000 0.85112299E+000 0.14887701E+000 0.42043029E+000 0.57956971E+000 0.52021165E+000
0.47978835E+000 0.64448165E+000 0.35551835E+000
0.39988360E-001 0.39025584E-001 0.39557790E-001 0.41189943E-001 0.40320064E-001 0.47070629E-001 0.47154246E-001 0.48364042E-001 0.47395545E-001 0.46042796E-001
0.50704782E-001 0.72491046E-001 0.89033269E-001 0.13187089E+000 0.10752240E+000 0.13569939E-001 0.13569939E-001 0.17663796E-001 0.17663796E-001 0.12655482E-001
0.12655482E-001 0.13059302E-001 0.13059302E-001
0.15000000E+002 -.39006010E+005 0.78042021E+005 0.78136432E+005 0.78088768E+005 0.34206688E+005 0.32752000E+005 0.10453341E-007 0.14032326E+005 0.32752000E+005
0.10000000E+001
363
0.11004589E+001 0.10244931E+001 0.10472947E+001 0.10154367E+001 0.10111842E+001 -.10793890E+001 -.99670417E+000 -.10173571E+001 -.10642519E+001 -.98415380E+000
-.49000884E-002 -.37042887E+000 -.37049471E+000 0.18638729E+001 0.62067179E+000 0.81659464E+000 0.18340536E+000 0.40843739E+000 0.59156261E+000 0.49877498E+000
0.50122502E+000 0.61201602E+000 0.38798398E+000
0.43521017E-001 0.41102648E-001 0.42387876E-001 0.41623128E-001 0.41306934E-001 0.48842240E-001 0.45315023E-001 0.45543658E-001 0.46891323E-001 0.45292677E-001
0.52969346E-001 0.70647154E-001 0.84375570E-001 0.12466712E+000 0.10444429E+000 0.14559284E-001 0.14559284E-001 0.17069503E-001 0.17069503E-001 0.13242257E-001
0.13242257E-001 0.13018508E-001 0.13018508E-001
0.15000000E+002 -.38983556E+005 0.77997113E+005 0.78091523E+005 0.78043860E+005 0.33992992E+005 0.32752000E+005 0.82776589E-006 0.14104804E+005 0.32752000E+005
0.10000000E+001
364
0.10535455E+001 0.10801676E+001 0.10057501E+001 0.97883085E+000 0.10427059E+001 -.10867669E+001 -.10744524E+001 -.11193242E+001 -.10203624E+001 -.10444299E+001
0.36226115E-001 -.32020086E+000 -.61481644E+000 0.20573592E+001 0.93608438E+000 0.85032576E+000 0.14967424E+000 0.42062680E+000 0.57937320E+000 0.50905554E+000
0.49094446E+000 0.63936743E+000 0.36063257E+000
0.41112117E-001 0.42631764E-001 0.39231977E-001 0.39626642E-001 0.40525011E-001 0.48252748E-001 0.45811741E-001 0.50567583E-001 0.44849389E-001 0.47327624E-001
0.52470065E-001 0.70456192E-001 0.87416464E-001 0.13022591E+000 0.10689640E+000 0.13498767E-001 0.13498767E-001 0.17170167E-001 0.17170167E-001 0.13113214E-001
0.13113214E-001 0.13079360E-001 0.13079360E-001
0.15000000E+002 -.38809927E+005 0.77649853E+005 0.77744264E+005 0.77696601E+005 0.35289529E+005 0.32752000E+005 0.00000000E+000 0.13990084E+005 0.32752000E+005
0.10000000E+001
365
0.10469779E+001 0.10829167E+001 0.11295988E+001 0.10906647E+001 0.10572911E+001 -.10790297E+001 -.10194977E+001 -.10568680E+001 -.10016124E+001 -.10843086E+001
-.26427772E-001 -.35699700E+000 -.53657513E+000 0.18573417E+001 0.79523348E+000 0.81762589E+000 0.18237411E+000 0.41168670E+000 0.58831330E+000 0.49339344E+000
0.50660656E+000 0.61197443E+000 0.38802557E+000
0.42032204E-001 0.41867033E-001 0.42326612E-001 0.41521014E-001 0.40975778E-001 0.44126745E-001 0.44674187E-001 0.45291627E-001 0.43869865E-001 0.45631992E-001
0.50168277E-001 0.69271024E-001 0.81949499E-001 0.12177654E+000 0.10327779E+000 0.14138504E-001 0.14138504E-001 0.16777495E-001 0.16777495E-001 0.12539880E-001
0.12539880E-001 0.12567496E-001 0.12567496E-001
0.15000000E+002 -.38739512E+005 0.77509024E+005 0.77603435E+005 0.77555772E+005 0.34923350E+005 0.32752000E+005 0.00000000E+000 0.13850865E+005 0.32752000E+005
0.10000000E+001
366
0.10749797E+001 0.10816949E+001 0.10657336E+001 0.10666685E+001 0.10308698E+001 -.10340509E+001 -.10205759E+001 -.96257745E+000 -.97399431E+000 -.91971809E+000
-.11093240E+000 -.33964841E+000 -.64784847E+000 0.20060853E+001 0.85275189E+000 0.84110019E+000 0.15889981E+000 0.41589488E+000 0.58410512E+000 0.47229530E+000
0.52770470E+000 0.61671735E+000 0.38328265E+000
0.42144837E-001 0.42415497E-001 0.42912332E-001 0.42913824E-001 0.41476189E-001 0.44993092E-001 0.46077687E-001 0.42139172E-001 0.43235541E-001 0.41267293E-001
0.52333706E-001 0.69402509E-001 0.87498844E-001 0.13517771E+000 0.10946719E+000 0.14675207E-001 0.14675207E-001 0.16859697E-001 0.16859697E-001 0.13043258E-001
0.13043258E-001 0.13027451E-001 0.13027451E-001
0.15000000E+002 -.39007419E+005 0.78044838E+005 0.78139248E+005 0.78091585E+005 0.33899752E+005 0.32752000E+005 0.45874000E-005 0.14092075E+005 0.32752000E+005
0.10000000E+001
367
-.10650422E+001 -.10013503E+001 -.10775125E+001 -.10205358E+001 -.10590599E+001 0.10323157E+001 0.10043235E+001 0.10722925E+001 0.10196764E+001 0.10866762E+001
-.78441417E-001 -.16316650E+001 -.18488842E+000 0.20576442E+001 0.65082200E+000 0.60491314E+000 0.39508686E+000 0.16360240E+000 0.83639760E+000 0.48039969E+000
0.51960031E+000 0.37560794E+000 0.62439206E+000
0.45721084E-001 0.42006196E-001 0.45903521E-001 0.43650240E-001 0.45248356E-001 0.39269216E-001 0.38758524E-001 0.39934322E-001 0.38893056E-001 0.39319574E-001
0.50029991E-001 0.97099194E-001 0.64047164E-001 0.12813048E+000 0.10421555E+000 0.17161579E-001 0.17161579E-001 0.13286729E-001 0.13286729E-001 0.12488278E-001
0.12488278E-001 0.12020567E-001 0.12020567E-001
0.15000000E+002 -.38900141E+005 0.77830282E+005 0.77924693E+005 0.77877030E+005 0.33271216E+005 0.32752000E+005 0.21657408E-001 0.13908101E+005 0.32752000E+005
0.10000000E+001
368
0.10777593E+001 0.10594600E+001 0.10701545E+001 0.11114620E+001 0.10608040E+001 -.10582431E+001 -.10566624E+001 -.10332720E+001 -.10641562E+001 -.10402470E+001
0.56279641E-002 -.30948663E+000 -.51946116E+000 0.19051627E+001 0.80645647E+000 0.83141319E+000 0.16858681E+000 0.42324005E+000 0.57675995E+000 0.50140699E+000
0.49859301E+000 0.62790092E+000 0.37209908E+000
0.41227106E-001 0.40208752E-001 0.40419053E-001 0.43607228E-001 0.41167312E-001 0.45979086E-001 0.45684620E-001 0.46805040E-001 0.45074799E-001 0.46084230E-001
0.50566667E-001 0.67669302E-001 0.83808262E-001 0.12634088E+000 0.10409798E+000 0.14442613E-001 0.14442613E-001 0.16518612E-001 0.16518612E-001 0.12641567E-001
0.12641567E-001 0.12788434E-001 0.12788434E-001
0.15000000E+002 -.38735895E+005 0.77501791E+005 0.77596201E+005 0.77548538E+005 0.34375335E+005 0.32752000E+005 0.21403490E-009 0.13801970E+005 0.32752000E+005
0.10000000E+001
369
0.11087939E+001 0.10977447E+001 0.10295130E+001 0.10896209E+001 0.10707831E+001 -.10525361E+001 -.10815320E+001 -.99952743E+000 -.11008127E+001 -.10402469E+001
-.32943903E-001 -.24849304E+000 -.53045172E+000 0.18742600E+001 0.74070560E+000 0.83558893E+000 0.16441107E+000 0.43819445E+000 0.56180555E+000 0.49176477E+000
0.50823523E+000 0.63361905E+000 0.36638095E+000
0.42182758E-001 0.40964703E-001 0.39482919E-001 0.40229175E-001 0.39329366E-001 0.43227768E-001 0.44183575E-001 0.43181634E-001 0.46553668E-001 0.45031561E-001
0.47937564E-001 0.68961644E-001 0.83646243E-001 0.12437931E+000 0.10366692E+000 0.13469486E-001 0.13469486E-001 0.16976983E-001 0.16976983E-001 0.11981140E-001
0.11981140E-001 0.12190425E-001 0.12190425E-001
0.15000000E+002 -.38722349E+005 0.77474697E+005 0.77569108E+005 0.77521445E+005 0.34672585E+005 0.32752000E+005 0.88706820E-013 0.13829410E+005 0.32752000E+005
0.10000000E+001
370
-.10590602E+001 -.10811592E+001 -.10543653E+001 -.10674950E+001 -.10100477E+001 0.10393887E+001 0.10604037E+001 0.11209114E+001 0.10505012E+001 0.10311890E+001
0.29000018E-001 -.15936999E+001 -.28050726E+000 0.18806913E+001 0.73948873E+000 0.57125941E+000 0.42874059E+000 0.16886398E+000 0.83113602E+000 0.50724950E+000
0.49275050E+000 0.37297886E+000 0.62702114E+000
0.45652306E-001 0.45977086E-001 0.46660690E-001 0.45485692E-001 0.45834670E-001 0.40299964E-001 0.41496682E-001 0.43012126E-001 0.41541147E-001 0.39141803E-001
0.49380784E-001 0.10088810E+000 0.63069383E-001 0.12501799E+000 0.10463066E+000 0.17145176E-001 0.17145176E-001 0.14159537E-001 0.14159537E-001 0.12342601E-001
0.12342601E-001 0.12989903E-001 0.12989903E-001
0.15000000E+002 -.38795531E+005 0.77621062E+005 0.77715473E+005 0.77667810E+005 0.34601610E+005 0.32752000E+005 0.63438144E-012 0.13918107E+005 0.32752000E+005
0.10000000E+001
371
0.10754357E+001 0.10464728E+001 0.10202573E+001 0.10721024E+001 0.10004097E+001 -.10550922E+001 -.10476059E+001 -.94712436E+000 -.10183538E+001 -.10550273E+001
-.79473646E-002 -.28442786E+000 -.53875943E+000 0.18297049E+001 0.84876245E+000 0.82423054E+000 0.17576946E+000 0.42936856E+000 0.57063144E+000 0.49801317E+000
0.50198683E+000 0.62601503E+000 0.37398497E+000
0.42083234E-001 0.41912834E-001 0.41080891E-001 0.42932424E-001 0.41072980E-001 0.49306939E-001 0.47628975E-001 0.44462237E-001 0.45441527E-001 0.48618978E-001
0.53734239E-001 0.72834491E-001 0.86066497E-001 0.12523959E+000 0.10690572E+000 0.14550519E-001 0.14550519E-001 0.17845266E-001 0.17845266E-001 0.13433348E-001
0.13433348E-001 0.13889081E-001 0.13889081E-001
0.15000000E+002 -.38966312E+005 0.77962623E+005 0.78057034E+005 0.78009371E+005 0.34563162E+005 0.32752000E+005 0.17907897E-011 0.14183533E+005 0.32752000E+005
0.10000000E+001
372
-.10260892E+001 -.95508136E+000 -.10087271E+001 -.10365508E+001 -.96571559E+000 0.11412209E+001 0.10621595E+001 0.10892317E+001 0.10850778E+001 0.10918841E+001
0.83168101E-001 -.16321350E+001 -.20936549E+000 0.19768002E+001 0.91204581E+000 0.58532330E+000 0.41467670E+000 0.16353810E+000 0.83646190E+000 0.52078005E+000
0.47921995E+000 0.38319542E+000 0.61680458E+000
0.45167919E-001 0.43123933E-001 0.46245503E-001 0.43821359E-001 0.42370267E-001 0.44218426E-001 0.42149087E-001 0.40330347E-001 0.42947119E-001 0.42954647E-001
0.52623960E-001 0.10269119E+000 0.62581159E-001 0.12941325E+000 0.10694511E+000 0.16606214E-001 0.16606214E-001 0.14047476E-001 0.14047476E-001 0.13133266E-001
0.13133266E-001 0.12584035E-001 0.12584035E-001
0.15000000E+002 -.38836271E+005 0.77702541E+005 0.77796952E+005 0.77749289E+005 0.35130495E+005 0.32752000E+005 0.00000000E+000 0.14026992E+005 0.32752000E+005
0.10000000E+001
373
-.94628352E+000 -.10074754E+001 -.96769239E+000 -.93282856E+000 -.98675650E+000 0.11874658E+001 0.11572804E+001 0.11256273E+001 0.11063817E+001 0.11656821E+001
0.72994957E-001 -.13588557E+001 -.17831400E+000 0.16700771E+001 0.68760817E+000 0.57718337E+000 0.42281663E+000 0.20442634E+000 0.79557366E+000 0.51824064E+000
0.48175936E+000 0.39760418E+000 0.60239582E+000
0.43249970E-001 0.44628919E-001 0.42822221E-001 0.42830830E-001 0.44111505E-001 0.43880724E-001 0.43746242E-001 0.43528226E-001 0.41439584E-001 0.44431135E-001
0.51689751E-001 0.91081207E-001 0.59525796E-001 0.11758880E+000 0.10393644E+000 0.16921755E-001 0.16921755E-001 0.14813103E-001 0.14813103E-001 0.12905240E-001
0.12905240E-001 0.13022861E-001 0.13022861E-001
0.15000000E+002 -.38788458E+005 0.77606915E+005 0.77701326E+005 0.77653663E+005 0.34318426E+005 0.32752000E+005 0.82998153E-009 0.13891456E+005 0.32752000E+005
0.10000000E+001
374
-.95351222E+000 -.10096474E+001 -.10369147E+001 -.10177355E+001 -.99204343E+000 0.10557109E+001 0.10729715E+001 0.10588945E+001 0.10489993E+001 0.10290227E+001
0.44851540E-001 -.16238490E+001 -.16365785E+000 0.20149974E+001 0.59826826E+000 0.59655912E+000 0.40344088E+000 0.16467473E+000 0.83532527E+000 0.51121101E+000
0.48878899E+000 0.38545878E+000 0.61454122E+000
0.43218018E-001 0.45700040E-001 0.45359879E-001 0.42654415E-001 0.43923133E-001 0.41466358E-001 0.41145199E-001 0.42382036E-001 0.43457937E-001 0.41555694E-001
0.53220788E-001 0.10728254E+000 0.64160123E-001 0.13231246E+000 0.10423896E+000 0.16307675E-001 0.16307675E-001 0.14757460E-001 0.14757460E-001 0.13298508E-001
0.13298508E-001 0.12808855E-001 0.12808855E-001
0.15000000E+002 -.39019577E+005 0.78069154E+005 0.78163564E+005 0.78115901E+005 0.33718128E+005 0.32752000E+005 0.91656853E-004 0.14053492E+005 0.32752000E+005
0.10000000E+001
375
0.10764777E+001 0.11110984E+001 0.11338877E+001 0.10693904E+001 0.10975544E+001 -.99162151E+000 -.10443543E+001 -.10276325E+001 -.10018720E+001 -.98362329E+000
-.10432611E+000 -.37542348E+000 -.50951385E+000 0.20119551E+001 0.72505803E+000 0.83706244E+000 0.16293756E+000 0.40723117E+000 0.59276883E+000 0.47394210E+000
0.52605790E+000 0.61094631E+000 0.38905369E+000
0.41726657E-001 0.42757733E-001 0.43815545E-001 0.42140739E-001 0.42113875E-001 0.44359802E-001 0.43752977E-001 0.44570452E-001 0.43197174E-001 0.43553421E-001
0.50710668E-001 0.71768583E-001 0.81098258E-001 0.13164362E+000 0.10395079E+000 0.14437523E-001 0.14437523E-001 0.17324501E-001 0.17324501E-001 0.12643234E-001
0.12643234E-001 0.13374901E-001 0.13374901E-001
0.15000000E+002 -.38798262E+005 0.77626523E+005 0.77720934E+005 0.77673271E+005 0.34076789E+005 0.32752000E+005 0.16054589E-006 0.13888452E+005 0.32752000E+005
0.10000000E+001
376
0.10311080E+001 0.10417337E+001 0.11071226E+001 0.10650867E+001 0.10661199E+001 -.10699840E+001 -.10324192E+001 -.11262088E+001 -.98791483E+000 -.11132046E+001
-.23035087E-001 -.27765604E+000 -.38302184E+000 0.17440915E+001 0.68967697E+000 0.81251499E+000 0.18748501E+000 0.43102852E+000 0.56897148E+000 0.49424148E+000
0.50575852E+000 0.61957496E+000 0.38042504E+000
0.40185707E-001 0.39185999E-001 0.40883791E-001 0.40385539E-001 0.40527140E-001 0.44522528E-001 0.45008039E-001 0.47391944E-001 0.43369443E-001 0.46105744E-001
0.48979667E-001 0.67955720E-001 0.79250668E-001 0.11811700E+000 0.10224983E+000 0.13936527E-001 0.13936527E-001 0.16665660E-001 0.16665660E-001 0.12243292E-001
0.12243292E-001 0.12226316E-001 0.12226316E-001
0.15000000E+002 -.38796793E+005 0.77623586E+005 0.77717997E+005 0.77670333E+005 0.34121641E+005 0.32752000E+005 0.64158086E-007 0.13792710E+005 0.32752000E+005
0.10000000E+001
377
0.11455957E+001 0.11344625E+001 0.11349811E+001 0.11147225E+001 0.11560296E+001 -.10025538E+001 -.95049600E+000 -.97004580E+000 -.95330093E+000 -.96917293E+000
-.82348117E-001 -.39345698E+000 -.60424824E+000 0.20258281E+001 0.75877234E+000 0.83649420E+000 0.16350580E+000 0.40288538E+000 0.59711462E+000 0.47942460E+000
0.52057540E+000 0.61076811E+000 0.38923189E+000
0.43154469E-001 0.42124937E-001 0.43608549E-001 0.42382474E-001 0.43448082E-001 0.44955926E-001 0.43511892E-001 0.43359597E-001 0.42933353E-001 0.43392716E-001
0.52516065E-001 0.68289266E-001 0.83992606E-001 0.12842554E+000 0.10448019E+000 0.13828517E-001 0.13828517E-001 0.16428263E-001 0.16428263E-001 0.13106784E-001
0.13106784E-001 0.12442222E-001 0.12442222E-001
0.15000000E+002 -.38758037E+005 0.77546074E+005 0.77640485E+005 0.77592822E+005 0.34697325E+005 0.32752000E+005 0.43964832E-013 0.13896720E+005 0.32752000E+005
0.10000000E+001
378
-.10537186E+001 -.10846967E+001 -.10566389E+001 -.10830007E+001 -.10498724E+001 0.10823376E+001 0.99624010E+000 0.10471612E+001 0.10151148E+001 0.11099604E+001
0.41581100E-002 -.15830799E+001 -.31763587E+000 0.18114817E+001 0.84225476E+000 0.55685351E+000 0.44314649E+000 0.17035974E+000 0.82964026E+000 0.50103953E+000
0.49896047E+000 0.36400840E+000 0.63599160E+000
0.46140154E-001 0.46049807E-001 0.47338751E-001 0.46609460E-001 0.49107959E-001 0.42016644E-001 0.41047517E-001 0.40251728E-001 0.40484353E-001 0.40550332E-001
0.52338435E-001 0.98872472E-001 0.62007308E-001 0.12467491E+000 0.10588020E+000 0.16815015E-001 0.16815015E-001 0.13974368E-001 0.13974368E-001 0.13084552E-001
0.13084552E-001 0.12553479E-001 0.12553479E-001
0.15000000E+002 -.38789825E+005 0.77609651E+005 0.77704061E+005 0.77656398E+005 0.34366717E+005 0.32752000E+005 0.26353397E-009 0.13888155E+005 0.32752000E+005
0.10000000E+001
379
-.10285349E+001 -.10432679E+001 -.10028526E+001 -.11044428E+001 -.10752016E+001 0.10528827E+001 0.10382215E+001 0.10020172E+001 0.10012266E+001 0.10379067E+001
-.36008969E-001 -.17853831E+001 -.27977032E+000 0.20093046E+001 0.79093438E+000 0.55574762E+000 0.44425238E+000 0.14363970E+000 0.85636030E+000 0.49099873E+000
0.50900127E+000 0.34598417E+000 0.65401583E+000
0.47406714E-001 0.47502858E-001 0.46741224E-001 0.49169685E-001 0.46769159E-001 0.40247053E-001 0.40297871E-001 0.38366981E-001 0.40486711E-001 0.41264267E-001
0.52316226E-001 0.10656774E+000 0.64093154E-001 0.13393425E+000 0.10783005E+000 0.17526802E-001 0.17526802E-001 0.13108614E-001 0.13108614E-001 0.13074818E-001
0.13074818E-001 0.12511400E-001 0.12511400E-001
0.15000000E+002 -.38899527E+005 0.77829055E+005 0.77923465E+005 0.77875802E+005 0.34147494E+005 0.32752000E+005 0.37345736E-007 0.13987257E+005 0.32752000E+005
0.10000000E+001
380
0.10846859E+001 0.10244884E+001 0.10808437E+001 0.11150412E+001 0.10885936E+001 -.10257460E+001 -.10356995E+001 -.94756420E+000 -.99599608E+000 -.99746062E+000
0.20114620E-001 -.38168349E+000 -.63915402E+000 0.17508671E+001 0.88373844E+000 0.79724822E+000 0.20275178E+000 0.40572092E+000 0.59427908E+000 0.50502849E+000
0.49497151E+000 0.60345336E+000 0.39654664E+000
0.42046942E-001 0.42817213E-001 0.40595120E-001 0.42595041E-001 0.43719767E-001 0.45569287E-001 0.43412822E-001 0.44715848E-001 0.45935988E-001 0.45320293E-001
0.52281047E-001 0.71430196E-001 0.84770371E-001 0.11915672E+000 0.10683473E+000 0.14652139E-001 0.14652139E-001 0.17222639E-001 0.17222639E-001 0.13068940E-001
0.13068940E-001 0.13041080E-001 0.13041080E-001
0.15000000E+002 -.38922264E+005 0.77874529E+005 0.77968939E+005 0.77921276E+005 0.34306710E+005 0.32752000E+005 0.10911407E-008 0.14024306E+005 0.32752000E+005
0.10000000E+001
381
0.10400541E+001 0.10804289E+001 0.10753401E+001 0.10071318E+001 0.10341439E+001 -.10351982E+001 -.95594667E+000 -.10961807E+001 -.11220056E+001 -.10775505E+001
-.29525135E-001 -.27027124E+000 -.48453159E+000 0.19778172E+001 0.73364825E+000 0.84651771E+000 0.15348229E+000 0.43284051E+000 0.56715949E+000 0.49261925E+000
0.50738075E+000 0.63662586E+000 0.36337414E+000
0.40616304E-001 0.38539649E-001 0.41693449E-001 0.42446399E-001 0.41383839E-001 0.45988106E-001 0.45791094E-001 0.47020218E-001 0.45199135E-001 0.46443081E-001
0.51412202E-001 0.67715920E-001 0.84870466E-001 0.13043473E+000 0.10508139E+000 0.13796409E-001 0.13796409E-001 0.16623554E-001 0.16623554E-001 0.12850250E-001
0.12850250E-001 0.12541943E-001 0.12541943E-001
0.15000000E+002 -.38816591E+005 0.77663183E+005 0.77757593E+005 0.77709930E+005 0.35532625E+005 0.32752000E+005 0.00000000E+000 0.14031616E+005 0.32752000E+005
0.10000000E+001
382
0.10253043E+001 0.10549544E+001 0.10762046E+001 0.10553047E+001 0.10545735E+001 -.93158693E+000 -.10132224E+001 -.10858071E+001 -.10481119E+001 -.10632926E+001
-.63900791E-001 -.35806626E+000 -.46236321E+000 0.22737752E+001 0.71160362E+000 0.87165916E+000 0.12834084E+000 0.41142775E+000 0.58857225E+000 0.48403024E+000
0.51596976E+000 0.63419367E+000 0.36580633E+000
0.38992473E-001 0.38947715E-001 0.39251319E-001 0.40489193E-001 0.40981776E-001 0.42560312E-001 0.44825075E-001 0.47643416E-001 0.44603108E-001 0.44099447E-001
0.51272518E-001 0.68351084E-001 0.85438043E-001 0.14405013E+000 0.10452193E+000 0.13077632E-001 0.13077632E-001 0.16551554E-001 0.16551554E-001 0.12805053E-001
0.12805053E-001 0.11914309E-001 0.11914309E-001
0.15000000E+002 -.38856515E+005 0.77743029E+005 0.77837440E+005 0.77789777E+005 0.33031047E+005 0.32752000E+005 0.13789691E+000 0.13796487E+005 0.32752000E+005
0.10000000E+001
383
0.10762730E+001 0.10705489E+001 0.10668235E+001 0.10995247E+001 0.10701381E+001 -.10395130E+001 -.10690404E+001 -.98818333E+000 -.10391959E+001 -.10228573E+001
-.17252039E-001 -.22707918E+000 -.54858718E+000 0.18742383E+001 0.85360313E+000 0.83850673E+000 0.16149327E+000 0.44347290E+000 0.55652710E+000 0.49568710E+000
0.50431290E+000 0.63928607E+000 0.36071393E+000
0.41046030E-001 0.41090548E-001 0.40889403E-001 0.40833409E-001 0.39885161E-001 0.46520980E-001 0.45901341E-001 0.43998747E-001 0.46437440E-001 0.46368835E-001
0.51357876E-001 0.69432974E-001 0.87938042E-001 0.12769475E+000 0.10723794E+000 0.13681765E-001 0.13681765E-001 0.17136383E-001 0.17136383E-001 0.12838514E-001
0.12838514E-001 0.12509034E-001 0.12509034E-001
0.15000000E+002 -.38781403E+005 0.77592807E+005 0.77687217E+005 0.77639554E+005 0.34311268E+005 0.32752000E+005 0.98120623E-009 0.13866724E+005 0.32752000E+005
0.10000000E+001
384
-.11074733E+001 -.10203510E+001 -.10867463E+001 -.11370496E+001 -.10595499E+001 0.10490981E+001 0.10518382E+001 0.10479470E+001 0.10686081E+001 0.10395740E+001
0.61980550E-002 -.17008763E+001 -.22368912E+000 0.19980566E+001 0.75191008E+000 0.57375308E+000 0.42624692E+000 0.15435085E+000 0.84564915E+000 0.50154951E+000
0.49845049E+000 0.36470183E+000 0.63529817E+000
0.44910399E-001 0.44637074E-001 0.47722580E-001 0.48368602E-001 0.45738109E-001 0.41929732E-001 0.41074551E-001 0.40074803E-001 0.41050761E-001 0.40286607E-001
0.50614036E-001 0.10204731E+000 0.61877402E-001 0.12681424E+000 0.10339301E+000 0.16560432E-001 0.16560432E-001 0.13319895E-001 0.13319895E-001 0.12653387E-001
0.12653387E-001 0.12322636E-001 0.12322636E-001
0.15000000E+002 -.38713950E+005 0.77457901E+005 0.77552312E+005 0.77504648E+005 0.34896190E+005 0.32752000E+005 0.11102230E-015 0.13801437E+005 0.32752000E+005
0.10000000E+001
385
0.10860347E+001 0.11557423E+001 0.10882682E+001 0.11068564E+001 0.10871791E+001 -.95536709E+000 -.10377297E+001 -.93157528E+000 -.10424531E+001 -.92527159E+000
-.70741505E-001 -.40559431E+000 -.44211458E+000 0.20418095E+001 0.60264309E+000 0.83701928E+000 0.16298072E+000 0.39996899E+000 0.60003101E+000 0.48232200E+000
0.51767800E+000 0.61076796E+000 0.38923204E+000
0.42410544E-001 0.43427192E-001 0.42501476E-001 0.42170479E-001 0.40907327E-001 0.42942360E-001 0.44906083E-001 0.41794134E-001 0.44918134E-001 0.42579098E-001
0.51523676E-001 0.68411848E-001 0.82595509E-001 0.13018550E+000 0.10284592E+000 0.14065729E-001 0.14065729E-001 0.16418419E-001 0.16418419E-001 0.12864817E-001
0.12864817E-001 0.12408402E-001 0.12408402E-001
0.15000000E+002 -.38874530E+005 0.77779059E+005 0.77873470E+005 0.77825807E+005 0.34660637E+005 0.32752000E+005 0.12412293E-012 0.14052780E+005 0.32752000E+005
0.10000000E+001
386
0.10225112E+001 0.97227046E+000 0.94509996E+000 0.10306538E+001 0.97487897E+000 -.11659883E+001 -.11060136E+001 -.10893577E+001 -.10768515E+001 -.11034685E+001
0.11319820E+000 -.24524397E+000 -.53091085E+000 0.18825233E+001 0.81306996E+000 0.83716440E+000 0.16283560E+000 0.43899446E+000 0.56100554E+000 0.52826937E+000
0.47173063E+000 0.64933545E+000 0.35066455E+000
0.39160973E-001 0.37553384E-001 0.39353870E-001 0.39277012E-001 0.39881732E-001 0.50844509E-001 0.48514705E-001 0.45834633E-001 0.48544716E-001 0.46785234E-001
0.50745627E-001 0.71628780E-001 0.89203323E-001 0.12694168E+000 0.10768724E+000 0.13563000E-001 0.13563000E-001 0.17640616E-001 0.17640616E-001 0.12645853E-001
0.12645853E-001 0.12588784E-001 0.12588784E-001
0.15000000E+002 -.38905037E+005 0.77840075E+005 0.77934485E+005 0.77886822E+005 0.33965820E+005 0.32752000E+005 0.13802111E-005 0.13956304E+005 0.32752000E+005
0.10000000E+001
387
-.99108371E+000 -.99197890E+000 -.99860956E+000 -.10309590E+001 -.10633837E+001 0.10806789E+001 0.11122658E+001 0.10644901E+001 0.10721334E+001 0.11499152E+001
0.48084629E-001 -.16093044E+001 -.31548941E+000 0.20158988E+001 0.78893056E+000 0.60027100E+000 0.39972900E+000 0.16668521E+000 0.83331479E+000 0.51201884E+000
0.48798116E+000 0.38868930E+000 0.61131070E+000
0.42674309E-001 0.44616634E-001 0.44857926E-001 0.44274471E-001 0.45360757E-001 0.41987775E-001 0.41601194E-001 0.39731762E-001 0.41120222E-001 0.42984426E-001
0.50379674E-001 0.10001612E+000 0.61280662E-001 0.12557993E+000 0.10278402E+000 0.16401610E-001 0.16401610E-001 0.13892364E-001 0.13892364E-001 0.12587641E-001
0.12587641E-001 0.12507324E-001 0.12507324E-001
0.15000000E+002 -.38777574E+005 0.77585149E+005 0.77679559E+005 0.77631896E+005 0.34314687E+005 0.32752000E+005 0.90590335E-009 0.13960970E+005 0.32752000E+005
0.10000000E+001
388
0.11249149E+001 0.10536086E+001 0.10818010E+001 0.10383539E+001 0.10644216E+001 -.11000584E+001 -.10007455E+001 -.10035118E+001 -.10494317E+001 -.10310935E+001
-.14888953E-001 -.39098859E+000 -.38088090E+000 0.20953700E+001 0.67381991E+000 0.84610611E+000 0.15389389E+000 0.40347934E+000 0.59652066E+000 0.49627783E+000
0.50372217E+000 0.62314519E+000 0.37685481E+000
0.41053469E-001 0.39733007E-001 0.39841032E-001 0.40034326E-001 0.40531631E-001 0.46936189E-001 0.44086301E-001 0.44530722E-001 0.44502744E-001 0.42709088E-001
0.49705261E-001 0.68674291E-001 0.79921775E-001 0.13060912E+000 0.10215291E+000 0.13669727E-001 0.13669727E-001 0.16528787E-001 0.16528787E-001 0.12425627E-001
0.12425627E-001 0.12322630E-001 0.12322630E-001
0.15000000E+002 -.38794129E+005 0.77618259E+005 0.77712670E+005 0.77665006E+005 0.34085929E+005 0.32752000E+005 0.13347048E-006 0.13892387E+005 0.32752000E+005
0.10000000E+001
389
0.10074452E+001 0.10852180E+001 0.10576645E+001 0.10594161E+001 0.10071569E+001 -.10529505E+001 -.10637326E+001 -.10348962E+001 -.99081236E+000 -.99426466E+000
-.37731158E-001 -.24794174E+000 -.54204449E+000 0.18435712E+001 0.78965124E+000 0.83140665E+000 0.16859335E+000 0.43833017E+000 0.56166983E+000 0.49056833E+000
0.50943167E+000 0.63116104E+000 0.36883896E+000
0.40757938E-001 0.41804011E-001 0.39463718E-001 0.41626364E-001 0.39716875E-001 0.44915790E-001 0.46000450E-001 0.45415286E-001 0.43107727E-001 0.44187736E-001
0.52587858E-001 0.67609913E-001 0.83414909E-001 0.12880826E+000 0.10698932E+000 0.14447875E-001 0.14447875E-001 0.16645346E-001 0.16645346E-001 0.13142286E-001
0.13142286E-001 0.12519404E-001 0.12519404E-001
0.15000000E+002 -.38958351E+005 0.77946702E+005 0.78041112E+005 0.77993449E+005 0.33666187E+005 0.32752000E+005 0.19869613E-003 0.13986512E+005 0.32752000E+005
0.10000000E+001
390
0.10662293E+001 0.10582717E+001 0.10445029E+001 0.10545854E+001 0.10342838E+001 -.10481448E+001 -.97906553E+000 -.10548483E+001 -.10356361E+001 -.10270314E+001
0.11068813E-001 -.28458746E+000 -.51310408E+000 0.19771225E+001 0.63092806E+000 0.84455725E+000 0.15544275E+000 0.42932946E+000 0.57067054E+000 0.50276718E+000
0.49723282E+000 0.63809236E+000 0.36190764E+000
0.41007419E-001 0.39561423E-001 0.40358482E-001 0.41593795E-001 0.40891267E-001 0.45356820E-001 0.44646737E-001 0.45478486E-001 0.44653601E-001 0.43985826E-001
0.51971634E-001 0.68011745E-001 0.85348717E-001 0.13160694E+000 0.10537955E+000 0.13900790E-001 0.13900790E-001 0.16663263E-001 0.16663263E-001 0.12992510E-001
0.12992510E-001 0.12370594E-001 0.12370594E-001
0.15000000E+002 -.38898318E+005 0.77826636E+005 0.77921047E+005 0.77873384E+005 0.33562371E+005 0.32752000E+005 0.83572404E-003 0.13855946E+005 0.32752000E+005
0.10000000E+001
391
0.10737285E+001 0.10929087E+001 0.11138949E+001 0.11536845E+001 0.11926360E+001 -.94726507E+000 -.85795377E+000 -.97883321E+000 -.98432606E+000 -.97002492E+000
-.92517120E-001 -.44073783E+000 -.63736209E+000 0.19896569E+001 0.86137251E+000 0.82475756E+000 0.17524244E+000 0.39156517E+000 0.60843483E+000 0.47688720E+000
0.52311280E+000 0.59814908E+000 0.40185092E+000
0.44087833E-001 0.42432560E-001 0.46760571E-001 0.43456714E-001 0.46232845E-001 0.43484840E-001 0.42503437E-001 0.44098962E-001 0.47140362E-001 0.45511748E-001
0.54405435E-001 0.71525048E-001 0.85628700E-001 0.12794638E+000 0.10557342E+000 0.14353396E-001 0.14353396E-001 0.17040263E-001 0.17040263E-001 0.13572295E-001
0.13572295E-001 0.13265389E-001 0.13265389E-001
0.15000000E+002 -.38877505E+005 0.77785010E+005 0.77879420E+005 0.77831757E+005 0.35040155E+005 0.32752000E+005 0.00000000E+000 0.14127224E+005 0.32752000E+005
0.10000000E+001
392
0.10641458E+001 0.11091460E+001 0.10081427E+001 0.10482902E+001 0.11143981E+001 -.10696265E+001 -.10468800E+001 -.10905724E+001 -.10191786E+001 -.10604174E+001
-.28822992E-001 -.28965184E+000 -.55807045E+000 0.19175668E+001 0.86304239E+000 0.83588381E+000 0.16411619E+000 0.42808910E+000 0.57191090E+000 0.49279475E+000
0.50720525E+000 0.62904819E+000 0.37095181E+000
0.39719811E-001 0.40318787E-001 0.40432978E-001 0.41187507E-001 0.42146242E-001 0.45889555E-001 0.46392105E-001 0.45695218E-001 0.43835222E-001 0.45410824E-001
0.51136398E-001 0.67756009E-001 0.83958400E-001 0.12508904E+000 0.10415511E+000 0.13604554E-001 0.13604554E-001 0.16588624E-001 0.16588624E-001 0.12781445E-001
0.12781445E-001 0.12291025E-001 0.12291025E-001
0.15000000E+002 -.38728602E+005 0.77487203E+005 0.77581614E+005 0.77533951E+005 0.34496150E+005 0.32752000E+005 0.10420997E-010 0.13821503E+005 0.32752000E+005
0.10000000E+001
393
0.10241845E+001 0.10766862E+001 0.10396065E+001 0.10627601E+001 0.11069517E+001 -.97110713E+000 -.10079168E+001 -.10095060E+001 -.10701206E+001 -.10118090E+001
0.38857694E-001 -.35315451E+000 -.59735112E+000 0.19850565E+001 0.90145235E+000 0.83643003E+000 0.16356997E+000 0.41261767E+000 0.58738233E+000 0.50971320E+000
0.49028680E+000 0.62864043E+000 0.37135957E+000
0.39990998E-001 0.41950180E-001 0.39391865E-001 0.40990055E-001 0.43060113E-001 0.43399262E-001 0.43894722E-001 0.45239848E-001 0.48350901E-001 0.45249183E-001
0.51635446E-001 0.71340348E-001 0.85432619E-001 0.12948315E+000 0.10880550E+000 0.14116286E-001 0.14116286E-001 0.17290356E-001 0.17290356E-001 0.12903990E-001
0.12903990E-001 0.13005853E-001 0.13005853E-001
0.15000000E+002 -.38893060E+005 0.77816119E+005 0.77910530E+005 0.77862867E+005 0.34303121E+005 0.32752000E+005 0.11860909E-008 0.14061897E+005 0.32752000E+005
0.10000000E+001
394
0.10885141E+001 0.99376845E+000 0.10454408E+001 0.10517748E+001 0.11050932E+001 -.10027225E+001 -.97742547E+000 -.10068035E+001 -.10359795E+001 -.10814271E+001
-.16367069E-001 -.34674572E+000 -.68587456E+000 0.19385562E+001 0.98718283E+000 0.83087068E+000 0.16912932E+000 0.41417180E+000 0.58582820E+000 0.49590832E+000
0.50409168E+000 0.62081624E+000 0.37918376E+000
0.42843260E-001 0.40744323E-001 0.40475825E-001 0.42006735E-001 0.44056512E-001 0.45348167E-001 0.43627097E-001 0.47454476E-001 0.47210477E-001 0.47513510E-001
0.53232493E-001 0.69931820E-001 0.88383876E-001 0.12618018E+000 0.10802376E+000 0.13906575E-001 0.13906575E-001 0.16967804E-001 0.16967804E-001 0.13307232E-001
0.13307232E-001 0.12768900E-001 0.12768900E-001
0.15000000E+002 -.38883502E+005 0.77797003E+005 0.77891414E+005 0.77843751E+005 0.34091214E+005 0.32752000E+005 0.11988905E-006 0.14000504E+005 0.32752000E+005
0.10000000E+001
395
0.10446514E+001 0.11047714E+001 0.10551498E+001 0.10017250E+001 0.11025248E+001 -.10231485E+001 -.10905586E+001 -.10325884E+001 -.10587303E+001 -.10375059E+001
0.24179237E-001 -.42899779E+000 -.51471574E+000 0.20696100E+001 0.81691142E+000 0.83761822E+000 0.16238178E+000 0.39436568E+000 0.60563432E+000 0.50604451E+000
0.49395549E+000 0.61867120E+000 0.38132880E+000
0.39866218E-001 0.41436707E-001 0.40766054E-001 0.38355996E-001 0.41213633E-001 0.44437253E-001 0.46097561E-001 0.43844466E-001 0.46137959E-001 0.44558255E-001
0.52082469E-001 0.69355276E-001 0.82872596E-001 0.12648654E+000 0.10304758E+000 0.13306553E-001 0.13306553E-001 0.16564911E-001 0.16564911E-001 0.13018714E-001
0.13018714E-001 0.12154947E-001 0.12154947E-001
0.15000000E+002 -.38792982E+005 0.77615964E+005 0.77710375E+005 0.77662712E+005 0.34053136E+005 0.32752000E+005 0.25755328E-006 0.13836499E+005 0.32752000E+005
0.10000000E+001
396
0.10267496E+001 0.10334660E+001 0.10890476E+001 0.10800946E+001 0.10328500E+001 -.10055833E+001 -.96641000E+000 -.10809515E+001 -.10617531E+001 -.11199462E+001
-.75357396E-001 -.21291641E+000 -.41448172E+000 0.18938031E+001 0.71189256E+000 0.84302191E+000 0.15697809E+000 0.44697108E+000 0.55302892E+000 0.48116956E+000
0.51883044E+000 0.63753868E+000 0.36246132E+000
0.38658754E-001 0.38186122E-001 0.40462950E-001 0.40603158E-001 0.41271277E-001 0.44091511E-001 0.43206491E-001 0.46024986E-001 0.44838043E-001 0.45769709E-001
0.50016452E-001 0.66217464E-001 0.85433090E-001 0.12982007E+000 0.10562215E+000 0.13879515E-001 0.13879515E-001 0.16368158E-001 0.16368158E-001 0.12486378E-001
0.12486378E-001 0.12028126E-001 0.12028126E-001
0.15000000E+002 -.38856458E+005 0.77742916E+005 0.77837326E+005 0.77789663E+005 0.33875370E+005 0.32752000E+005 0.70393617E-005 0.13874643E+005 0.32752000E+005
0.10000000E+001
397
0.10384159E+001 0.98188474E+000 0.10315547E+001 0.10460124E+001 0.99482625E+000 -.11241319E+001 -.11230885E+001 -.10562150E+001 -.10996517E+001 -.10152659E+001
0.96846111E-001 -.14503997E+000 -.59499165E+000 0.17151304E+001 0.86587517E+000 0.82779651E+000 0.17220349E+000 0.46380344E+000 0.53619656E+000 0.52419262E+000
0.47580738E+000 0.65460592E+000 0.34539408E+000
0.39805016E-001 0.39563771E-001 0.40349383E-001 0.40629941E-001 0.38360271E-001 0.47819200E-001 0.48517825E-001 0.46488118E-001 0.47520480E-001 0.47921754E-001
0.50115249E-001 0.72302728E-001 0.89880176E-001 0.12226859E+000 0.10980632E+000 0.13816876E-001 0.13816876E-001 0.17980952E-001 0.17980952E-001 0.12499481E-001
0.12499481E-001 0.12987421E-001 0.12987421E-001
0.15000000E+002 -.38862000E+005 0.77754000E+005 0.77848410E+005 0.77800747E+005 0.33944911E+005 0.32752000E+005 0.20315543E-005 0.13943899E+005 0.32752000E+005
0.10000000E+001
398
0.10227377E+001 0.10715901E+001 0.10772709E+001 0.11081712E+001 0.10152266E+001 -.10572126E+001 -.10628048E+001 -.10636304E+001 -.10202981E+001 -.10300649E+001
-.61498696E-001 -.34570275E+000 -.54530019E+000 0.18690122E+001 0.89126298E+000 0.82102529E+000 0.17897471E+000 0.41442488E+000 0.58557512E+000 0.48463017E+000
0.51536983E+000 0.61147571E+000 0.38852429E+000
0.41476173E-001 0.40324561E-001 0.41712669E-001 0.41624949E-001 0.40676999E-001 0.42608897E-001 0.45607416E-001 0.45750300E-001 0.44566521E-001 0.43695265E-001
0.50417591E-001 0.66899046E-001 0.79923714E-001 0.12476110E+000 0.10361503E+000 0.14684132E-001 0.14684132E-001 0.16234853E-001 0.16234853E-001 0.12592487E-001
0.12592487E-001 0.12474342E-001 0.12474342E-001
0.15000000E+002 -.38837421E+005 0.77704843E+005 0.77799253E+005 0.77751590E+005 0.34243309E+005 0.32752000E+005 0.46429846E-008 0.13942971E+005 0.32752000E+005
0.10000000E+001
399
0.10929300E+001 0.11538883E+001 0.11211784E+001 0.11069617E+001 0.11173421E+001 -.96366786E+000 -.99924191E+000 -.94630420E+000 -.97713899E+000 -.10330804E+001
-.66241333E-001 -.53138458E+000 -.54721255E+000 0.21966475E+001 0.78350309E+000 0.84094322E+000 0.15905678E+000 0.37019401E+000 0.62980599E+000 0.48344572E+000
0.51655428E+000 0.59777570E+000 0.40222430E+000
0.40013924E-001 0.43123947E-001 0.41249584E-001 0.40502184E-001 0.42083136E-001 0.42627803E-001 0.42260350E-001 0.41411345E-001 0.42312529E-001 0.42034918E-001
0.49504679E-001 0.70347581E-001 0.81038418E-001 0.13175210E+000 0.10346892E+000 0.13953445E-001 0.13953445E-001 0.16401567E-001 0.16401567E-001 0.12362603E-001
0.12362603E-001 0.12451489E-001 0.12451489E-001
0.15000000E+002 -.38783866E+005 0.77597732E+005 0.77692143E+005 0.77644479E+005 0.33130593E+005 0.32752000E+005 0.69947747E-001 0.13752668E+005 0.32752000E+005
0.10000000E+001
400
-.97303904E+000 -.10003451E+001 -.10391358E+001 -.10559329E+001 -.98456394E+000 0.10678398E+001 0.10572949E+001 0.10719751E+001 0.10825961E+001 0.10897583E+001
0.51254407E-003 -.14867473E+001 -.18322899E+000 0.17397405E+001 0.67510742E+000 0.56291309E+000 0.43708691E+000 0.18441044E+000 0.81558956E+000 0.50012814E+000
0.49987186E+000 0.37371027E+000 0.62628973E+000
0.44302890E-001 0.47822416E-001 0.46848988E-001 0.47830049E-001 0.45558839E-001 0.42043507E-001 0.41265779E-001 0.43122334E-001 0.43563157E-001 0.43637485E-001
0.52977964E-001 0.95912777E-001 0.60797174E-001 0.12248209E+000 0.10636896E+000 0.18009242E-001 0.18009242E-001 0.14425592E-001 0.14425592E-001 0.13244490E-001
0.13244490E-001 0.13655649E-001 0.13655649E-001
0.15000000E+002 -.38900893E+005 0.77831785E+005 0.77926196E+005 0.77878533E+005 0.34651806E+005 0.32752000E+005 0.15887291E-012 0.14006728E+005 0.32752000E+005
0.10000000E+001
401
0.10602650E+001 0.11439670E+001 0.10219099E+001 0.10083420E+001 0.10547003E+001 -.10413562E+001 -.11294137E+001 -.10862394E+001 -.10689093E+001 -.10705269E+001
0.93497233E-001 -.31980678E+000 -.55472106E+000 0.18485689E+001 0.91622515E+000 0.82182513E+000 0.17817487E+000 0.42072284E+000 0.57927716E+000 0.52335730E+000
0.47664270E+000 0.63064265E+000 0.36935735E+000
0.40133245E-001 0.41231821E-001 0.40211265E-001 0.39599988E-001 0.39974424E-001 0.46205706E-001 0.49760612E-001 0.45442672E-001 0.45842641E-001 0.46534729E-001
0.49971240E-001 0.70876693E-001 0.83279719E-001 0.12016644E+000 0.10430718E+000 0.13480920E-001 0.13480920E-001 0.17273723E-001 0.17273723E-001 0.12465548E-001
0.12465548E-001 0.12407501E-001 0.12407501E-001
0.15000000E+002 -.38706916E+005 0.77443833E+005 0.77538243E+005 0.77490580E+005 0.34549531E+005 0.32752000E+005 0.25748292E-011 0.13797068E+005 0.32752000E+005
0.10000000E+001
402
0.10533365E+001 0.10225848E+001 0.10680794E+001 0.10129877E+001 0.10551401E+001 -.10600282E+001 -.10891677E+001 -.97142020E+000 -.10454802E+001 -.98417738E+000
-.69008952E-002 -.36180076E+000 -.64044518E+000 0.20684668E+001 0.94000938E+000 0.84640335E+000 0.15359665E+000 0.41052372E+000 0.58947628E+000 0.49827478E+000
0.50172522E+000 0.62771155E+000 0.37228845E+000
0.40760578E-001 0.40757960E-001 0.40377866E-001 0.39810634E-001 0.40955192E-001 0.46775128E-001 0.46491067E-001 0.44790481E-001 0.45091728E-001 0.44110730E-001
0.53291575E-001 0.70050051E-001 0.85349734E-001 0.13265907E+000 0.10732611E+000 0.13654715E-001 0.13654715E-001 0.16951692E-001 0.16951692E-001 0.13322735E-001
0.13322735E-001 0.12593982E-001 0.12593982E-001
0.15000000E+002 -.38901979E+005 0.77833958E+005 0.77928368E+005 0.77880705E+005 0.34023155E+005 0.32752000E+005 0.46376970E-006 0.14031940E+005 0.32752000E+005
0.10000000E+001
403
-.96929902E+000 -.10138404E+001 -.10582988E+001 -.10177062E+001 -.10242561E+001 0.10470153E+001 0.10871928E+001 0.11376426E+001 0.11149049E+001 0.10716867E+001
0.11124979E+000 -.16865220E+001 -.25656987E+000 0.21196732E+001 0.86933309E+000 0.60662590E+000 0.39337410E+000 0.15623378E+000 0.84376622E+000 0.52778380E+000
0.47221620E+000 0.39394345E+000 0.60605655E+000
0.42258371E-001 0.44593627E-001 0.46289200E-001 0.44928635E-001 0.43662908E-001 0.41468898E-001 0.42513251E-001 0.43718693E-001 0.43665267E-001 0.43061427E-001
0.52407103E-001 0.10560939E+000 0.60352607E-001 0.13261324E+000 0.10456414E+000 0.16738431E-001 0.16738431E-001 0.13921936E-001 0.13921936E-001 0.13061321E-001
0.13061321E-001 0.12924353E-001 0.12924353E-001
0.15000000E+002 -.38769793E+005 0.77569586E+005 0.77663996E+005 0.77616333E+005 0.35166550E+005 0.32752000E+005 0.00000000E+000 0.13942343E+005 0.32752000E+005
0.10000000E+001
404
0.10866539E+001 0.11327028E+001 0.11136992E+001 0.10732537E+001 0.10373508E+001 -.10626203E+001 -.10634655E+001 -.10658006E+001 -.98985481E+000 -.10253942E+001
-.52143368E-001 -.35883093E+000 -.46616071E+000 0.18371924E+001 0.79185514E+000 0.81432497E+000 0.18567503E+000 0.41124260E+000 0.58875740E+000 0.48696711E+000
0.51303289E+000 0.60753045E+000 0.39246955E+000
0.40949159E-001 0.43605167E-001 0.42470056E-001 0.39980629E-001 0.41685038E-001 0.46845364E-001 0.44876641E-001 0.45282493E-001 0.44851671E-001 0.42312149E-001
0.50475048E-001 0.70653170E-001 0.77512519E-001 0.12055802E+000 0.10216455E+000 0.13975465E-001 0.13975465E-001 0.17106696E-001 0.17106696E-001 0.12610188E-001
0.12610188E-001 0.12744258E-001 0.12744258E-001
0.15000000E+002 -.38746390E+005 0.77522781E+005 0.77617192E+005 0.77569528E+005 0.34407878E+005 0.32752000E+005 0.96683883E-010 0.13784158E+005 0.32752000E+005
0.10000000E+001
405
0.10485976E+001 0.10839131E+001 0.11272108E+001 0.10262002E+001 0.10395490E+001 -.10524819E+001 -.98222097E+000 -.97286513E+000 -.10207111E+001 -.99303603E+000
-.97074597E-001 -.20963727E+000 -.57593951E+000 0.17740359E+001 0.83709983E+000 0.82698363E+000 0.17301637E+000 0.44778178E+000 0.55221822E+000 0.47575039E+000
0.52424961E+000 0.62818721E+000 0.37181279E+000
0.41679922E-001 0.41828420E-001 0.43331319E-001 0.42007826E-001 0.41068357E-001 0.45273849E-001 0.45017713E-001 0.44464212E-001 0.44762748E-001 0.44729002E-001
0.53438407E-001 0.66889498E-001 0.85931498E-001 0.12573757E+000 0.10782223E+000 0.14426972E-001 0.14426972E-001 0.16539984E-001 0.16539984E-001 0.13328178E-001
0.13328178E-001 0.12649592E-001 0.12649592E-001
0.15000000E+002 -.38944355E+005 0.77918710E+005 0.78013121E+005 0.77965458E+005 0.34206985E+005 0.32752000E+005 0.10385500E-007 0.14051377E+005 0.32752000E+005
0.10000000E+001
406
0.10371336E+001 0.10332993E+001 0.10872228E+001 0.10410268E+001 0.10599143E+001 -.10648868E+001 -.11085905E+001 -.10951209E+001 -.10409980E+001 -.99850731E+000
0.19344461E-001 -.34757062E+000 -.59143697E+000 0.20352132E+001 0.89386343E+000 0.84391389E+000 0.15608611E+000 0.41397166E+000 0.58602834E+000 0.50483596E+000
0.49516404E+000 0.63102196E+000 0.36897804E+000
0.39586041E-001 0.40415303E-001 0.39782934E-001 0.40004943E-001 0.39921119E-001 0.45136534E-001 0.45567224E-001 0.47126339E-001 0.43339709E-001 0.43310171E-001
0.50511565E-001 0.68503048E-001 0.84049243E-001 0.12777261E+000 0.10508302E+000 0.13235108E-001 0.13235108E-001 0.16618780E-001 0.16618780E-001 0.12626710E-001
0.12626710E-001 0.11980245E-001 0.11980245E-001
0.15000000E+002 -.38775111E+005 0.77580222E+005 0.77674633E+005 0.77626970E+005 0.33411183E+005 0.32752000E+005 0.52173317E-002 0.13797045E+005 0.32752000E+005
0.10000000E+001
407
-.10436910E+001 -.10348671E+001 -.97208298E+000 -.10118346E+001 -.95927643E+000 0.10955961E+001 0.11374574E+001 0.10953491E+001 0.10328499E+001 0.10741045E+001
0.18191483E-001 -.16627187E+001 -.15367245E+000 0.21145790E+001 0.62554295E+000 0.61108145E+000 0.38891855E+000 0.15939739E+000 0.84060261E+000 0.50454775E+000
0.49545225E+000 0.38729356E+000 0.61270644E+000
0.44029043E-001 0.44143255E-001 0.42967736E-001 0.42906618E-001 0.41874786E-001 0.40710922E-001 0.42605647E-001 0.40132411E-001 0.40167790E-001 0.40755664E-001
0.49838153E-001 0.10271896E+000 0.60664194E-001 0.13124584E+000 0.10270521E+000 0.16924861E-001 0.16924861E-001 0.13763298E-001 0.13763298E-001 0.12458507E-001
0.12458507E-001 0.12463431E-001 0.12463431E-001
0.15000000E+002 -.38855674E+005 0.77741347E+005 0.77835758E+005 0.77788095E+005 0.34063190E+005 0.32752000E+005 0.21087238E-006 0.13880518E+005 0.32752000E+005
0.10000000E+001
408
0.10849370E+001 0.10307803E+001 0.11174756E+001 0.11034438E+001 0.10574194E+001 -.10076200E+001 -.98813388E+000 -.11106564E+001 -.10115520E+001 -.10476964E+001
0.42508187E-003 -.33882814E+000 -.53217843E+000 0.18440149E+001 0.76250075E+000 0.81834678E+000 0.18165322E+000 0.41609416E+000 0.58390584E+000 0.50010627E+000
0.49989373E+000 0.61726322E+000 0.38273678E+000
0.40858827E-001 0.39008156E-001 0.42054617E-001 0.40801872E-001 0.39869062E-001 0.44456800E-001 0.44049902E-001 0.45347381E-001 0.44170321E-001 0.44548703E-001
0.49497684E-001 0.69529200E-001 0.83951425E-001 0.12160852E+000 0.10363021E+000 0.13810369E-001 0.13810369E-001 0.16892801E-001 0.16892801E-001 0.12374420E-001
0.12374420E-001 0.12184083E-001 0.12184083E-001
0.15000000E+002 -.38808741E+005 0.77647482E+005 0.77741893E+005 0.77694230E+005 0.33804108E+005 0.32752000E+005 0.23487553E-004 0.13872765E+005 0.32752000E+005
0.10000000E+001
409
-.10215916E+001 -.10322419E+001 -.98561326E+000 -.10806372E+001 -.10218479E+001 0.10836193E+001 0.10860412E+001 0.11181349E+001 0.11332750E+001 0.11231335E+001
0.61210881E-001 -.14921901E+001 -.25491809E+000 0.19073927E+001 0.85075404E+000 0.60233471E+000 0.39766529E+000 0.18359323E+000 0.81640677E+000 0.51529794E+000
0.48470206E+000 0.39936986E+000 0.60063014E+000
0.42815835E-001 0.43273262E-001 0.43715795E-001 0.45980490E-001 0.45656235E-001 0.41170306E-001 0.42776790E-001 0.42319596E-001 0.42616180E-001 0.41200355E-001
0.49552439E-001 0.94165858E-001 0.60170292E-001 0.12346951E+000 0.10374936E+000 0.16985350E-001 0.16985350E-001 0.14114215E-001 0.14114215E-001 0.12376513E-001
0.12376513E-001 0.12588326E-001 0.12588326E-001
0.15000000E+002 -.38700622E+005 0.77431244E+005 0.77525654E+005 0.77477991E+005 0.35151801E+005 0.32752000E+005 0.00000000E+000 0.13891019E+005 0.32752000E+005
0.10000000E+001
410
0.10289708E+001 0.11191280E+001 0.11126395E+001 0.11124917E+001 0.10961920E+001 -.99848896E+000 -.10101063E+001 -.10140121E+001 -.10601699E+001 -.10299053E+001
-.79136980E-001 -.27878872E+000 -.59936783E+000 0.19157266E+001 0.93261612E+000 0.83711785E+000 0.16288215E+000 0.43075076E+000 0.56924924E+000 0.48022607E+000
0.51977393E+000 0.62589883E+000 0.37410117E+000
0.41508768E-001 0.41394619E-001 0.41851127E-001 0.41588242E-001 0.41867233E-001 0.42846864E-001 0.45270670E-001 0.44337246E-001 0.46362572E-001 0.44882601E-001
0.48827522E-001 0.69157075E-001 0.84774881E-001 0.12644517E+000 0.10684371E+000 0.14112369E-001 0.14112369E-001 0.16957629E-001 0.16957629E-001 0.12187788E-001
0.12187788E-001 0.12995132E-001 0.12995132E-001
0.15000000E+002 -.38743419E+005 0.77516837E+005 0.77611248E+005 0.77563585E+005 0.34540082E+005 0.32752000E+005 0.33070213E-011 0.13757336E+005 0.32752000E+005
0.10000000E+001
411
0.11534788E+001 0.10929213E+001 0.10275427E+001 0.10635275E+001 0.11287525E+001 -.10187461E+001 -.99909938E+000 -.97160006E+000 -.97491853E+000 -.99301363E+000
-.81496619E-001 -.31439038E+000 -.43035704E+000 0.17454114E+001 0.66136390E+000 0.80706035E+000 0.19293965E+000 0.42204346E+000 0.57795654E+000 0.47963711E+000
0.52036289E+000 0.60671185E+000 0.39328815E+000
0.44878080E-001 0.42356732E-001 0.40993256E-001 0.42722434E-001 0.43111567E-001 0.44670813E-001 0.44854453E-001 0.43036407E-001 0.42962760E-001 0.45429568E-001
0.52814187E-001 0.65951215E-001 0.80201053E-001 0.12215010E+000 0.10222443E+000 0.15327692E-001 0.15327692E-001 0.16087004E-001 0.16087004E-001 0.13181648E-001
0.13181648E-001 0.12864573E-001 0.12864573E-001
0.15000000E+002 -.38925269E+005 0.77880538E+005 0.77974949E+005 0.77927286E+005 0.34430229E+005 0.32752000E+005 0.55552785E-010 0.14022688E+005 0.32752000E+005
0.10000000E+001
412
0.11341934E+001 0.11085316E+001 0.11344996E+001 0.11221621E+001 0.11269488E+001 -.10200928E+001 -.10044423E+001 -.10131492E+001 -.10336691E+001 -.10508118E+001
-.66624861E-001 -.29443484E+000 -.58882755E+000 0.18915739E+001 0.83609533E+000 0.83161815E+000 0.16838185E+000 0.42691849E+000 0.57308151E+000 0.48334994E+000
0.51665006E+000 0.62253005E+000 0.37746995E+000
0.41970054E-001 0.42063111E-001 0.41005212E-001 0.41681541E-001 0.42427826E-001 0.44192728E-001 0.42368523E-001 0.44209550E-001 0.44972386E-001 0.45123121E-001
0.50702268E-001 0.68256578E-001 0.84176316E-001 0.12399976E+000 0.10364761E+000 0.13397705E-001 0.13397705E-001 0.16699593E-001 0.16699593E-001 0.12661511E-001
0.12661511E-001 0.12104786E-001 0.12104786E-001
0.15000000E+002 -.38622233E+005 0.77274465E+005 0.77368876E+005 0.77321212E+005 0.34123419E+005 0.32752000E+005 0.61832729E-007 0.13627339E+005 0.32752000E+005
0.10000000E+001
413
0.96763220E+000 0.98825742E+000 0.11224355E+001 0.11272216E+001 0.10209769E+001 -.95507824E+000 -.10045449E+001 -.10405532E+001 -.11145173E+001 -.10373600E+001
-.39842164E-001 -.21907382E+000 -.60933329E+000 0.17704074E+001 0.90584488E+000 0.82510626E+000 0.17489374E+000 0.44544954E+000 0.55455046E+000 0.49004078E+000
0.50995922E+000 0.63149682E+000 0.36850318E+000
0.41240159E-001 0.39683886E-001 0.41879936E-001 0.43573906E-001 0.42970358E-001 0.43387865E-001 0.45640431E-001 0.48099417E-001 0.49631495E-001 0.45459222E-001
0.54464480E-001 0.70386189E-001 0.87893506E-001 0.12645466E+000 0.10728223E+000 0.14102959E-001 0.14102959E-001 0.17387095E-001 0.17387095E-001 0.13610718E-001
0.13610718E-001 0.12817377E-001 0.12817377E-001
0.15000000E+002 -.38931633E+005 0.77893267E+005 0.77987678E+005 0.77940014E+005 0.34911745E+005 0.32752000E+005 0.11102230E-015 0.13980995E+005 0.32752000E+005
0.10000000E+001
414
0.10626083E+001 0.10850218E+001 0.10482984E+001 0.10512701E+001 0.10755586E+001 -.11515122E+001 -.10438748E+001 -.10498077E+001 -.10438366E+001 -.10327548E+001
-.39689005E-002 -.22314243E+000 -.54940476E+000 0.17282793E+001 0.90425055E+000 0.81833937E+000 0.18166063E+000 0.44444472E+000 0.55555528E+000 0.49900778E+000
0.50099222E+000 0.63102106E+000 0.36897894E+000
0.41897494E-001 0.41394000E-001 0.40023371E-001 0.40896900E-001 0.41322454E-001 0.48546385E-001 0.47106609E-001 0.46806292E-001 0.46456570E-001 0.46811559E-001
0.48983534E-001 0.74011349E-001 0.84426110E-001 0.12041208E+000 0.10618558E+000 0.13742714E-001 0.13742714E-001 0.18274410E-001 0.18274410E-001 0.12245835E-001
0.12245835E-001 0.13198629E-001 0.13198629E-001
0.15000000E+002 -.38747029E+005 0.77524059E+005 0.77618470E+005 0.77570806E+005 0.35333102E+005 0.32752000E+005 0.00000000E+000 0.13873638E+005 0.32752000E+005
0.10000000E+001
415
-.10569821E+001 -.99528941E+000 -.10588582E+001 -.99407260E+000 -.10636781E+001 0.11000334E+001 0.10431417E+001 0.10231905E+001 0.10048178E+001 0.10719049E+001
-.45245979E-001 -.16052468E+001 -.37496207E+000 0.18396354E+001 0.10528525E+001 0.55833035E+000 0.44166965E+000 0.16724958E+000 0.83275042E+000 0.48869043E+000
0.51130957E+000 0.35836701E+000 0.64163299E+000
0.47442638E-001 0.44632381E-001 0.47014694E-001 0.44547726E-001 0.47771849E-001 0.41338258E-001 0.40435201E-001 0.39260605E-001 0.39896228E-001 0.40313664E-001
0.50906056E-001 0.10074156E+000 0.62354939E-001 0.12574595E+000 0.11061247E+000 0.17276633E-001 0.17276633E-001 0.14030998E-001 0.14030998E-001 0.12720003E-001
0.12720003E-001 0.12830189E-001 0.12830189E-001
0.15000000E+002 -.38873571E+005 0.77777141E+005 0.77871552E+005 0.77823889E+005 0.33641919E+005 0.32752000E+005 0.28165461E-003 0.13886362E+005 0.32752000E+005
0.10000000E+001
416
-.10356854E+001 -.11418638E+001 -.10926657E+001 -.10699930E+001 -.10632328E+001 0.10379826E+001 0.10490915E+001 0.10164466E+001 0.10203253E+001 0.10242722E+001
-.30743697E-001 -.17475799E+001 -.35455668E+000 0.20259203E+001 0.91450358E+000 0.56913930E+000 0.43086070E+000 0.14835270E+000 0.85164730E+000 0.49231468E+000
0.50768532E+000 0.35551212E+000 0.64448788E+000
0.45235220E-001 0.48481421E-001 0.47481395E-001 0.46806880E-001 0.45382990E-001 0.39527862E-001 0.40625916E-001 0.38775448E-001 0.39629945E-001 0.39291993E-001
0.50307327E-001 0.10516144E+000 0.62258248E-001 0.13128916E+000 0.10720864E+000 0.17060007E-001 0.17060007E-001 0.13286535E-001 0.13286535E-001 0.12573860E-001
0.12573860E-001 0.12320696E-001 0.12320696E-001
0.15000000E+002 -.38787598E+005 0.77605196E+005 0.77699606E+005 0.77651943E+005 0.34333616E+005 0.32752000E+005 0.58054350E-009 0.13902123E+005 0.32752000E+005
0.10000000E+001
417
0.10454529E+001 0.97255499E+000 0.10431713E+001 0.10859131E+001 0.10575845E+001 -.10194993E+001 -.10464046E+001 -.10452595E+001 -.11266716E+001 -.10368311E+001
0.50914251E-001 -.35813944E+000 -.54697260E+000 0.18536121E+001 0.93808940E+000 0.81689827E+000 0.18310173E+000 0.41141003E+000 0.58858997E+000 0.51272581E+000
0.48727419E+000 0.61931432E+000 0.38068568E+000
0.40265800E-001 0.37713818E-001 0.39609084E-001 0.41712499E-001 0.39726204E-001 0.44497272E-001 0.45634568E-001 0.45943990E-001 0.46731799E-001 0.45638061E-001
0.51718979E-001 0.69183095E-001 0.84715990E-001 0.12184635E+000 0.10562530E+000 0.13819883E-001 0.13819883E-001 0.16752812E-001 0.16752812E-001 0.12921369E-001
0.12921369E-001 0.12104687E-001 0.12104687E-001
0.15000000E+002 -.38879021E+005 0.77788041E+005 0.77882452E+005 0.77834788E+005 0.34089701E+005 0.32752000E+005 0.12363429E-006 0.13886767E+005 0.32752000E+005
0.10000000E+001
418
0.10663618E+001 0.11149660E+001 0.10622354E+001 0.11274075E+001 0.10605081E+001 -.10061260E+001 -.10355151E+001 -.10024986E+001 -.10816255E+001 -.10610481E+001
-.33690087E-001 -.37370670E+000 -.54029406E+000 0.19009927E+001 0.80355067E+000 0.82160888E+000 0.17839112E+000 0.40764566E+000 0.59235434E+000 0.49157827E+000
0.50842173E+000 0.61114098E+000 0.38885902E+000
0.41912591E-001 0.42203093E-001 0.40303260E-001 0.42899816E-001 0.41540788E-001 0.42943200E-001 0.44656700E-001 0.44838947E-001 0.47362888E-001 0.44712193E-001
0.50709495E-001 0.69480050E-001 0.83353515E-001 0.12342346E+000 0.10368169E+000 0.14199972E-001 0.14199972E-001 0.16777395E-001 0.16777395E-001 0.12673777E-001
0.12673777E-001 0.12718931E-001 0.12718931E-001
0.15000000E+002 -.38754264E+005 0.77538529E+005 0.77632939E+005 0.77585276E+005 0.34869956E+005 0.32752000E+005 0.22204460E-015 0.13803530E+005 0.32752000E+005
0.10000000E+001
419
-.97467401E+000 -.10160263E+001 -.10129513E+001 -.10222529E+001 -.10172616E+001 0.10810442E+001 0.11320164E+001 0.10971695E+001 0.10898246E+001 0.10803141E+001
0.10885472E-001 -.15677262E+001 -.18664032E+000 0.19934092E+001 0.60293489E+000 0.60484234E+000 0.39515766E+000 0.17254078E+000 0.82745922E+000 0.50272134E+000
0.49727866E+000 0.38986800E+000 0.61013200E+000
0.44724502E-001 0.46076914E-001 0.46859278E-001 0.45695494E-001 0.45970300E-001 0.42394294E-001 0.43468470E-001 0.41759294E-001 0.42972361E-001 0.41733362E-001
0.53897934E-001 0.95633537E-001 0.61463697E-001 0.12542855E+000 0.10218733E+000 0.16948693E-001 0.16948693E-001 0.13653644E-001 0.13653644E-001 0.13474084E-001
0.13474084E-001 0.12660988E-001 0.12660988E-001
0.15000000E+002 -.38802823E+005 0.77635645E+005 0.77730056E+005 0.77682393E+005 0.34900842E+005 0.32752000E+005 0.11102230E-015 0.13965912E+005 0.32752000E+005
0.10000000E+001
420
0.10269076E+001 0.10477782E+001 0.10850163E+001 0.10553629E+001 0.10163533E+001 -.10421242E+001 -.10058478E+001 -.99669616E+000 -.10220986E+001 -.99792616E+000
-.16920665E-001 -.29475639E+000 -.49559091E+000 0.19003268E+001 0.79209992E+000 0.83279549E+000 0.16720451E+000 0.42683983E+000 0.57316017E+000 0.49576993E+000
0.50423007E+000 0.62810044E+000 0.37189956E+000
0.41469257E-001 0.41733000E-001 0.42787765E-001 0.43349047E-001 0.42823047E-001 0.48203063E-001 0.47565409E-001 0.47361402E-001 0.46462891E-001 0.45551315E-001
0.52941619E-001 0.71518459E-001 0.86791644E-001 0.12738637E+000 0.10774480E+000 0.13990671E-001 0.13990671E-001 0.17496819E-001 0.17496819E-001 0.13234458E-001
0.13234458E-001 0.13141861E-001 0.13141861E-001
0.15000000E+002 -.38967915E+005 0.77965829E+005 0.78060240E+005 0.78012577E+005 0.34513837E+005 0.32752000E+005 0.65853989E-011 0.14123350E+005 0.32752000E+005
0.10000000E+001
421
-.10218238E+001 -.10021986E+001 -.10990080E+001 -.10697331E+001 -.10024580E+001 0.11068079E+001 0.10675031E+001 0.11100505E+001 0.10668457E+001 0.10561328E+001
0.94143560E-001 -.15477678E+001 -.24050921E+000 0.18655086E+001 0.74394611E+000 0.57877357E+000 0.42122643E+000 0.17540890E+000 0.82459110E+000 0.52351852E+000
0.47648148E+000 0.38657777E+000 0.61342223E+000
0.44250860E-001 0.42097643E-001 0.47552019E-001 0.43412617E-001 0.41903322E-001 0.42263864E-001 0.41138960E-001 0.41078380E-001 0.42462066E-001 0.41575585E-001
0.50883303E-001 0.97434045E-001 0.61417137E-001 0.12288642E+000 0.10286635E+000 0.16080083E-001 0.16080083E-001 0.14092920E-001 0.14092920E-001 0.12692681E-001
0.12692681E-001 0.12156203E-001 0.12156203E-001
0.15000000E+002 -.38782875E+005 0.77595751E+005 0.77690161E+005 0.77642498E+005 0.34135823E+005 0.32752000E+005 0.47733520E-007 0.13899169E+005 0.32752000E+005
0.10000000E+001
422
0.10912559E+001 0.11189544E+001 0.11416067E+001 0.11031567E+001 0.11299737E+001 -.10462093E+001 -.10260378E+001 -.10111824E+001 -.99857792E+000 -.10095726E+001
-.53284825E-001 -.20880708E+000 -.50760872E+000 0.17355953E+001 0.73876482E+000 0.82153591E+000 0.17846409E+000 0.44798707E+000 0.55201293E+000 0.48668194E+000
0.51331806E+000 0.62978655E+000 0.37021345E+000
0.42314533E-001 0.41530313E-001 0.40705798E-001 0.42160526E-001 0.41996807E-001 0.44670853E-001 0.44711876E-001 0.45696946E-001 0.43281839E-001 0.43458256E-001
0.50391014E-001 0.67492319E-001 0.83793711E-001 0.12023700E+000 0.10412576E+000 0.14006643E-001 0.14006643E-001 0.16690490E-001 0.16690490E-001 0.12588816E-001
0.12588816E-001 0.12516652E-001 0.12516652E-001
0.15000000E+002 -.38696810E+005 0.77423619E+005 0.77518030E+005 0.77470367E+005 0.34312055E+005 0.32752000E+005 0.96335051E-009 0.13734145E+005 0.32752000E+005
0.10000000E+001
423
0.10977668E+001 0.11131934E+001 0.11078054E+001 0.11103102E+001 0.11298251E+001 -.90712109E+000 -.95520472E+000 -.10319449E+001 -.96553494E+000 -.96482636E+000
-.55682402E-001 -.31255895E+000 -.40655472E+000 0.17885142E+001 0.68874016E+000 0.81396087E+000 0.18603913E+000 0.42249025E+000 0.57750975E+000 0.48608300E+000
0.51391700E+000 0.61277746E+000 0.38722254E+000
0.40883098E-001 0.41864425E-001 0.41637552E-001 0.41662444E-001 0.41323205E-001 0.42911595E-001 0.43441836E-001 0.45564467E-001 0.42874684E-001 0.44392561E-001
0.53197386E-001 0.70518199E-001 0.81266878E-001 0.12557697E+000 0.10311077E+000 0.14270900E-001 0.14270900E-001 0.17205893E-001 0.17205893E-001 0.13289043E-001
0.13289043E-001 0.12451321E-001 0.12451321E-001
0.15000000E+002 -.38912473E+005 0.77854946E+005 0.77949357E+005 0.77901694E+005 0.34087674E+005 0.32752000E+005 0.12882966E-006 0.14006078E+005 0.32752000E+005
0.10000000E+001
424
0.10638162E+001 0.10965829E+001 0.10703784E+001 0.11471638E+001 0.11487003E+001 -.95954724E+000 -.92574292E+000 -.97141841E+000 -.10105625E+001 -.99803215E+000
-.14881422E+000 -.39564030E+000 -.52832698E+000 0.20345628E+001 0.75978095E+000 0.83738827E+000 0.16261173E+000 0.40236025E+000 0.59763975E+000 0.46286495E+000
0.53713505E+000 0.60371947E+000 0.39628053E+000
0.42302210E-001 0.44454720E-001 0.41230483E-001 0.41720449E-001 0.43516213E-001 0.42459972E-001 0.40431973E-001 0.42661285E-001 0.46798200E-001 0.44374552E-001
0.51770628E-001 0.69500951E-001 0.83833076E-001 0.13166218E+000 0.10461286E+000 0.14213822E-001 0.14213822E-001 0.16712649E-001 0.16712649E-001 0.12871265E-001
0.12871265E-001 0.12754867E-001 0.12754867E-001
0.15000000E+002 -.38894522E+005 0.77819044E+005 0.77913454E+005 0.77865791E+005 0.34343366E+005 0.32752000E+005 0.46075932E-009 0.13957595E+005 0.32752000E+005
0.10000000E+001
425
0.10805534E+001 0.10760819E+001 0.10372834E+001 0.10821162E+001 0.10965106E+001 -.10078048E+001 -.10321596E+001 -.97084568E+000 -.96352223E+000 -.97367256E+000
-.18438570E-001 -.41703983E+000 -.61966768E+000 0.19685714E+001 0.97242698E+000 0.82513483E+000 0.17486517E+000 0.39722531E+000 0.60277469E+000 0.49539049E+000
0.50460951E+000 0.60920762E+000 0.39079238E+000
0.40300798E-001 0.41898021E-001 0.39304230E-001 0.42532622E-001 0.40303003E-001 0.44456737E-001 0.43246600E-001 0.43220349E-001 0.41750155E-001 0.44028165E-001
0.50269970E-001 0.68232506E-001 0.82492386E-001 0.12604515E+000 0.10596309E+000 0.14310734E-001 0.14310734E-001 0.16337411E-001 0.16337411E-001 0.12566424E-001
0.12566424E-001 0.12269878E-001 0.12269878E-001
0.15000000E+002 -.38950003E+005 0.77930006E+005 0.78024416E+005 0.77976753E+005 0.33579684E+005 0.32752000E+005 0.66441172E-003 0.13932044E+005 0.32752000E+005
0.10000000E+001
426
0.11638042E+001 0.10218431E+001 0.10951509E+001 0.10138285E+001 0.11442056E+001 -.97046296E+000 -.10279165E+001 -.98423156E+000 -.10455705E+001 -.10235557E+001
0.22921864E-001 -.38354453E+000 -.48227967E+000 0.18720283E+001 0.75566355E+000 0.81585059E+000 0.18414941E+000 0.40527228E+000 0.59472772E+000 0.50573022E+000
0.49426978E+000 0.61291414E+000 0.38708586E+000
0.43306161E-001 0.39671566E-001 0.40824258E-001 0.40617046E-001 0.43993715E-001 0.44546924E-001 0.45870303E-001 0.45348203E-001 0.45521967E-001 0.44807313E-001
0.51073080E-001 0.71608998E-001 0.83386709E-001 0.12048177E+000 0.10390714E+000 0.13676488E-001 0.13676488E-001 0.17259678E-001 0.17259678E-001 0.12766593E-001
0.12766593E-001 0.12624562E-001 0.12624562E-001
0.15000000E+002 -.38834941E+005 0.77699881E+005 0.77794292E+005 0.77746629E+005 0.34366260E+005 0.32752000E+005 0.26645164E-009 0.13963610E+005 0.32752000E+005
0.10000000E+001
427
0.10705225E+001 0.10406247E+001 0.11810888E+001 0.11204925E+001 0.11892222E+001 -.99776683E+000 -.96016870E+000 -.99467103E+000 -.99996611E+000 -.10164932E+001
-.10742674E+000 -.22492323E+000 -.61134680E+000 0.17494816E+001 0.89743952E+000 0.82120874E+000 0.17879126E+000 0.44400506E+000 0.55599494E+000 0.47316911E+000
0.52683089E+000 0.62248619E+000 0.37751381E+000
0.41664761E-001 0.39322148E-001 0.41883201E-001 0.41562617E-001 0.42655971E-001 0.42101247E-001 0.42404694E-001 0.42599090E-001 0.42989202E-001 0.42754165E-001
0.49545166E-001 0.67258369E-001 0.81026274E-001 0.12266731E+000 0.10448585E+000 0.14055467E-001 0.14055467E-001 0.16603708E-001 0.16603708E-001 0.12350624E-001
0.12350624E-001 0.12116854E-001 0.12116854E-001
0.15000000E+002 -.38771411E+005 0.77572822E+005 0.77667233E+005 0.77619569E+005 0.33597940E+005 0.32752000E+005 0.51935957E-003 0.13708891E+005 0.32752000E+005
0.10000000E+001
428
0.10817770E+001 0.11076119E+001 0.11071760E+001 0.11152593E+001 0.10280807E+001 -.10294751E+001 -.99054893E+000 -.10250128E+001 -.10729392E+001 -.98400532E+000
-.67350136E-001 -.36136764E+000 -.50865276E+000 0.19566410E+001 0.67772015E+000 0.83135673E+000 0.16864327E+000 0.41062854E+000 0.58937146E+000 0.48316883E+000
0.51683117E+000 0.61391129E+000 0.38608871E+000
0.41447899E-001 0.42958923E-001 0.42386150E-001 0.43351441E-001 0.40368797E-001 0.44516161E-001 0.42909117E-001 0.44146393E-001 0.45401618E-001 0.43467296E-001
0.51337394E-001 0.70062428E-001 0.80079265E-001 0.12849692E+000 0.10277063E+000 0.14094588E-001 0.14094588E-001 0.16956000E-001 0.16956000E-001 0.12819805E-001
0.12819805E-001 0.12674965E-001 0.12674965E-001
0.15000000E+002 -.38811086E+005 0.77652173E+005 0.77746584E+005 0.77698920E+005 0.34889416E+005 0.32752000E+005 0.11102230E-015 0.13862431E+005 0.32752000E+005
0.10000000E+001
429
0.10532153E+001 0.10806905E+001 0.10484171E+001 0.11276163E+001 0.11191047E+001 -.96738925E+000 -.10383961E+001 -.94091803E+000 -.10009261E+001 -.10309566E+001
-.31207639E-001 -.37059114E+000 -.62114406E+000 0.19904529E+001 0.89149254E+000 0.83477606E+000 0.16522394E+000 0.40839819E+000 0.59160181E+000 0.49219872E+000
0.50780128E+000 0.61826083E+000 0.38173917E+000
0.40400494E-001 0.44581154E-001 0.42772997E-001 0.45440975E-001 0.44544875E-001 0.47510986E-001 0.46365784E-001 0.44851860E-001 0.46396965E-001 0.48287613E-001
0.55766273E-001 0.72455003E-001 0.88726039E-001 0.12857518E+000 0.10771131E+000 0.14096847E-001 0.14096847E-001 0.17505789E-001 0.17505789E-001 0.13938174E-001
0.13938174E-001 0.13745059E-001 0.13745059E-001
0.15000000E+002 -.38843283E+005 0.77716565E+005 0.77810976E+005 0.77763312E+005 0.34410653E+005 0.32752000E+005 0.90287777E-010 0.13892918E+005 0.32752000E+005
0.10000000E+001
430
-.98350172E+000 -.10493698E+001 -.97113447E+000 -.10052158E+001 -.10794964E+001 0.10980402E+001 0.10778608E+001 0.10306585E+001 0.10674656E+001 0.11184455E+001
-.11057556E-001 -.14614009E+001 -.25590594E+000 0.17480420E+001 0.85495566E+000 0.57117362E+000 0.42882638E+000 0.18825316E+000 0.81174684E+000 0.49723564E+000
0.50276436E+000 0.37865486E+000 0.62134514E+000
0.44736648E-001 0.44578777E-001 0.43319680E-001 0.45199848E-001 0.46659974E-001 0.40883739E-001 0.42431720E-001 0.40018419E-001 0.40278536E-001 0.41182966E-001
0.50460992E-001 0.91780787E-001 0.61022701E-001 0.12159496E+000 0.10633682E+000 0.17416521E-001 0.17416521E-001 0.14025381E-001 0.14025381E-001 0.12614862E-001
0.12614862E-001 0.12470211E-001 0.12470211E-001
0.15000000E+002 -.38862408E+005 0.77754816E+005 0.77849226E+005 0.77801563E+005 0.34326946E+005 0.32752000E+005 0.67946071E-009 0.13913270E+005 0.32752000E+005
0.10000000E+001
431
-.11016076E+001 -.10342553E+001 -.10117305E+001 -.10602576E+001 -.94399218E+000 0.10649514E+001 0.10448800E+001 0.10457065E+001 0.10739884E+001 0.10136704E+001
-.31643289E-001 -.13854150E+001 -.30567113E+000 0.16459182E+001 0.76205526E+000 0.56476000E+000 0.43524000E+000 0.20014074E+000 0.79985926E+000 0.49208984E+000
0.50791016E+000 0.37956617E+000 0.62043383E+000
0.48049724E-001 0.46804926E-001 0.46838345E-001 0.47408600E-001 0.45694368E-001 0.43091463E-001 0.41543827E-001 0.40861664E-001 0.42787103E-001 0.40296503E-001
0.53029177E-001 0.91581906E-001 0.62625978E-001 0.11871085E+000 0.10564894E+000 0.17121710E-001 0.17121710E-001 0.14660837E-001 0.14660837E-001 0.13253976E-001
0.13253976E-001 0.12911423E-001 0.12911423E-001
0.15000000E+002 -.38956667E+005 0.77943333E+005 0.78037744E+005 0.77990080E+005 0.34277071E+005 0.32752000E+005 0.21618898E-008 0.14043294E+005 0.32752000E+005
0.10000000E+001
432
-.99771150E+000 -.97709954E+000 -.10015771E+001 -.10032185E+001 -.10179704E+001 0.11405278E+001 0.11215418E+001 0.11286100E+001 0.10903829E+001 0.11388181E+001
0.97013920E-001 -.15778354E+001 -.22812639E+000 0.19642348E+001 0.96120663E+000 0.59541562E+000 0.40458438E+000 0.17110226E+000 0.82889774E+000 0.52423448E+000
0.47576552E+000 0.39354195E+000 0.60645805E+000
0.43152125E-001 0.44821408E-001 0.43644361E-001 0.42190425E-001 0.44093366E-001 0.43758807E-001 0.41189501E-001 0.43470842E-001 0.43377353E-001 0.42522374E-001
0.50416745E-001 0.10026527E+000 0.59683368E-001 0.12448796E+000 0.10646682E+000 0.16374463E-001 0.16374463E-001 0.14220250E-001 0.14220250E-001 0.12574576E-001
0.12574576E-001 0.12799239E-001 0.12799239E-001
0.15000000E+002 -.38713603E+005 0.77457207E+005 0.77551617E+005 0.77503954E+005 0.34574957E+005 0.32752000E+005 0.13052892E-011 0.13754021E+005 0.32752000E+005
0.10000000E+001
433
-.10356084E+001 -.98959711E+000 -.10607876E+001 -.97012918E+000 -.10130771E+001 0.11256743E+001 0.11373415E+001 0.11681196E+001 0.10994563E+001 0.10846639E+001
0.54116218E-001 -.14627454E+001 -.15359944E+000 0.18278061E+001 0.63661249E+000 0.59026493E+000 0.40973507E+000 0.18804778E+000 0.81195222E+000 0.51352575E+000
0.48647425E+000 0.39459664E+000 0.60540336E+000
0.44159394E-001 0.42280257E-001 0.44117631E-001 0.41254224E-001 0.43149705E-001 0.40558983E-001 0.41899973E-001 0.42313960E-001 0.41393326E-001 0.40249242E-001
0.49579087E-001 0.90113065E-001 0.60081993E-001 0.11916054E+000 0.10169049E+000 0.16245439E-001 0.16245439E-001 0.13758986E-001 0.13758986E-001 0.12385702E-001
0.12385702E-001 0.11708222E-001 0.11708222E-001
0.15000000E+002 -.38719281E+005 0.77468562E+005 0.77562973E+005 0.77515310E+005 0.33534442E+005 0.32752000E+005 0.11996995E-002 0.13718694E+005 0.32752000E+005
0.10000000E+001
434
-.11042326E+001 -.10242512E+001 -.10599204E+001 -.11341430E+001 -.10448342E+001 0.10867129E+001 0.10191803E+001 0.11194636E+001 0.10499012E+001 0.10280096E+001
0.34951111E-002 -.14983957E+001 -.24741471E+000 0.17686652E+001 0.77852998E+000 0.56715908E+000 0.43284092E+000 0.18266493E+000 0.81733507E+000 0.50087378E+000
0.49912622E+000 0.37524796E+000 0.62475204E+000
0.45428458E-001 0.42674871E-001 0.45134766E-001 0.44805172E-001 0.42943197E-001 0.40319438E-001 0.38557391E-001 0.40361686E-001 0.39574643E-001 0.38621591E-001
0.49944456E-001 0.93540768E-001 0.59404860E-001 0.11975508E+000 0.10293575E+000 0.16206868E-001 0.16206868E-001 0.13965492E-001 0.13965492E-001 0.12486076E-001
0.12486076E-001 0.11905159E-001 0.11905159E-001
0.15000000E+002 -.38766065E+005 0.77562129E+005 0.77656540E+005 0.77608877E+005 0.33153917E+005 0.32752000E+005 0.58604521E-001 0.13646078E+005 0.32752000E+005
0.10000000E+001
435
0.11293383E+001 0.10540916E+001 0.11073319E+001 0.11105478E+001 0.10766362E+001 -.98893120E+000 -.98743854E+000 -.10811290E+001 -.99391753E+000 -.10251011E+001
-.17928110E-001 -.31147780E+000 -.62788319E+000 0.21159162E+001 0.87170284E+000 0.85868836E+000 0.14131164E+000 0.42275407E+000 0.57724593E+000 0.49551809E+000
0.50448191E+000 0.63876740E+000 0.36123260E+000
0.41483459E-001 0.39543087E-001 0.43844583E-001 0.40749434E-001 0.40035931E-001 0.45193989E-001 0.44741763E-001 0.43912504E-001 0.44422036E-001 0.45644196E-001
0.50626651E-001 0.68479404E-001 0.89698410E-001 0.13249464E+000 0.10712030E+000 0.12985226E-001 0.12985226E-001 0.16711239E-001 0.16711239E-001 0.12655646E-001
0.12655646E-001 0.12225514E-001 0.12225514E-001
0.15000000E+002 -.38713413E+005 0.77456826E+005 0.77551237E+005 0.77503573E+005 0.34554746E+005 0.32752000E+005 0.22414293E-011 0.13827908E+005 0.32752000E+005
0.10000000E+001
436
0.11433811E+001 0.10274506E+001 0.11113152E+001 0.10486155E+001 0.10785414E+001 -.10890980E+001 -.10217957E+001 -.98848769E+000 -.94945108E+000 -.10025228E+001
-.15861217E-001 -.34102499E+000 -.53380874E+000 0.19190442E+001 0.80058768E+000 0.82892380E+000 0.17107620E+000 0.41556052E+000 0.58443948E+000 0.49603478E+000
0.50396522E+000 0.62060308E+000 0.37939692E+000
0.44095624E-001 0.40417499E-001 0.42971036E-001 0.40802420E-001 0.42485776E-001 0.48102448E-001 0.46119090E-001 0.45878150E-001 0.44122295E-001 0.44397762E-001
0.52139944E-001 0.69749009E-001 0.87303665E-001 0.12606877E+000 0.10667034E+000 0.13882811E-001 0.13882811E-001 0.16939940E-001 0.16939940E-001 0.13034166E-001
0.13034166E-001 0.12547217E-001 0.12547217E-001
0.15000000E+002 -.38840689E+005 0.77711378E+005 0.77805789E+005 0.77758125E+005 0.34467076E+005 0.32752000E+005 0.21958435E-010 0.14035351E+005 0.32752000E+005
0.10000000E+001
437
0.10064046E+001 0.10798979E+001 0.10428934E+001 0.10647629E+001 0.10077982E+001 -.95887952E+000 -.10520750E+001 -.98913079E+000 -.10397054E+001 -.10212383E+001
0.16931367E-001 -.28946735E+000 -.51296511E+000 0.19593080E+001 0.82290864E+000 0.84155457E+000 0.15844543E+000 0.42813427E+000 0.57186573E+000 0.50423274E+000
0.49576726E+000 0.63659432E+000 0.36340568E+000
0.40026713E-001 0.41868752E-001 0.40659523E-001 0.40664827E-001 0.39405908E-001 0.43745388E-001 0.46338284E-001 0.46242663E-001 0.47490088E-001 0.46714860E-001
0.52182313E-001 0.69970972E-001 0.88786675E-001 0.13180477E+000 0.10887833E+000 0.13967394E-001 0.13967394E-001 0.17131365E-001 0.17131365E-001 0.13044643E-001
0.13044643E-001 0.12606385E-001 0.12606385E-001
0.15000000E+002 -.38984652E+005 0.77999305E+005 0.78093716E+005 0.78046052E+005 0.33738927E+005 0.32752000E+005 0.66548032E-004 0.14070489E+005 0.32752000E+005
0.10000000E+001
438
0.10808977E+001 0.11036666E+001 0.11037388E+001 0.11132948E+001 0.10637503E+001 -.98145599E+000 -.96643576E+000 -.10817825E+001 -.94922343E+000 -.97134371E+000
-.93124055E-001 -.41544884E+000 -.45595533E+000 0.19953265E+001 0.69768031E+000 0.82918719E+000 0.17081281E+000 0.39760631E+000 0.60239369E+000 0.47673580E+000
0.52326420E+000 0.60335637E+000 0.39664363E+000
0.41809106E-001 0.41350057E-001 0.42673806E-001 0.41215459E-001 0.41025919E-001 0.41635938E-001 0.43388335E-001 0.44673741E-001 0.42883521E-001 0.43485421E-001
0.51360913E-001 0.69775470E-001 0.78963576E-001 0.12770108E+000 0.10282643E+000 0.13950959E-001 0.13950959E-001 0.16712309E-001 0.16712309E-001 0.12812430E-001
0.12812430E-001 0.12395880E-001 0.12395880E-001
0.15000000E+002 -.38896622E+005 0.77823244E+005 0.77917655E+005 0.77869991E+005 0.33929784E+005 0.32752000E+005 0.26770948E-005 0.13936254E+005 0.32752000E+005
0.10000000E+001
439
0.10658385E+001 0.11046573E+001 0.11201153E+001 0.11134831E+001 0.10209806E+001 -.10335437E+001 -.10287054E+001 -.10053236E+001 -.10063586E+001 -.10215305E+001
-.34012521E-001 -.35064520E+000 -.55190792E+000 0.19796474E+001 0.76441524E+000 0.83603291E+000 0.16396709E+000 0.41322597E+000 0.58677403E+000 0.49149769E+000
0.50850231E+000 0.62103460E+000 0.37896540E+000
0.40595158E-001 0.43113017E-001 0.42482797E-001 0.41657766E-001 0.39592740E-001 0.44211993E-001 0.43805146E-001 0.44435565E-001 0.44391950E-001 0.43111783E-001
0.49932050E-001 0.68093698E-001 0.83583815E-001 0.12832721E+000 0.10525946E+000 0.14333623E-001 0.14333623E-001 0.16510697E-001 0.16510697E-001 0.12479403E-001
0.12479403E-001 0.12722011E-001 0.12722011E-001
0.15000000E+002 -.38811930E+005 0.77653860E+005 0.77748271E+005 0.77700608E+005 0.34292423E+005 0.32752000E+005 0.15193897E-008 0.13896559E+005 0.32752000E+005
0.10000000E+001
440
0.10649439E+001 0.10430357E+001 0.10353760E+001 0.10214967E+001 0.10549347E+001 -.10227522E+001 -.11325586E+001 -.10177256E+001 -.10192952E+001 -.10719055E+001
-.53088734E-001 -.24129424E+000 -.44076423E+000 0.16541600E+001 0.72149159E+000 0.80421756E+000 0.19578244E+000 0.43996743E+000 0.56003257E+000 0.48673093E+000
0.51326907E+000 0.61725924E+000 0.38274076E+000
0.42442487E-001 0.41420044E-001 0.41093232E-001 0.40815425E-001 0.42067282E-001 0.45764604E-001 0.49577751E-001 0.45528000E-001 0.45372250E-001 0.46254570E-001
0.50983076E-001 0.69393555E-001 0.86242356E-001 0.12009957E+000 0.10503368E+000 0.15003040E-001 0.15003040E-001 0.17098301E-001 0.17098301E-001 0.12736792E-001
0.12736792E-001 0.13153866E-001 0.13153866E-001
0.15000000E+002 -.38916646E+005 0.77863293E+005 0.77957704E+005 0.77910040E+005 0.34305486E+005 0.32752000E+005 0.11226630E-008 0.14001249E+005 0.32752000E+005
0.10000000E+001
441
0.11292327E+001 0.11092216E+001 0.11103559E+001 0.10755150E+001 0.11060022E+001 -.95854894E+000 -.10387107E+001 -.96811501E+000 -.98992214E+000 -.10162023E+001
-.10915168E+000 -.18824798E+000 -.54220772E+000 0.15279956E+001 0.84285670E+000 0.79244844E+000 0.20755156E+000 0.45307649E+000 0.54692351E+000 0.47273914E+000
0.52726086E+000 0.61351089E+000 0.38648911E+000
0.42591522E-001 0.42486209E-001 0.41970940E-001 0.42199640E-001 0.41453515E-001 0.44022081E-001 0.45233173E-001 0.43215505E-001 0.43556064E-001 0.44363475E-001
0.50856911E-001 0.69859161E-001 0.84293279E-001 0.11833843E+000 0.10640481E+000 0.15191722E-001 0.15191722E-001 0.17310973E-001 0.17310973E-001 0.12676433E-001
0.12676433E-001 0.13148087E-001 0.13148087E-001
0.15000000E+002 -.38866839E+005 0.77763679E+005 0.77858090E+005 0.77810426E+005 0.34261160E+005 0.32752000E+005 0.31054053E-008 0.13887302E+005 0.32752000E+005
0.10000000E+001
442
-.10116197E+001 -.92441704E+000 -.96649956E+000 -.99269832E+000 -.96087959E+000 0.11497031E+001 0.10579115E+001 0.11073604E+001 0.11740810E+001 0.10626013E+001
0.76306006E-001 -.14922508E+001 -.20044595E+000 0.19313213E+001 0.74206978E+000 0.60803755E+000 0.39196245E+000 0.18358414E+000 0.81641586E+000 0.51906725E+000
0.48093275E+000 0.40390400E+000 0.59609600E+000
0.44523221E-001 0.42157811E-001 0.43935482E-001 0.45149727E-001 0.43350708E-001 0.45028390E-001 0.43428964E-001 0.43400361E-001 0.45714917E-001 0.43032178E-001
0.54576201E-001 0.97023878E-001 0.62595216E-001 0.12365242E+000 0.10381246E+000 0.16519899E-001 0.16519899E-001 0.14542036E-001 0.14542036E-001 0.13624208E-001
0.13624208E-001 0.13131648E-001 0.13131648E-001
0.15000000E+002 -.38893902E+005 0.77817803E+005 0.77912214E+005 0.77864551E+005 0.34513121E+005 0.32752000E+005 0.67094108E-011 0.13962124E+005 0.32752000E+005
0.10000000E+001
443
0.10736430E+001 0.10634121E+001 0.11932072E+001 0.10582875E+001 0.11428440E+001 -.10266594E+001 -.10733499E+001 -.10384755E+001 -.95704022E+000 -.99950174E+000
-.50189147E-001 -.30861911E+000 -.57163424E+000 0.18868977E+001 0.78061891E+000 0.82896059E+000 0.17103941E+000 0.42345184E+000 0.57654816E+000 0.48745535E+000
0.51254465E+000 0.62111925E+000 0.37888075E+000
0.40576441E-001 0.41649477E-001 0.45071161E-001 0.40653098E-001 0.42285007E-001 0.45830642E-001 0.46332298E-001 0.45776010E-001 0.43396901E-001 0.44383699E-001
0.51938159E-001 0.68262641E-001 0.84634380E-001 0.12480219E+000 0.10422006E+000 0.13810469E-001 0.13810469E-001 0.16665667E-001 0.16665667E-001 0.12976366E-001
0.12976366E-001 0.12384467E-001 0.12384467E-001
0.15000000E+002 -.38716884E+005 0.77463767E+005 0.77558178E+005 0.77510515E+005 0.35682197E+005 0.32752000E+005 0.00000000E+000 0.14021092E+005 0.32752000E+005
0.10000000E+001
444
0.10905104E+001 0.10608338E+001 0.10451254E+001 0.10927620E+001 0.10757383E+001 -.10416365E+001 -.10305287E+001 -.99901069E+000 -.10874274E+001 -.10423732E+001
0.24104136E-001 -.25766524E+000 -.52638554E+000 0.18730692E+001 0.75006273E+000 0.83416031E+000 0.16583969E+000 0.43593773E+000 0.56406227E+000 0.50602574E+000
0.49397426E+000 0.63744861E+000 0.36255139E+000
0.40485329E-001 0.38934638E-001 0.37811766E-001 0.41068595E-001 0.41463412E-001 0.44433377E-001 0.44743570E-001 0.44479416E-001 0.45695577E-001 0.43618242E-001
0.50476893E-001 0.68559534E-001 0.85118602E-001 0.12398715E+000 0.10460614E+000 0.13238558E-001 0.13238558E-001 0.16858517E-001 0.16858517E-001 0.12617390E-001
0.12617390E-001 0.11878521E-001 0.11878521E-001
0.15000000E+002 -.38792850E+005 0.77615699E+005 0.77710110E+005 0.77662447E+005 0.33717396E+005 0.32752000E+005 0.92684991E-004 0.13821209E+005 0.32752000E+005
0.10000000E+001
445
0.10086430E+001 0.10126289E+001 0.10388255E+001 0.10582384E+001 0.97100488E+000 -.10964183E+001 -.10689497E+001 -.10443799E+001 -.10587439E+001 -.11010240E+001
0.74937087E-001 -.32851524E+000 -.48346339E+000 0.20541480E+001 0.74749102E+000 0.84885295E+000 0.15114705E+000 0.41860193E+000 0.58139807E+000 0.51872551E+000
0.48127449E+000 0.64178411E+000 0.35821589E+000
0.40354133E-001 0.40353658E-001 0.40499225E-001 0.39825043E-001 0.38474983E-001 0.46111161E-001 0.45874798E-001 0.47300153E-001 0.47434147E-001 0.48534425E-001
0.53771721E-001 0.70074238E-001 0.80317801E-001 0.13192555E+000 0.10528606E+000 0.13330201E-001 0.13330201E-001 0.17054272E-001 0.17054272E-001 0.13424075E-001
0.13424075E-001 0.12374664E-001 0.12374664E-001
0.15000000E+002 -.38877409E+005 0.77784817E+005 0.77879228E+005 0.77831565E+005 0.34181971E+005 0.32752000E+005 0.17892799E-007 0.13926345E+005 0.32752000E+005
0.10000000E+001
446
-.10164718E+001 -.10049011E+001 -.97291461E+000 -.10762113E+001 -.96521665E+000 0.11205114E+001 0.11291759E+001 0.11188846E+001 0.11217638E+001 0.10701267E+001
0.10980511E+000 -.15580464E+001 -.22926830E+000 0.18595485E+001 0.72078558E+000 0.57480967E+000 0.42519033E+000 0.17392715E+000 0.82607285E+000 0.52742373E+000
0.47257627E+000 0.38536210E+000 0.61463790E+000
0.42961866E-001 0.43413713E-001 0.42573539E-001 0.45979831E-001 0.41759933E-001 0.42863949E-001 0.41511735E-001 0.41917345E-001 0.41400180E-001 0.41386894E-001
0.51281596E-001 0.97294253E-001 0.60049838E-001 0.12457368E+000 0.10262831E+000 0.16234218E-001 0.16234218E-001 0.13978897E-001 0.13978897E-001 0.12781832E-001
0.12781832E-001 0.11998913E-001 0.11998913E-001
0.15000000E+002 -.38769794E+005 0.77569588E+005 0.77663999E+005 0.77616336E+005 0.34051743E+005 0.32752000E+005 0.26476436E-006 0.13846760E+005 0.32752000E+005
0.10000000E+001
447
-.10658942E+001 -.10949783E+001 -.10250042E+001 -.99736359E+000 -.10071327E+001 0.10885770E+001 0.11145868E+001 0.10708731E+001 0.10680190E+001 0.10448858E+001
0.60659600E-001 -.14292685E+001 -.28904884E+000 0.17477196E+001 0.75627832E+000 0.57894673E+000 0.42105327E+000 0.19321269E+000 0.80678731E+000 0.51516025E+000
0.48483975E+000 0.39192753E+000 0.60807247E+000
0.45379578E-001 0.47756064E-001 0.45654274E-001 0.43016764E-001 0.43410044E-001 0.42161768E-001 0.42368035E-001 0.40043866E-001 0.41950322E-001 0.41600335E-001
0.52355276E-001 0.95751821E-001 0.60549299E-001 0.12014970E+000 0.10370758E+000 0.16195874E-001 0.16195874E-001 0.14925942E-001 0.14925942E-001 0.13076786E-001
0.13076786E-001 0.12762616E-001 0.12762616E-001
0.15000000E+002 -.38825507E+005 0.77681015E+005 0.77775425E+005 0.77727762E+005 0.34698338E+005 0.32752000E+005 0.42743586E-013 0.13873013E+005 0.32752000E+005
0.10000000E+001
448
0.11011446E+001 0.11122686E+001 0.10607828E+001 0.10572159E+001 0.11111532E+001 -.10297363E+001 -.10811603E+001 -.10223864E+001 -.97305578E+000 -.96092953E+000
-.10569721E+000 -.31733881E+000 -.55124403E+000 0.18720996E+001 0.82552856E+000 0.82560028E+000 0.17439972E+000 0.42132444E+000 0.57867556E+000 0.47360027E+000
0.52639973E+000 0.61278958E+000 0.38721042E+000
0.42552861E-001 0.42440695E-001 0.41088875E-001 0.39743660E-001 0.41812606E-001 0.43457549E-001 0.45304890E-001 0.43930429E-001 0.42327700E-001 0.42662038E-001
0.50125279E-001 0.68132375E-001 0.86324293E-001 0.12696295E+000 0.10648334E+000 0.14502088E-001 0.14502088E-001 0.16611365E-001 0.16611365E-001 0.12496385E-001
0.12496385E-001 0.12544494E-001 0.12544494E-001
0.15000000E+002 -.38837516E+005 0.77705033E+005 0.77799443E+005 0.77751780E+005 0.34834523E+005 0.32752000E+005 0.77715612E-015 0.13993401E+005 0.32752000E+005
0.10000000E+001
449
0.10438690E+001 0.10653234E+001 0.10431036E+001 0.10885035E+001 0.10812357E+001 -.10409308E+001 -.10118226E+001 -.95867137E+000 -.95971247E+000 -.10138860E+001
-.22102583E-001 -.41321664E+000 -.52369629E+000 0.19972091E+001 0.77357596E+000 0.82976920E+000 0.17023080E+000 0.39814108E+000 0.60185892E+000 0.49447458E+000
0.50552542E+000 0.61157022E+000 0.38842978E+000
0.42847081E-001 0.43990227E-001 0.43417626E-001 0.42378969E-001 0.43699785E-001 0.46850368E-001 0.46743639E-001 0.44588608E-001 0.47154671E-001 0.47234079E-001
0.54567304E-001 0.71801897E-001 0.88874712E-001 0.12826642E+000 0.10741599E+000 0.14103389E-001 0.14103389E-001 0.17205512E-001 0.17205512E-001 0.13640160E-001
0.13640160E-001 0.13215113E-001 0.13215113E-001
0.15000000E+002 -.38952842E+005 0.77935685E+005 0.78030095E+005 0.77982432E+005 0.34882917E+005 0.32752000E+005 0.22204460E-015 0.14178627E+005 0.32752000E+005
0.10000000E+001
450
-.99387581E+000 -.96106048E+000 -.10208837E+001 -.99048937E+000 -.99444849E+000 0.11310129E+001 0.11212762E+001 0.10893829E+001 0.11199679E+001 0.11638010E+001
0.57247506E-001 -.16068486E+001 -.13431336E+000 0.19669686E+001 0.69889486E+000 0.58906950E+000 0.41093050E+000 0.16702661E+000 0.83297339E+000 0.51430797E+000
0.48569203E+000 0.38408663E+000 0.61591337E+000
0.43611956E-001 0.43414810E-001 0.44728222E-001 0.41912669E-001 0.44222035E-001 0.42813842E-001 0.41607913E-001 0.41584556E-001 0.43304088E-001 0.41378692E-001
0.50849365E-001 0.96555387E-001 0.65431600E-001 0.12508719E+000 0.10341653E+000 0.16204183E-001 0.16204183E-001 0.13433627E-001 0.13433627E-001 0.12701932E-001
0.12701932E-001 0.11712351E-001 0.11712351E-001
0.15000000E+002 -.38739436E+005 0.77508871E+005 0.77603282E+005 0.77555619E+005 0.33798522E+005 0.32752000E+005 0.25738698E-004 0.13758146E+005 0.32752000E+005
0.10000000E+001
451
0.10526472E+001 0.10792293E+001 0.10327729E+001 0.10200820E+001 0.10437798E+001 -.95007306E+000 -.98347215E+000 -.10763015E+001 -.10441114E+001 -.10476245E+001
-.55931110E-001 -.24992643E+000 -.45358375E+000 0.17588108E+001 0.79382787E+000 0.81889581E+000 0.18110419E+000 0.43784161E+000 0.56215839E+000 0.48602087E+000
0.51397913E+000 0.62304190E+000 0.37695810E+000
0.40853102E-001 0.43299504E-001 0.40884347E-001 0.40596297E-001 0.40560521E-001 0.44832317E-001 0.42951086E-001 0.48568422E-001 0.46550543E-001 0.49318391E-001
0.55300104E-001 0.69112170E-001 0.83024309E-001 0.12415383E+000 0.10505652E+000 0.14289684E-001 0.14289684E-001 0.17011016E-001 0.17011016E-001 0.13814220E-001
0.13814220E-001 0.12799497E-001 0.12799497E-001
0.15000000E+002 -.38982585E+005 0.77995170E+005 0.78089581E+005 0.78041918E+005 0.34135486E+005 0.32752000E+005 0.48070896E-007 0.14066117E+005 0.32752000E+005
0.10000000E+001
452
0.10190501E+001 0.10502993E+001 0.10711921E+001 0.11256216E+001 0.11060481E+001 -.99406559E+000 -.99151652E+000 -.99602872E+000 -.10017839E+001 -.10384827E+001
0.22116062E-001 -.38696685E+000 -.47351042E+000 0.18351103E+001 0.82507613E+000 0.80971254E+000 0.19028746E+000 0.40444768E+000 0.59555232E+000 0.50552879E+000
0.49447121E+000 0.60932074E+000 0.39067926E+000
0.40300986E-001 0.41488235E-001 0.42118139E-001 0.42443518E-001 0.42019752E-001 0.46238581E-001 0.45806152E-001 0.44767907E-001 0.45362974E-001 0.48705175E-001
0.52532528E-001 0.72367987E-001 0.84274466E-001 0.12201755E+000 0.10528385E+000 0.14507216E-001 0.14507216E-001 0.17431259E-001 0.17431259E-001 0.13131526E-001
0.13131526E-001 0.13310918E-001 0.13310918E-001
0.15000000E+002 -.38914748E+005 0.77859495E+005 0.77953906E+005 0.77906243E+005 0.34520138E+005 0.32752000E+005 0.55863092E-011 0.14110242E+005 0.32752000E+005
0.10000000E+001
453
-.97728093E+000 -.93143302E+000 -.98905028E+000 -.97356222E+000 -.98670172E+000 0.11266781E+001 0.10899529E+001 0.10851002E+001 0.11358433E+001 0.11169436E+001
0.15264912E-001 -.15539683E+001 -.41573761E+000 0.19585321E+001 0.10480183E+001 0.59978368E+000 0.40021632E+000 0.17451386E+000 0.82548614E+000 0.50381615E+000
0.49618385E+000 0.38877167E+000 0.61122833E+000
0.44942830E-001 0.42749041E-001 0.45812374E-001 0.43354165E-001 0.42999292E-001 0.40978007E-001 0.40565669E-001 0.40621220E-001 0.41711741E-001 0.41485470E-001
0.50540576E-001 0.95856483E-001 0.64784286E-001 0.12505856E+000 0.10635007E+000 0.16910672E-001 0.16910672E-001 0.13808968E-001 0.13808968E-001 0.12634408E-001
0.12634408E-001 0.12335265E-001 0.12335265E-001
0.15000000E+002 -.38826247E+005 0.77682495E+005 0.77776906E+005 0.77729242E+005 0.34806407E+005 0.32752000E+005 0.17763568E-014 0.14001280E+005 0.32752000E+005
0.10000000E+001
454
0.10942456E+001 0.10554299E+001 0.11237221E+001 0.10625540E+001 0.10972696E+001 -.96073053E+000 -.95941212E+000 -.96244602E+000 -.98221032E+000 -.10098104E+001
-.98040623E-001 -.46385432E+000 -.64437811E+000 0.20164434E+001 0.90428811E+000 0.82528736E+000 0.17471264E+000 0.38607187E+000 0.61392813E+000 0.47550946E+000
0.52449054E+000 0.59492299E+000 0.40507701E+000
0.43736035E-001 0.41300612E-001 0.45100309E-001 0.42851254E-001 0.44000176E-001 0.43496616E-001 0.43932564E-001 0.42873299E-001 0.43850840E-001 0.44719712E-001
0.53436132E-001 0.70623373E-001 0.85193599E-001 0.12947108E+000 0.10622583E+000 0.14688006E-001 0.14688006E-001 0.16739179E-001 0.16739179E-001 0.13326983E-001
0.13326983E-001 0.13137674E-001 0.13137674E-001
0.15000000E+002 -.38958316E+005 0.77946633E+005 0.78041044E+005 0.77993380E+005 0.34510626E+005 0.32752000E+005 0.71598283E-011 0.14156290E+005 0.32752000E+005
0.10000000E+001
455
0.10787929E+001 0.11292607E+001 0.10990540E+001 0.10902189E+001 0.10965502E+001 -.94272274E+000 -.10117995E+001 -.95008678E+000 -.10141505E+001 -.10495753E+001
-.66361642E-001 -.36375486E+000 -.58734274E+000 0.19191980E+001 0.95275198E+000 0.82569850E+000 0.17430150E+000 0.41005093E+000 0.58994907E+000 0.48341568E+000
0.51658432E+000 0.61098148E+000 0.38901852E+000
0.41666683E-001 0.43410198E-001 0.42956881E-001 0.43244020E-001 0.43325517E-001 0.44409640E-001 0.46085966E-001 0.44977936E-001 0.46176045E-001 0.47849331E-001
0.52784834E-001 0.73005962E-001 0.83508496E-001 0.12584235E+000 0.10609602E+000 0.14230798E-001 0.14230798E-001 0.17660811E-001 0.17660811E-001 0.13181691E-001
0.13181691E-001 0.13628156E-001 0.13628156E-001
0.15000000E+002 -.38820350E+005 0.77670700E+005 0.77765110E+005 0.77717447E+005 0.35491616E+005 0.32752000E+005 0.00000000E+000 0.14064610E+005 0.32752000E+005
0.10000000E+001
456
0.11016689E+001 0.10899670E+001 0.10878695E+001 0.11005580E+001 0.11136946E+001 -.10006774E+001 -.95121360E+000 -.99288690E+000 -.98498807E+000 -.10137685E+001
-.26808208E-001 -.35665463E+000 -.61677706E+000 0.19664080E+001 0.90138593E+000 0.83337714E+000 0.16662286E+000 0.41176963E+000 0.58823037E+000 0.49329835E+000
0.50670165E+000 0.61974792E+000 0.38025208E+000
0.41701233E-001 0.39799772E-001 0.42181224E-001 0.40370491E-001 0.41976938E-001 0.44805584E-001 0.44015300E-001 0.42631875E-001 0.45031936E-001 0.45176192E-001
0.50339514E-001 0.72494502E-001 0.85111972E-001 0.12915187E+000 0.10632948E+000 0.13774850E-001 0.13774850E-001 0.17559285E-001 0.17559285E-001 0.12582618E-001
0.12582618E-001 0.12643428E-001 0.12643428E-001
0.15000000E+002 -.38840519E+005 0.77711038E+005 0.77805449E+005 0.77757785E+005 0.34480528E+005 0.32752000E+005 0.15575874E-010 0.13931953E+005 0.32752000E+005
0.10000000E+001
457
-.10411659E+001 -.10294426E+001 -.10492474E+001 -.10274485E+001 -.10167425E+001 0.10979053E+001 0.10179557E+001 0.10473461E+001 0.11632578E+001 0.10057059E+001
-.13829055E-001 -.15924994E+001 -.21652581E+000 0.19499407E+001 0.57938047E+000 0.58842091E+000 0.41157909E+000 0.16903254E+000 0.83096746E+000 0.49654279E+000
0.50345721E+000 0.37727681E+000 0.62272319E+000
0.44180787E-001 0.44225802E-001 0.46477359E-001 0.46150050E-001 0.43245132E-001 0.41161642E-001 0.39889856E-001 0.39155534E-001 0.41780594E-001 0.40517573E-001
0.49984881E-001 0.99617675E-001 0.62398713E-001 0.12602786E+000 0.10190014E+000 0.16790305E-001 0.16790305E-001 0.13992352E-001 0.13992352E-001 0.12495623E-001
0.12495623E-001 0.12476001E-001 0.12476001E-001
0.15000000E+002 -.38856437E+005 0.77742874E+005 0.77837285E+005 0.77789622E+005 0.34165416E+005 0.32752000E+005 0.25527030E-007 0.13884563E+005 0.32752000E+005
0.10000000E+001
458
0.11203344E+001 0.10790397E+001 0.10795048E+001 0.10710380E+001 0.11162615E+001 -.10569384E+001 -.96160358E+000 -.98885933E+000 -.94776834E+000 -.10158229E+001
-.19956665E-001 -.35546494E+000 -.56651487E+000 0.17937120E+001 0.83959399E+000 0.80818305E+000 0.19181695E+000 0.41205782E+000 0.58794218E+000 0.49501100E+000
0.50498900E+000 0.60814416E+000 0.39185584E+000
0.42743256E-001 0.40498928E-001 0.40867961E-001 0.40837495E-001 0.43905153E-001 0.46323639E-001 0.44193716E-001 0.44683582E-001 0.42620861E-001 0.42954055E-001
0.51738939E-001 0.70366103E-001 0.82253084E-001 0.12154434E+000 0.10500180E+000 0.14438522E-001 0.14438522E-001 0.17047326E-001 0.17047326E-001 0.12933447E-001
0.12933447E-001 0.12762808E-001 0.12762808E-001
0.15000000E+002 -.38888987E+005 0.77807974E+005 0.77902384E+005 0.77854721E+005 0.34158181E+005 0.32752000E+005 0.29780555E-007 0.13961077E+005 0.32752000E+005
0.10000000E+001
459
0.11235973E+001 0.11117275E+001 0.11010020E+001 0.10839995E+001 0.10650291E+001 -.10392247E+001 -.96475518E+000 -.95887048E+000 -.89529287E+000 -.93782628E+000
-.73456028E-001 -.28139320E+000 -.54067579E+000 0.18339613E+001 0.73617758E+000 0.82528434E+000 0.17471566E+000 0.43011225E+000 0.56988775E+000 0.48164425E+000
0.51835575E+000 0.62044461E+000 0.37955539E+000
0.44550106E-001 0.41949019E-001 0.42813394E-001 0.41953187E-001 0.42435597E-001 0.46074977E-001 0.45740699E-001 0.45662749E-001 0.42916373E-001 0.43074695E-001
0.52783818E-001 0.70284812E-001 0.88868288E-001 0.12765782E+000 0.10756262E+000 0.14657975E-001 0.14657975E-001 0.17227911E-001 0.17227911E-001 0.13178170E-001
0.13178170E-001 0.13212399E-001 0.13212399E-001
0.15000000E+002 -.38973614E+005 0.77977228E+005 0.78071639E+005 0.78023975E+005 0.35034346E+005 0.32752000E+005 0.00000000E+000 0.14176296E+005 0.32752000E+005
0.10000000E+001
460
0.10749621E+001 0.10593193E+001 0.10815676E+001 0.10614015E+001 0.11007260E+001 -.10209085E+001 -.97065966E+000 -.10208601E+001 -.10823596E+001 -.10390277E+001
-.80954615E-002 -.39042844E+000 -.57593954E+000 0.18777032E+001 0.81193761E+000 0.81566887E+000 0.18433113E+000 0.40361417E+000 0.59638583E+000 0.49797615E+000
0.50202385E+000 0.60880758E+000 0.39119242E+000
0.43135542E-001 0.42485397E-001 0.43718389E-001 0.42708553E-001 0.42272412E-001 0.45833778E-001 0.44166204E-001 0.44660678E-001 0.46795280E-001 0.47310055E-001
0.54823009E-001 0.69403803E-001 0.82212200E-001 0.12453742E+000 0.10354100E+000 0.14689064E-001 0.14689064E-001 0.16706174E-001 0.16706174E-001 0.13705528E-001
0.13705528E-001 0.13107391E-001 0.13107391E-001
0.15000000E+002 -.38821225E+005 0.77672449E+005 0.77766860E+005 0.77719197E+005 0.34707705E+005 0.32752000E+005 0.32640557E-013 0.13981606E+005 0.32752000E+005
0.10000000E+001
461
0.11191270E+001 0.11496792E+001 0.10562389E+001 0.11395569E+001 0.11805187E+001 -.10125016E+001 -.10126878E+001 -.92669782E+000 -.10050341E+001 -.10171291E+001
-.10106536E+000 -.33471796E+000 -.57705485E+000 0.17768068E+001 0.86160120E+000 0.80877790E+000 0.19122210E+000 0.41709312E+000 0.58290688E+000 0.47475514E+000
0.52524486E+000 0.60304748E+000 0.39695252E+000
0.43080680E-001 0.43358511E-001 0.40090564E-001 0.43519612E-001 0.44996205E-001 0.45055322E-001 0.43783650E-001 0.41440008E-001 0.43528882E-001 0.44247030E-001
0.49140487E-001 0.68940784E-001 0.82965625E-001 0.11816425E+000 0.10421149E+000 0.14511155E-001 0.14511155E-001 0.16761328E-001 0.16761328E-001 0.12253804E-001
0.12253804E-001 0.12967478E-001 0.12967478E-001
0.15000000E+002 -.38752233E+005 0.77534465E+005 0.77628876E+005 0.77581212E+005 0.34647243E+005 0.32752000E+005 0.18041124E-012 0.13863415E+005 0.32752000E+005
0.10000000E+001
462
0.10814966E+001 0.11127137E+001 0.10863285E+001 0.10875267E+001 0.11172861E+001 -.98447814E+000 -.10106717E+001 -.98161271E+000 -.98557007E+000 -.10002084E+001
-.52087365E-001 -.27265989E+000 -.40947345E+000 0.17276283E+001 0.54685971E+000 0.81076190E+000 0.18923810E+000 0.43225421E+000 0.56774579E+000 0.48698110E+000
0.51301890E+000 0.61658031E+000 0.38341969E+000
0.41886060E-001 0.43819997E-001 0.40949156E-001 0.41784661E-001 0.41172660E-001 0.44039093E-001 0.44203118E-001 0.44168834E-001 0.44189463E-001 0.46151391E-001
0.51328203E-001 0.71047867E-001 0.86832109E-001 0.12344655E+000 0.10481082E+000 0.14531374E-001 0.14531374E-001 0.17435893E-001 0.17435893E-001 0.12823351E-001
0.12823351E-001 0.12863602E-001 0.12863602E-001
0.15000000E+002 -.38900760E+005 0.77831520E+005 0.77925930E+005 0.77878267E+005 0.34090879E+005 0.32752000E+005 0.12070883E-006 0.13965713E+005 0.32752000E+005
0.10000000E+001
463
-.10773207E+001 -.10579923E+001 -.10965524E+001 -.10279204E+001 -.10242057E+001 0.10926777E+001 0.10413054E+001 0.10962665E+001 0.10588423E+001 0.10279826E+001
0.40468572E-001 -.15857365E+001 -.21773231E+000 0.19378065E+001 0.65019770E+000 0.58711948E+000 0.41288052E+000 0.16998459E+000 0.83001541E+000 0.51011576E+000
0.48988424E+000 0.38277167E+000 0.61722833E+000
0.42688461E-001 0.42487006E-001 0.44993075E-001 0.42878549E-001 0.42993862E-001 0.41312708E-001 0.39202523E-001 0.40147623E-001 0.38983542E-001 0.38610446E-001
0.48389006E-001 0.96543991E-001 0.59145554E-001 0.12322991E+000 0.10186352E+000 0.16382863E-001 0.16382863E-001 0.13621375E-001 0.13621375E-001 0.12092300E-001
0.12092300E-001 0.11936376E-001 0.11936376E-001
0.15000000E+002 -.38813849E+005 0.77657697E+005 0.77752108E+005 0.77704445E+005 0.33825245E+005 0.32752000E+005 0.16548516E-004 0.13781384E+005 0.32752000E+005
0.10000000E+001
464
0.10715752E+001 0.11121194E+001 0.10404366E+001 0.10545878E+001 0.10667165E+001 -.10749028E+001 -.10328114E+001 -.95862423E+000 -.10564321E+001 -.96774193E+000
-.10606925E+000 -.22287757E+000 -.51749287E+000 0.19373472E+001 0.74610165E+000 0.84741512E+000 0.15258488E+000 0.44451012E+000 0.55548988E+000 0.47350752E+000
0.52649248E+000 0.63528867E+000 0.36471133E+000
0.43590248E-001 0.44484904E-001 0.40550314E-001 0.41268071E-001 0.41790823E-001 0.46518350E-001 0.44696675E-001 0.44764540E-001 0.47078936E-001 0.44359433E-001
0.53005336E-001 0.69485483E-001 0.86812612E-001 0.13286275E+000 0.10603882E+000 0.14208349E-001 0.14208349E-001 0.17157416E-001 0.17157416E-001 0.13214132E-001
0.13214132E-001 0.13351497E-001 0.13351497E-001
0.15000000E+002 -.38863056E+005 0.77756112E+005 0.77850522E+005 0.77802859E+005 0.34595015E+005 0.32752000E+005 0.75905948E-012 0.13952678E+005 0.32752000E+005
0.10000000E+001
465
0.10968237E+001 0.10440459E+001 0.10827326E+001 0.10379610E+001 0.11122015E+001 -.10666750E+001 -.10385530E+001 -.10382803E+001 -.10175307E+001 -.10719742E+001
-.16942266E-001 -.28046430E+000 -.51800924E+000 0.18909801E+001 0.75236464E+000 0.83348299E+000 0.16651701E+000 0.43033995E+000 0.56966005E+000 0.49576453E+000
0.50423547E+000 0.63020397E+000 0.36979603E+000
0.42586040E-001 0.40604222E-001 0.40600240E-001 0.41000870E-001 0.44103516E-001 0.47274644E-001 0.45518046E-001 0.46886625E-001 0.45994698E-001 0.46028163E-001
0.51592387E-001 0.68516168E-001 0.85609044E-001 0.12490321E+000 0.10449372E+000 0.13953728E-001 0.13953728E-001 0.16796566E-001 0.16796566E-001 0.12897171E-001
0.12897171E-001 0.12806678E-001 0.12806678E-001
0.15000000E+002 -.38749294E+005 0.77528587E+005 0.77622998E+005 0.77575334E+005 0.34469199E+005 0.32752000E+005 0.20802915E-010 0.13877423E+005 0.32752000E+005
0.10000000E+001
466
0.11789255E+001 0.10749680E+001 0.10374917E+001 0.10995547E+001 0.11195860E+001 -.10798232E+001 -.98682095E+000 -.10077703E+001 -.10293166E+001 -.10347418E+001
-.91905656E-002 -.45745131E+000 -.44798386E+000 0.19903622E+001 0.71987456E+000 0.82243181E+000 0.17756819E+000 0.38759062E+000 0.61240938E+000 0.49770237E+000
0.50229763E+000 0.60401211E+000 0.39598789E+000
0.42484118E-001 0.39930352E-001 0.39605527E-001 0.40787349E-001 0.40091214E-001 0.46197751E-001 0.43254877E-001 0.42707879E-001 0.43003476E-001 0.44981951E-001
0.48723195E-001 0.69501741E-001 0.77605833E-001 0.12246061E+000 0.10053122E+000 0.13740065E-001 0.13740065E-001 0.16497220E-001 0.16497220E-001 0.12180542E-001
0.12180542E-001 0.12135521E-001 0.12135521E-001
0.15000000E+002 -.38732538E+005 0.77495077E+005 0.77589488E+005 0.77541824E+005 0.34785351E+005 0.32752000E+005 0.34416914E-014 0.13818059E+005 0.32752000E+005
0.10000000E+001
467
0.11037451E+001 0.11011749E+001 0.11166359E+001 0.10324984E+001 0.10653782E+001 -.10464555E+001 -.95076424E+000 -.98752692E+000 -.10239925E+001 -.10110869E+001
-.92941409E-001 -.39257761E+000 -.50942516E+000 0.18437367E+001 0.79140517E+000 0.81017676E+000 0.18982324E+000 0.40309695E+000 0.59690305E+000 0.47678136E+000
0.52321864E+000 0.59718501E+000 0.40281499E+000
0.44573505E-001 0.43829022E-001 0.43877605E-001 0.42307105E-001 0.42237335E-001 0.46010039E-001 0.44266044E-001 0.44764926E-001 0.44894698E-001 0.45103991E-001
0.53833980E-001 0.69692075E-001 0.79318840E-001 0.12398540E+000 0.10317252E+000 0.15104350E-001 0.15104350E-001 0.16768596E-001 0.16768596E-001 0.13429473E-001
0.13429473E-001 0.13438715E-001 0.13438715E-001
0.15000000E+002 -.38903431E+005 0.77836862E+005 0.77931273E+005 0.77883610E+005 0.35004717E+005 0.32752000E+005 0.00000000E+000 0.14110927E+005 0.32752000E+005
0.10000000E+001
468
-.10119705E+001 -.10391055E+001 -.97708833E+000 -.10144716E+001 -.91253806E+000 0.10764636E+001 0.11291550E+001 0.11185548E+001 0.11038070E+001 0.10483660E+001
0.52881880E-001 -.16955704E+001 -.24302882E+000 0.20452547E+001 0.87383157E+000 0.58654102E+000 0.41345898E+000 0.15504468E+000 0.84495532E+000 0.51321739E+000
0.48678261E+000 0.37649611E+000 0.62350389E+000
0.45066180E-001 0.45446817E-001 0.45913821E-001 0.44537028E-001 0.42985201E-001 0.42179300E-001 0.43565849E-001 0.41829616E-001 0.43473780E-001 0.41567389E-001
0.51177347E-001 0.10587039E+000 0.64744520E-001 0.13057225E+000 0.10625522E+000 0.16387154E-001 0.16387154E-001 0.13869638E-001 0.13869638E-001 0.12785396E-001
0.12785396E-001 0.12453643E-001 0.12453643E-001
0.15000000E+002 -.38826879E+005 0.77683757E+005 0.77778168E+005 0.77730505E+005 0.34457627E+005 0.32752000E+005 0.27908231E-010 0.13972654E+005 0.32752000E+005
0.10000000E+001
469
0.10601562E+001 0.10733731E+001 0.10981049E+001 0.10101301E+001 0.10986038E+001 -.10453493E+001 -.10440020E+001 -.99349188E+000 -.10283333E+001 -.10309673E+001
0.21122220E-001 -.30668876E+000 -.35612778E+000 0.19438181E+001 0.62644065E+000 0.83714394E+000 0.16285606E+000 0.42392318E+000 0.57607682E+000 0.50528036E+000
0.49471964E+000 0.63271551E+000 0.36728449E+000
0.38866858E-001 0.39974756E-001 0.40651080E-001 0.39672017E-001 0.40785203E-001 0.47657348E-001 0.45685364E-001 0.45367113E-001 0.44490492E-001 0.46244204E-001
0.51052554E-001 0.70110487E-001 0.81901696E-001 0.12817110E+000 0.10316710E+000 0.13487424E-001 0.13487424E-001 0.17121845E-001 0.17121845E-001 0.12761715E-001
0.12761715E-001 0.12161414E-001 0.12161414E-001
0.15000000E+002 -.38837585E+005 0.77705169E+005 0.77799580E+005 0.77751917E+005 0.33973196E+005 0.32752000E+005 0.12025514E-005 0.13934227E+005 0.32752000E+005
0.10000000E+001
470
-.10079426E+001 -.10516433E+001 -.10434674E+001 -.98898207E+000 -.10449117E+001 0.10717182E+001 0.10875931E+001 0.10566184E+001 0.10612362E+001 0.11249416E+001
0.20698464E-001 -.17280295E+001 -.23238556E+000 0.21136897E+001 0.78788413E+000 0.59523756E+000 0.40476244E+000 0.15083980E+000 0.84916020E+000 0.50517443E+000
0.49482557E+000 0.37533819E+000 0.62466181E+000
0.43386838E-001 0.45060084E-001 0.43432388E-001 0.44213744E-001 0.45882538E-001 0.40596901E-001 0.41654368E-001 0.41122116E-001 0.40281416E-001 0.41364258E-001
0.50591492E-001 0.10382917E+000 0.60713272E-001 0.13203294E+000 0.10386891E+000 0.16691123E-001 0.16691123E-001 0.13299183E-001 0.13299183E-001 0.12646518E-001
0.12646518E-001 0.12095781E-001 0.12095781E-001
0.15000000E+002 -.38775705E+005 0.77581410E+005 0.77675821E+005 0.77628157E+005 0.34383980E+005 0.32752000E+005 0.17354185E-009 0.13831588E+005 0.32752000E+005
0.10000000E+001
471
0.10555270E+001 0.10244353E+001 0.97667658E+000 0.10587577E+001 0.10308457E+001 -.11329209E+001 -.10887659E+001 -.10508573E+001 -.10572789E+001 -.10516321E+001
0.68360239E-001 -.19646412E+000 -.43542483E+000 0.17048479E+001 0.71717734E+000 0.81882156E+000 0.18117844E+000 0.45104134E+000 0.54895866E+000 0.51708341E+000
0.48291659E+000 0.64121439E+000 0.35878561E+000
0.39916237E-001 0.40428311E-001 0.38489139E-001 0.39833381E-001 0.39816355E-001 0.49058873E-001 0.47702737E-001 0.45042153E-001 0.46664089E-001 0.46380565E-001
0.49617893E-001 0.70585853E-001 0.86300988E-001 0.12122550E+000 0.10584315E+000 0.14038540E-001 0.14038540E-001 0.17477273E-001 0.17477273E-001 0.12389993E-001
0.12389993E-001 0.12647974E-001 0.12647974E-001
0.15000000E+002 -.38878573E+005 0.77787147E+005 0.77881557E+005 0.77833894E+005 0.34783332E+005 0.32752000E+005 0.35527137E-014 0.13949663E+005 0.32752000E+005
0.10000000E+001
472
0.98845531E+000 0.10542384E+001 0.10568667E+001 0.10245316E+001 0.10038230E+001 -.10590859E+001 -.10325320E+001 -.10290199E+001 -.10033841E+001 -.10580574E+001
0.36047393E-001 -.29527325E+000 -.55257525E+000 0.19304659E+001 0.87782865E+000 0.83687975E+000 0.16312025E+000 0.42671338E+000 0.57328662E+000 0.50901087E+000
0.49098913E+000 0.63549252E+000 0.36450748E+000
0.41531518E-001 0.41420576E-001 0.41885365E-001 0.39715975E-001 0.40676247E-001 0.47529795E-001 0.48014437E-001 0.47283179E-001 0.47645920E-001 0.47646952E-001
0.55266764E-001 0.72630594E-001 0.84337486E-001 0.12889341E+000 0.10811499E+000 0.13651657E-001 0.13651657E-001 0.17767555E-001 0.17767555E-001 0.13812204E-001
0.13812204E-001 0.13127565E-001 0.13127565E-001
0.15000000E+002 -.38966429E+005 0.77962858E+005 0.78057268E+005 0.78009605E+005 0.34426758E+005 0.32752000E+005 0.60571881E-010 0.14122157E+005 0.32752000E+005
0.10000000E+001
473
-.10374659E+001 -.10282446E+001 -.95539159E+000 -.10150296E+001 -.10360049E+001 0.10505155E+001 0.10505241E+001 0.10550471E+001 0.11121225E+001 0.10811768E+001
-.74683298E-003 -.16183214E+001 -.19934448E+000 0.19797163E+001 0.77241393E+000 0.58937806E+000 0.41062194E+000 0.16543650E+000 0.83456350E+000 0.49981329E+000
0.50018671E+000 0.37732813E+000 0.62267187E+000
0.44641351E-001 0.44463611E-001 0.43222496E-001 0.43718861E-001 0.45388526E-001 0.40542693E-001 0.40782150E-001 0.39694799E-001 0.42872223E-001 0.42522508E-001
0.50053477E-001 0.98727363E-001 0.61712177E-001 0.12697667E+000 0.10659250E+000 0.17470437E-001 0.17470437E-001 0.13631017E-001 0.13631017E-001 0.12513368E-001
0.12513368E-001 0.12746966E-001 0.12746966E-001
0.15000000E+002 -.38878063E+005 0.77786126E+005 0.77880536E+005 0.77832873E+005 0.33645577E+005 0.32752000E+005 0.26736062E-003 0.13888398E+005 0.32752000E+005
0.10000000E+001
474
0.10557684E+001 0.10643868E+001 0.11218647E+001 0.10233740E+001 0.11118929E+001 -.99080164E+000 -.95265737E+000 -.10300363E+001 -.97625006E+000 -.10181733E+001
-.38187480E-001 -.26170536E+000 -.51571338E+000 0.17184685E+001 0.78685436E+000 0.81103711E+000 0.18896289E+000 0.43494454E+000 0.56505546E+000 0.49045429E+000
0.50954571E+000 0.61940075E+000 0.38059925E+000
0.41688334E-001 0.41581275E-001 0.43472703E-001 0.40670366E-001 0.44424663E-001 0.45738702E-001 0.45048020E-001 0.47059837E-001 0.46117730E-001 0.46635136E-001
0.54966483E-001 0.70167613E-001 0.88009161E-001 0.12231698E+000 0.10647313E+000 0.14538094E-001 0.14538094E-001 0.17244939E-001 0.17244939E-001 0.13736612E-001
0.13736612E-001 0.13146689E-001 0.13146689E-001
0.15000000E+002 -.38955960E+005 0.77941920E+005 0.78036331E+005 0.77988667E+005 0.34980018E+005 0.32752000E+005 0.00000000E+000 0.14069127E+005 0.32752000E+005
0.10000000E+001
475
0.10514346E+001 0.11541026E+001 0.11401284E+001 0.10669793E+001 0.10648466E+001 -.10121733E+001 -.10260563E+001 -.10395585E+001 -.98584453E+000 -.93967927E+000
0.47587952E-002 -.42174189E+000 -.56375090E+000 0.19981841E+001 0.83600451E+000 0.82870006E+000 0.17129994E+000 0.39610001E+000 0.60389999E+000 0.50118970E+000
0.49881030E+000 0.61291469E+000 0.38708531E+000
0.40628360E-001 0.42316750E-001 0.42330215E-001 0.42574637E-001 0.40294679E-001 0.43936890E-001 0.45496581E-001 0.45715472E-001 0.40608969E-001 0.44191644E-001
0.50385835E-001 0.69260467E-001 0.80860422E-001 0.12876919E+000 0.10470301E+000 0.14753615E-001 0.14753615E-001 0.16567436E-001 0.16567436E-001 0.12596387E-001
0.12596387E-001 0.12907236E-001 0.12907236E-001
0.15000000E+002 -.38816627E+005 0.77663254E+005 0.77757665E+005 0.77710002E+005 0.34539069E+005 0.32752000E+005 0.33967273E-011 0.13953089E+005 0.32752000E+005
0.10000000E+001
476
-.10329469E+001 -.10056913E+001 -.11019301E+001 -.10358147E+001 -.10157013E+001 0.11004364E+001 0.11190739E+001 0.10295791E+001 0.11240646E+001 0.10740340E+001
0.50310902E-001 -.15756052E+001 -.20818602E+000 0.18800770E+001 0.67939929E+000 0.57553532E+000 0.42446468E+000 0.17141879E+000 0.82858121E+000 0.51257507E+000
0.48742493E+000 0.37855885E+000 0.62144115E+000
0.45857580E-001 0.44785383E-001 0.47076847E-001 0.44826394E-001 0.45052334E-001 0.41641347E-001 0.42173467E-001 0.41475829E-001 0.43740577E-001 0.41664124E-001
0.49314442E-001 0.10028791E+000 0.63700469E-001 0.12535301E+000 0.10489548E+000 0.17153496E-001 0.17153496E-001 0.14244331E-001 0.14244331E-001 0.12320812E-001
0.12320812E-001 0.12952721E-001 0.12952721E-001
0.15000000E+002 -.38722972E+005 0.77475944E+005 0.77570355E+005 0.77522692E+005 0.34599812E+005 0.32752000E+005 0.66624484E-012 0.13850325E+005 0.32752000E+005
0.10000000E+001
477
0.10291442E+001 0.11115012E+001 0.10661385E+001 0.10142894E+001 0.10477442E+001 -.10468742E+001 -.10693569E+001 -.10315979E+001 -.10445709E+001 -.11495569E+001
-.44606785E-001 -.22943042E+000 -.55449735E+000 0.17102385E+001 0.78316361E+000 0.81469460E+000 0.18530540E+000 0.44289268E+000 0.55710732E+000 0.48885015E+000
0.51114985E+000 0.62464810E+000 0.37535190E+000
0.41366933E-001 0.42993893E-001 0.40110803E-001 0.40755028E-001 0.41782260E-001 0.43506859E-001 0.46070811E-001 0.46508526E-001 0.43665904E-001 0.46666925E-001
0.52005795E-001 0.67289127E-001 0.82012757E-001 0.12128908E+000 0.10398584E+000 0.14601178E-001 0.14601178E-001 0.16602835E-001 0.16602835E-001 0.12994983E-001
0.12994983E-001 0.12739943E-001 0.12739943E-001
0.15000000E+002 -.38802193E+005 0.77634385E+005 0.77728796E+005 0.77681133E+005 0.34333752E+005 0.32752000E+005 0.57868210E-009 0.13864130E+005 0.32752000E+005
0.10000000E+001
478
0.11303027E+001 0.11280105E+001 0.11368912E+001 0.10976975E+001 0.11261209E+001 -.10047028E+001 -.98052343E+000 -.94098183E+000 -.10306811E+001 -.10066436E+001
-.24513527E-001 -.43202947E+000 -.51087509E+000 0.17336691E+001 0.66265919E+000 0.78611080E+000 0.21388920E+000 0.39364182E+000 0.60635818E+000 0.49387193E+000
0.50612807E+000 0.58747123E+000 0.41252877E+000
0.42155613E-001 0.42403032E-001 0.42994181E-001 0.42192976E-001 0.43164594E-001 0.44653482E-001 0.41871234E-001 0.42290024E-001 0.43442302E-001 0.42004963E-001
0.51577572E-001 0.72739745E-001 0.79344088E-001 0.11771562E+000 0.10216432E+000 0.14496673E-001 0.14496673E-001 0.17362100E-001 0.17362100E-001 0.12892456E-001
0.12892456E-001 0.12888221E-001 0.12888221E-001
0.15000000E+002 -.38825849E+005 0.77681698E+005 0.77776109E+005 0.77728445E+005 0.34448482E+005 0.32752000E+005 0.35157321E-010 0.13961400E+005 0.32752000E+005
0.10000000E+001
479
0.10939653E+001 0.11129196E+001 0.11250969E+001 0.10759542E+001 0.10833834E+001 -.98844137E+000 -.10050771E+001 -.94751276E+000 -.94536242E+000 -.96381502E+000
-.68435884E-002 -.35236422E+000 -.64839874E+000 0.18530553E+001 0.87625510E+000 0.81767752E+000 0.18232248E+000 0.41280922E+000 0.58719078E+000 0.49828911E+000
0.50171089E+000 0.61455069E+000 0.38544931E+000
0.41304408E-001 0.42843149E-001 0.44690571E-001 0.41250916E-001 0.41719256E-001 0.46006116E-001 0.45569511E-001 0.42155252E-001 0.44264433E-001 0.44868809E-001
0.49751145E-001 0.74023915E-001 0.85812554E-001 0.12383775E+000 0.10784326E+000 0.14188988E-001 0.14188988E-001 0.17943232E-001 0.17943232E-001 0.12437641E-001
0.12437641E-001 0.13212401E-001 0.13212401E-001
0.15000000E+002 -.38918090E+005 0.77866180E+005 0.77960591E+005 0.77912927E+005 0.35137536E+005 0.32752000E+005 0.00000000E+000 0.14104103E+005 0.32752000E+005
0.10000000E+001
480
-.10017116E+001 -.96957211E+000 -.95069115E+000 -.98620379E+000 -.10501979E+001 0.11296535E+001 0.11132552E+001 0.11102746E+001 0.11293153E+001 0.11250010E+001
0.77947804E-001 -.16497756E+001 -.22029026E+000 0.19222022E+001 0.94629585E+000 0.56768854E+000 0.43231146E+000 0.16113928E+000 0.83886072E+000 0.51947709E+000
0.48052291E+000 0.37233231E+000 0.62766769E+000
0.44292586E-001 0.43405774E-001 0.41758305E-001 0.42129155E-001 0.43551698E-001 0.40832090E-001 0.41554743E-001 0.42334653E-001 0.42343504E-001 0.41389650E-001
0.50126843E-001 0.10278944E+000 0.59247839E-001 0.12757807E+000 0.10684050E+000 0.16220132E-001 0.16220132E-001 0.13894400E-001 0.13894400E-001 0.12512695E-001
0.12512695E-001 0.12098392E-001 0.12098392E-001
0.15000000E+002 -.38735049E+005 0.77500098E+005 0.77594509E+005 0.77546846E+005 0.34475185E+005 0.32752000E+005 0.17857271E-010 0.13805195E+005 0.32752000E+005
0.10000000E+001
481
0.10870798E+001 0.10575121E+001 0.11189159E+001 0.10882003E+001 0.11364030E+001 -.10285556E+001 -.10141573E+001 -.10077513E+001 -.10944718E+001 -.10630824E+001
0.11818592E-001 -.43298401E+000 -.57438471E+000 0.21582749E+001 0.89566225E+000 0.84880908E+000 0.15119092E+000 0.39341400E+000 0.60658600E+000 0.50295461E+000
0.49704539E+000 0.62245706E+000 0.37754294E+000
0.39130355E-001 0.37947356E-001 0.38405892E-001 0.40597590E-001 0.41497070E-001 0.42640818E-001 0.42241525E-001 0.42909017E-001 0.44254938E-001 0.43611722E-001
0.48146351E-001 0.68130983E-001 0.78422645E-001 0.12795494E+000 0.10224226E+000 0.13091430E-001 0.13091430E-001 0.16258739E-001 0.16258739E-001 0.12036167E-001
0.12036167E-001 0.11867519E-001 0.11867519E-001
0.15000000E+002 -.38645340E+005 0.77320681E+005 0.77415092E+005 0.77367428E+005 0.33720319E+005 0.32752000E+005 0.88642824E-004 0.13754604E+005 0.32752000E+005
0.10000000E+001
482
0.10978755E+001 0.10739456E+001 0.11138845E+001 0.10335853E+001 0.11030032E+001 -.10625419E+001 -.10449194E+001 -.10222596E+001 -.10731116E+001 -.10608879E+001
0.15735285E-001 -.33347643E+000 -.42826510E+000 0.19905567E+001 0.66454836E+000 0.83984567E+000 0.16015433E+000 0.41739500E+000 0.58260500E+000 0.50393374E+000
0.49606626E+000 0.63028214E+000 0.36971786E+000
0.40246438E-001 0.39970908E-001 0.40201591E-001 0.39668181E-001 0.40100865E-001 0.45069819E-001 0.43873177E-001 0.43460791E-001 0.44133236E-001 0.44366611E-001
0.48175937E-001 0.67954601E-001 0.80726960E-001 0.12560875E+000 0.10249761E+000 0.13426666E-001 0.13426666E-001 0.16524956E-001 0.16524956E-001 0.12043239E-001
0.12043239E-001 0.11982165E-001 0.11982165E-001
0.15000000E+002 -.38691313E+005 0.77412626E+005 0.77507037E+005 0.77459374E+005 0.33900704E+005 0.32752000E+005 0.45106219E-005 0.13716787E+005 0.32752000E+005
0.10000000E+001
483
-.99767979E+000 -.10340083E+001 -.10065612E+001 -.10118858E+001 -.97493820E+000 0.10857223E+001 0.11665841E+001 0.11332511E+001 0.10465100E+001 0.10354462E+001
0.48367842E-001 -.15250481E+001 -.19274080E+000 0.19511909E+001 0.62693792E+000 0.60495223E+000 0.39504777E+000 0.17871936E+000 0.82128064E+000 0.51208960E+000
0.48791040E+000 0.39698878E+000 0.60301122E+000
0.43645414E-001 0.45100521E-001 0.43651539E-001 0.44631863E-001 0.41076070E-001 0.41287183E-001 0.44185372E-001 0.43205258E-001 0.39721136E-001 0.42838146E-001
0.50942286E-001 0.97653860E-001 0.63997496E-001 0.12598211E+000 0.10208634E+000 0.16984952E-001 0.16984952E-001 0.14333512E-001 0.14333512E-001 0.12728126E-001
0.12728126E-001 0.12815908E-001 0.12815908E-001
0.15000000E+002 -.38859304E+005 0.77748608E+005 0.77843019E+005 0.77795356E+005 0.33859701E+005 0.32752000E+005 0.92295435E-005 0.13964590E+005 0.32752000E+005
0.10000000E+001
484
-.10236564E+001 -.10218145E+001 -.10481797E+001 -.98329819E+000 -.10390770E+001 0.10881726E+001 0.10397812E+001 0.11196968E+001 0.10628190E+001 0.10823279E+001
0.38618835E-001 -.15580404E+001 -.44999386E-001 0.19344452E+001 0.43628484E+000 0.59300568E+000 0.40699432E+000 0.17392801E+000 0.82607199E+000 0.50965351E+000
0.49034649E+000 0.38751241E+000 0.61248759E+000
0.43099927E-001 0.42592148E-001 0.43622920E-001 0.42021557E-001 0.43374321E-001 0.40815192E-001 0.40314648E-001 0.40504920E-001 0.40434814E-001 0.41304362E-001
0.49642537E-001 0.97463061E-001 0.62978386E-001 0.12699157E+000 0.10179948E+000 0.17039676E-001 0.17039676E-001 0.14003206E-001 0.14003206E-001 0.12406008E-001
0.12406008E-001 0.12332822E-001 0.12332822E-001
0.15000000E+002 -.38875977E+005 0.77781953E+005 0.77876364E+005 0.77828701E+005 0.33390577E+005 0.32752000E+005 0.65393511E-002 0.13898376E+005 0.32752000E+005
0.10000000E+001
485
0.10303853E+001 0.10900048E+001 0.10828419E+001 0.10894853E+001 0.11025886E+001 -.10201900E+001 -.97122360E+000 -.10468651E+001 -.10933104E+001 -.10533567E+001
-.23388929E-001 -.33293856E+000 -.45188122E+000 0.18536602E+001 0.72898215E+000 0.82064473E+000 0.17935527E+000 0.41752580E+000 0.58247420E+000 0.49415303E+000
0.50584697E+000 0.61672824E+000 0.38327176E+000
0.40436643E-001 0.40553418E-001 0.42388347E-001 0.42992337E-001 0.43170518E-001 0.45566495E-001 0.45595498E-001 0.46355897E-001 0.46558418E-001 0.45620669E-001
0.52799782E-001 0.68915203E-001 0.82347401E-001 0.12332749E+000 0.10319232E+000 0.14493018E-001 0.14493018E-001 0.16760040E-001 0.16760040E-001 0.13198140E-001
0.13198140E-001 0.13095321E-001 0.13095321E-001
0.15000000E+002 -.38785703E+005 0.77601407E+005 0.77695818E+005 0.77648154E+005 0.34710193E+005 0.32752000E+005 0.30420111E-013 0.13853889E+005 0.32752000E+005
0.10000000E+001
486
-.10028503E+001 -.11060385E+001 -.10016172E+001 -.10624407E+001 -.10464762E+001 0.11212008E+001 0.10805006E+001 0.10268386E+001 0.10906001E+001 0.10440950E+001
-.76334653E-002 -.17294338E+001 -.27629744E+000 0.19785204E+001 0.72360454E+000 0.56195167E+000 0.43804833E+000 0.15066002E+000 0.84933998E+000 0.49809164E+000
0.50190836E+000 0.35552095E+000 0.64447905E+000
0.43804301E-001 0.45321216E-001 0.43482244E-001 0.45317203E-001 0.44888390E-001 0.40037004E-001 0.40878316E-001 0.38473214E-001 0.39997393E-001 0.38804483E-001
0.50479319E-001 0.10260441E+000 0.57565681E-001 0.12823272E+000 0.10358610E+000 0.16402487E-001 0.16402487E-001 0.13129422E-001 0.13129422E-001 0.12619646E-001
0.12619646E-001 0.11803927E-001 0.11803927E-001
0.15000000E+002 -.38760613E+005 0.77551226E+005 0.77645637E+005 0.77597974E+005 0.33625882E+005 0.32752000E+005 0.35313731E-003 0.13732408E+005 0.32752000E+005
0.10000000E+001
487
-.99073154E+000 -.10552718E+001 -.10806612E+001 -.10063116E+001 -.94519778E+000 0.11255415E+001 0.11121566E+001 0.10888480E+001 0.10806669E+001 0.10554663E+001
0.66642679E-001 -.16555666E+001 -.30729669E+000 0.19852952E+001 0.82377928E+000 0.58169334E+000 0.41830666E+000 0.16035803E+000 0.83964197E+000 0.51665451E+000
0.48334549E+000 0.37804281E+000 0.62195719E+000
0.46244398E-001 0.45477615E-001 0.47676729E-001 0.45619652E-001 0.43009249E-001 0.42621982E-001 0.43747204E-001 0.42283281E-001 0.41856812E-001 0.41038366E-001
0.53739260E-001 0.10534375E+000 0.62473670E-001 0.13018666E+000 0.10420254E+000 0.16269648E-001 0.16269648E-001 0.14183834E-001 0.14183834E-001 0.13419909E-001
0.13419909E-001 0.12625436E-001 0.12625436E-001
0.15000000E+002 -.38755629E+005 0.77541257E+005 0.77635668E+005 0.77588005E+005 0.34295968E+005 0.32752000E+005 0.13999255E-008 0.13844403E+005 0.32752000E+005
0.10000000E+001
488
0.10780128E+001 0.10543635E+001 0.10884845E+001 0.10204980E+001 0.10454929E+001 -.10466205E+001 -.10308444E+001 -.10342113E+001 -.11330402E+001 -.10535688E+001
-.16888461E-001 -.20888970E+000 -.53501078E+000 0.19287384E+001 0.81193336E+000 0.84810935E+000 0.15189065E+000 0.44796664E+000 0.55203336E+000 0.49577799E+000
0.50422201E+000 0.64634859E+000 0.35365141E+000
0.40641838E-001 0.39646660E-001 0.39344610E-001 0.39987854E-001 0.40538880E-001 0.44863538E-001 0.45962845E-001 0.46958225E-001 0.46127892E-001 0.45021429E-001
0.51079866E-001 0.66234784E-001 0.85774826E-001 0.12784091E+000 0.10616466E+000 0.13145754E-001 0.13145754E-001 0.16379367E-001 0.16379367E-001 0.12769056E-001
0.12769056E-001 0.11797939E-001 0.11797939E-001
0.15000000E+002 -.38765842E+005 0.77561685E+005 0.77656096E+005 0.77608432E+005 0.35148103E+005 0.32752000E+005 0.00000000E+000 0.13884748E+005 0.32752000E+005
0.10000000E+001
489
-.97874688E+000 -.10029931E+001 -.99452124E+000 -.97841456E+000 -.99958079E+000 0.11125666E+001 0.11379983E+001 0.11470886E+001 0.10788051E+001 0.10875781E+001
0.68917302E-001 -.16333773E+001 -.34686619E+000 0.20210038E+001 0.94710831E+000 0.59571121E+000 0.40428879E+000 0.16336823E+000 0.83663177E+000 0.51722251E+000
0.48277749E+000 0.38698575E+000 0.61301425E+000
0.42673198E-001 0.43393118E-001 0.42998030E-001 0.43871424E-001 0.42554264E-001 0.41175759E-001 0.41215897E-001 0.41448826E-001 0.39330124E-001 0.40698639E-001
0.50769485E-001 0.10163536E+000 0.60237111E-001 0.13097305E+000 0.10383342E+000 0.17031736E-001 0.17031736E-001 0.13891425E-001 0.13891425E-001 0.12677312E-001
0.12677312E-001 0.12517056E-001 0.12517056E-001
0.15000000E+002 -.38783208E+005 0.77596417E+005 0.77690827E+005 0.77643164E+005 0.34229649E+005 0.32752000E+005 0.62977925E-008 0.13890485E+005 0.32752000E+005
0.10000000E+001
490
0.10802537E+001 0.10855057E+001 0.10756943E+001 0.98166373E+000 0.10885362E+001 -.10114723E+001 -.11079372E+001 -.10090478E+001 -.97816479E+000 -.10246727E+001
-.29615535E-001 -.29595582E+000 -.44096698E+000 0.18473997E+001 0.76316378E+000 0.82512218E+000 0.17487782E+000 0.42654641E+000 0.57345359E+000 0.49259666E+000
0.50740334E+000 0.62288350E+000 0.37711650E+000
0.41418081E-001 0.43402184E-001 0.40153792E-001 0.38628252E-001 0.41799256E-001 0.45413101E-001 0.46030967E-001 0.44802054E-001 0.44136834E-001 0.45692137E-001
0.51809745E-001 0.67978924E-001 0.80650276E-001 0.12460335E+000 0.10419718E+000 0.14688781E-001 0.14688781E-001 0.16627956E-001 0.16627956E-001 0.12949597E-001
0.12949597E-001 0.13083922E-001 0.13083922E-001
0.15000000E+002 -.38894190E+005 0.77818380E+005 0.77912791E+005 0.77865128E+005 0.34404048E+005 0.32752000E+005 0.10624190E-009 0.14031769E+005 0.32752000E+005
0.10000000E+001
491
0.11026063E+001 0.10871220E+001 0.11181208E+001 0.10944913E+001 0.10609729E+001 -.98624358E+000 -.96833406E+000 -.99707678E+000 -.97073204E+000 -.10044406E+001
-.75935555E-001 -.49341187E+000 -.59503584E+000 0.20557923E+001 0.98031558E+000 0.82669466E+000 0.17330534E+000 0.37909015E+000 0.62090985E+000 0.48102523E+000
0.51897477E+000 0.59439921E+000 0.40560079E+000
0.41820614E-001 0.42077322E-001 0.43368804E-001 0.41526388E-001 0.41569390E-001 0.45918384E-001 0.43151436E-001 0.42413963E-001 0.43605730E-001 0.43835292E-001
0.50755975E-001 0.73871159E-001 0.86304613E-001 0.12826181E+000 0.10723858E+000 0.14167265E-001 0.14167265E-001 0.17387853E-001 0.17387853E-001 0.12670720E-001
0.12670720E-001 0.13177687E-001 0.13177687E-001
0.15000000E+002 -.38874845E+005 0.77779690E+005 0.77874101E+005 0.77826437E+005 0.34229938E+005 0.32752000E+005 0.62575402E-008 0.13944199E+005 0.32752000E+005
0.10000000E+001
492
0.10961216E+001 0.10600786E+001 0.11006623E+001 0.10817647E+001 0.10580579E+001 -.10265953E+001 -.10426469E+001 -.10602287E+001 -.10642539E+001 -.98307258E+000
-.68215622E-001 -.40853596E+000 -.54165053E+000 0.21509922E+001 0.83219751E+000 0.85099879E+000 0.14900121E+000 0.39926322E+000 0.60073678E+000 0.48295270E+000
0.51704730E+000 0.61743014E+000 0.38256986E+000
0.43201788E-001 0.40990063E-001 0.40435616E-001 0.41572172E-001 0.41512860E-001 0.44099334E-001 0.44699517E-001 0.47635816E-001 0.46123964E-001 0.43189399E-001
0.50194758E-001 0.67539945E-001 0.84853869E-001 0.13175606E+000 0.10433276E+000 0.13548106E-001 0.13548106E-001 0.16199598E-001 0.16199598E-001 0.12534102E-001
0.12534102E-001 0.12292423E-001 0.12292423E-001
0.15000000E+002 -.38740249E+005 0.77510498E+005 0.77604909E+005 0.77557245E+005 0.35036959E+005 0.32752000E+005 0.00000000E+000 0.13934127E+005 0.32752000E+005
0.10000000E+001
493
-.98917456E+000 -.97298889E+000 -.10359045E+001 -.99363534E+000 -.10260038E+001 0.10466194E+001 0.10374137E+001 0.11074063E+001 0.10466182E+001 0.10664119E+001
0.57544951E-001 -.12780423E+001 -.37568913E+000 0.16692446E+001 0.83489801E+000 0.59657210E+000 0.40342790E+000 0.21788365E+000 0.78211635E+000 0.51438227E+000
0.48561773E+000 0.41267427E+000 0.58732573E+000
0.45749126E-001 0.44643674E-001 0.47467553E-001 0.44881941E-001 0.46338297E-001 0.42868141E-001 0.43322343E-001 0.44636943E-001 0.43867093E-001 0.44078269E-001
0.54724908E-001 0.91991392E-001 0.65770499E-001 0.11915580E+000 0.10515199E+000 0.17277364E-001 0.17277364E-001 0.15676287E-001 0.15676287E-001 0.13669907E-001
0.13669907E-001 0.13833899E-001 0.13833899E-001
0.15000000E+002 -.39017482E+005 0.78064965E+005 0.78159376E+005 0.78111712E+005 0.34337032E+005 0.32752000E+005 0.53546390E-009 0.14157445E+005 0.32752000E+005
0.10000000E+001
494
-.10826818E+001 -.10878677E+001 -.10131934E+001 -.10694390E+001 -.10676753E+001 0.10286368E+001 0.10688543E+001 0.10211238E+001 0.10360517E+001 0.10573721E+001
-.28544973E-001 -.16169831E+001 -.39916687E+000 0.19522932E+001 0.83090105E+000 0.58305084E+000 0.41694916E+000 0.16562136E+000 0.83437864E+000 0.49286424E+000
0.50713576E+000 0.37135742E+000 0.62864258E+000
0.46854076E-001 0.48986661E-001 0.46620502E-001 0.47431229E-001 0.48238901E-001 0.41948490E-001 0.40232798E-001 0.39367983E-001 0.40471413E-001 0.40597392E-001
0.53191384E-001 0.99815875E-001 0.61759931E-001 0.12574199E+000 0.10322171E+000 0.16971244E-001 0.16971244E-001 0.13793648E-001 0.13793648E-001 0.13295137E-001
0.13295137E-001 0.12893683E-001 0.12893683E-001
0.15000000E+002 -.38818734E+005 0.77667468E+005 0.77761878E+005 0.77714215E+005 0.34579302E+005 0.32752000E+005 0.11611823E-011 0.13918252E+005 0.32752000E+005
0.10000000E+001
495
-.10881383E+001 -.10751468E+001 -.10486452E+001 -.10530400E+001 -.10062405E+001 0.11113979E+001 0.11077155E+001 0.10696355E+001 0.10749890E+001 0.10735560E+001
0.20950441E-001 -.15210556E+001 -.33126195E+000 0.17895476E+001 0.78909658E+000 0.56672266E+000 0.43327734E+000 0.17930613E+000 0.82069387E+000 0.50523742E+000
0.49476258E+000 0.37504346E+000 0.62495654E+000
0.44423495E-001 0.45431893E-001 0.45285326E-001 0.45358664E-001 0.43288283E-001 0.42127807E-001 0.41117480E-001 0.39237275E-001 0.39097526E-001 0.40299868E-001
0.49702567E-001 0.93885545E-001 0.60822391E-001 0.11898177E+000 0.10182695E+000 0.16017051E-001 0.16017051E-001 0.13815769E-001 0.13815769E-001 0.12424278E-001
0.12424278E-001 0.11858396E-001 0.11858396E-001
0.15000000E+002 -.38707671E+005 0.77445342E+005 0.77539753E+005 0.77492090E+005 0.34132451E+005 0.32752000E+005 0.51222760E-007 0.13751589E+005 0.32752000E+005
0.10000000E+001
496
-.10568411E+001 -.96126769E+000 -.10437037E+001 -.10223814E+001 -.10156375E+001 0.11936566E+001 0.11020053E+001 0.11620641E+001 0.10878554E+001 0.11538669E+001
0.86261258E-001 -.15374778E+001 -.17163636E+000 0.19128116E+001 0.68216339E+000 0.59274720E+000 0.40725280E+000 0.17690223E+000 0.82309777E+000 0.52155195E+000
0.47844805E+000 0.39378699E+000 0.60621301E+000
0.45395802E-001 0.42697864E-001 0.44669161E-001 0.42158300E-001 0.45022101E-001 0.44193543E-001 0.42108222E-001 0.44801861E-001 0.43435395E-001 0.42657044E-001
0.50461614E-001 0.96820266E-001 0.60152318E-001 0.12155364E+000 0.10042998E+000 0.16251267E-001 0.16251267E-001 0.14097789E-001 0.14097789E-001 0.12591965E-001
0.12591965E-001 0.12593423E-001 0.12593423E-001
0.15000000E+002 -.38597851E+005 0.77225702E+005 0.77320113E+005 0.77272450E+005 0.34518257E+005 0.32752000E+005 0.58678618E-011 0.13645135E+005 0.32752000E+005
0.10000000E+001
497
-.10700100E+001 -.10594823E+001 -.10614353E+001 -.98940606E+000 -.10453148E+001 0.10201332E+001 0.10191153E+001 0.10704291E+001 0.10324500E+001 0.98543158E+000
0.64672742E-001 -.15894758E+001 -.31165917E+000 0.18762600E+001 0.95301980E+000 0.57120867E+000 0.42879133E+000 0.16945766E+000 0.83054234E+000 0.51616255E+000
0.48383745E+000 0.37682648E+000 0.62317352E+000
0.45908536E-001 0.45010784E-001 0.48267720E-001 0.44906789E-001 0.44714912E-001 0.40974946E-001 0.41213927E-001 0.41478390E-001 0.40596463E-001 0.41031554E-001
0.51478964E-001 0.10348006E+000 0.61753051E-001 0.12804804E+000 0.10834261E+000 0.17338172E-001 0.17338172E-001 0.14563965E-001 0.14563965E-001 0.12856293E-001
0.12856293E-001 0.13380593E-001 0.13380593E-001
0.15000000E+002 -.38964289E+005 0.77958578E+005 0.78052989E+005 0.78005325E+005 0.34568242E+005 0.32752000E+005 0.15630830E-011 0.14098323E+005 0.32752000E+005
0.10000000E+001
498
0.10547589E+001 0.11701783E+001 0.11059333E+001 0.10831329E+001 0.11018063E+001 -.96295076E+000 -.99549305E+000 -.10352737E+001 -.98307341E+000 -.10179066E+001
-.81954701E-001 -.27054413E+000 -.53173397E+000 0.18716596E+001 0.80085870E+000 0.83217423E+000 0.16782577E+000 0.43277352E+000 0.56722648E+000 0.47952278E+000
0.52047722E+000 0.62429526E+000 0.37570474E+000
0.41617009E-001 0.43126148E-001 0.44142205E-001 0.41380428E-001 0.43196121E-001 0.43235219E-001 0.45768468E-001 0.45658802E-001 0.45537743E-001 0.45132517E-001
0.53970234E-001 0.66950510E-001 0.80154389E-001 0.12768838E+000 0.10385379E+000 0.14561739E-001 0.14561739E-001 0.16435051E-001 0.16435051E-001 0.13469928E-001
0.13469928E-001 0.12995813E-001 0.12995813E-001
0.15000000E+002 -.38794881E+005 0.77619762E+005 0.77714173E+005 0.77666510E+005 0.34778482E+005 0.32752000E+005 0.41078252E-014 0.13876352E+005 0.32752000E+005
0.10000000E+001
499
-.10312636E+001 -.10276056E+001 -.10367576E+001 -.10789765E+001 -.10816571E+001 0.10268373E+001 0.10740444E+001 0.10681006E+001 0.10921831E+001 0.10871616E+001
-.55873642E-001 -.17141952E+001 -.28256859E+000 0.19857449E+001 0.79516396E+000 0.56747332E+000 0.43252668E+000 0.15262037E+000 0.84737963E+000 0.48603522E+000
0.51396478E+000 0.35425352E+000 0.64574648E+000
0.44605204E-001 0.46658458E-001 0.43755287E-001 0.45331686E-001 0.46762809E-001 0.38961140E-001 0.38329225E-001 0.40390918E-001 0.40838892E-001 0.39930514E-001
0.47909913E-001 0.10035506E+000 0.61728984E-001 0.12557098E+000 0.10480310E+000 0.17183255E-001 0.17183255E-001 0.12978658E-001 0.12978658E-001 0.11968135E-001
0.11968135E-001 0.12291746E-001 0.12291746E-001
0.15000000E+002 -.38740721E+005 0.77511442E+005 0.77605853E+005 0.77558189E+005 0.34502224E+005 0.32752000E+005 0.89057650E-011 0.13858172E+005 0.32752000E+005
0.10000000E+001
500
0.11183361E+001 0.10918276E+001 0.11313451E+001 0.10976231E+001 0.11024804E+001 -.97306283E+000 -.10003461E+001 -.99589225E+000 -.10170178E+001 -.98491827E+000
-.71045518E-001 -.45301285E+000 -.70669792E+000 0.21565400E+001 0.94090147E+000 0.84599483E+000 0.15400517E+000 0.38864467E+000 0.61135533E+000 0.48224609E+000
0.51775391E+000 0.60920000E+000 0.39080000E+000
0.42104312E-001 0.40865076E-001 0.43004256E-001 0.41517732E-001 0.39737126E-001 0.41410376E-001 0.42014907E-001 0.40336676E-001 0.41636205E-001 0.43913382E-001
0.49221275E-001 0.66603521E-001 0.84453292E-001 0.13103837E+000 0.10569612E+000 0.13651232E-001 0.13651232E-001 0.15824996E-001 0.15824996E-001 0.12289804E-001
0.12289804E-001 0.11732125E-001 0.11732125E-001
0.15000000E+002 -.38772436E+005 0.77574871E+005 0.77669282E+005 0.77621619E+005 0.34020243E+005 0.32752000E+005 0.49071442E-006 0.13767705E+005 0.32752000E+005
0.10000000E+001
501
0.10621499E+001 0.10611958E+001 0.11015457E+001 0.10767250E+001 0.11370162E+001 -.10309167E+001 -.10164380E+001 -.98697834E+000 -.96478101E+000 -.96787715E+000
-.92016016E-001 -.41029851E+000 -.49724717E+000 0.19802603E+001 0.72665632E+000 0.82777816E+000 0.17222184E+000 0.39884055E+000 0.60115945E+000 0.47701221E+000
0.52298779E+000 0.60344903E+000 0.39655097E+000
0.43503733E-001 0.41680612E-001 0.43372478E-001 0.41892700E-001 0.44276361E-001 0.43982188E-001 0.45850210E-001 0.43407363E-001 0.44232640E-001 0.45449208E-001
0.52987722E-001 0.68249667E-001 0.81763076E-001 0.12735534E+000 0.10295372E+000 0.14556114E-001 0.14556114E-001 0.16364002E-001 0.16364002E-001 0.13218930E-001
0.13218930E-001 0.12934465E-001 0.12934465E-001
0.15000000E+002 -.38904176E+005 0.77838353E+005 0.77932764E+005 0.77885100E+005 0.35306353E+005 0.32752000E+005 0.00000000E+000 0.14115687E+005 0.32752000E+005
0.10000000E+001
502
0.10442413E+001 0.10686488E+001 0.10744142E+001 0.10801170E+001 0.10717697E+001 -.10029791E+001 -.10547685E+001 -.10150314E+001 -.10010385E+001 -.99881073E+000
-.15991101E-001 -.32521082E+000 -.52295791E+000 0.19862855E+001 0.93143425E+000 0.84038221E+000 0.15961779E+000 0.41940636E+000 0.58059364E+000 0.49600231E+000
0.50399769E+000 0.62821135E+000 0.37178865E+000
0.39692146E-001 0.40829601E-001 0.40439451E-001 0.40683102E-001 0.41801610E-001 0.46116368E-001 0.46272619E-001 0.46976502E-001 0.45371544E-001 0.44126342E-001
0.53176395E-001 0.69208756E-001 0.85144387E-001 0.12875064E+000 0.10653764E+000 0.13669883E-001 0.13669883E-001 0.16852655E-001 0.16852655E-001 0.13293249E-001
0.13293249E-001 0.12622502E-001 0.12622502E-001
0.15000000E+002 -.38864338E+005 0.77758677E+005 0.77853087E+005 0.77805424E+005 0.34765674E+005 0.32752000E+005 0.61062266E-014 0.13997914E+005 0.32752000E+005
0.10000000E+001
503
-.11089472E+001 -.97868228E+000 -.10362714E+001 -.10356614E+001 -.10629600E+001 0.11279161E+001 0.10775564E+001 0.10704964E+001 0.10890050E+001 0.10852542E+001
0.58253640E-001 -.17155889E+001 -.25919802E+000 0.20882918E+001 0.83158954E+000 0.59211194E+000 0.40788806E+000 0.15244021E+000 0.84755979E+000 0.51455929E+000
0.48544071E+000 0.37867738E+000 0.62132262E+000
0.45615963E-001 0.43141157E-001 0.44222680E-001 0.44074505E-001 0.44391114E-001 0.42475765E-001 0.40612410E-001 0.40408943E-001 0.40948941E-001 0.41108352E-001
0.49280009E-001 0.10721196E+000 0.60240862E-001 0.13023393E+000 0.10309611E+000 0.15954860E-001 0.15954860E-001 0.13852020E-001 0.13852020E-001 0.12309556E-001
0.12309556E-001 0.12225951E-001 0.12225951E-001
0.15000000E+002 -.38673589E+005 0.77377177E+005 0.77471588E+005 0.77423925E+005 0.34272337E+005 0.32752000E+005 0.24087030E-008 0.13791903E+005 0.32752000E+005
0.10000000E+001
504
0.10964175E+001 0.10847049E+001 0.11107935E+001 0.10354804E+001 0.10729398E+001 -.10003682E+001 -.10655927E+001 -.10863271E+001 -.99004656E+000 -.10340594E+001
-.32453507E-001 -.35320584E+000 -.60193870E+000 0.21991097E+001 0.89912661E+000 0.86364545E+000 0.13635455E+000 0.41260523E+000 0.58739477E+000 0.49188734E+000
0.50811266E+000 0.63446620E+000 0.36553380E+000
0.40442297E-001 0.38870752E-001 0.40861017E-001 0.39210506E-001 0.38771437E-001 0.42885091E-001 0.46172197E-001 0.46521713E-001 0.41550615E-001 0.44888935E-001
0.49500183E-001 0.68987565E-001 0.86449392E-001 0.13619970E+000 0.10612467E+000 0.12850363E-001 0.12850363E-001 0.16719975E-001 0.16719975E-001 0.12371788E-001
0.12371788E-001 0.11975319E-001 0.11975319E-001
0.15000000E+002 -.38719770E+005 0.77469540E+005 0.77563950E+005 0.77516287E+005 0.33924470E+005 0.32752000E+005 0.29474572E-005 0.13716840E+005 0.32752000E+005
0.10000000E+001
505
-.99740288E+000 -.10605751E+001 -.10391773E+001 -.10645234E+001 -.10672253E+001 0.10133217E+001 0.10709242E+001 0.10788337E+001 0.10552762E+001 0.10703264E+001
0.87017353E-001 -.15629591E+001 -.13895891E+000 0.19074489E+001 0.64526428E+000 0.58528074E+000 0.41471926E+000 0.17322245E+000 0.82677755E+000 0.52174062E+000
0.47825938E+000 0.38821000E+000 0.61179000E+000
0.42617958E-001 0.44410825E-001 0.43366416E-001 0.44987159E-001 0.43473127E-001 0.39636801E-001 0.40730988E-001 0.41052424E-001 0.40476431E-001 0.41936833E-001
0.50846267E-001 0.97942495E-001 0.62965870E-001 0.12623214E+000 0.10228849E+000 0.16244750E-001 0.16244750E-001 0.14026975E-001 0.14026975E-001 0.12687534E-001
0.12687534E-001 0.11867931E-001 0.11867931E-001
0.15000000E+002 -.38867409E+005 0.77764817E+005 0.77859228E+005 0.77811565E+005 0.33652585E+005 0.32752000E+005 0.24185189E-003 0.13847439E+005 0.32752000E+005
0.10000000E+001
506
0.10615945E+001 0.11000787E+001 0.10706693E+001 0.10813830E+001 0.10639392E+001 -.99650594E+000 -.10539415E+001 -.10372342E+001 -.97582687E+000 -.10107623E+001
-.68963420E-001 -.27623060E+000 -.65748549E+000 0.17731693E+001 0.95423413E+000 0.81711745E+000 0.18288255E+000 0.43137814E+000 0.56862186E+000 0.48276597E+000
0.51723403E+000 0.61759995E+000 0.38240005E+000
0.40991893E-001 0.42102124E-001 0.41056299E-001 0.42180988E-001 0.41267670E-001 0.43089837E-001 0.44776283E-001 0.45153129E-001 0.42605078E-001 0.46206520E-001
0.52304663E-001 0.68852632E-001 0.84892626E-001 0.12286029E+000 0.10642127E+000 0.14014855E-001 0.14014855E-001 0.16888934E-001 0.16888934E-001 0.13060631E-001
0.13060631E-001 0.12320094E-001 0.12320094E-001
0.15000000E+002 -.38876645E+005 0.77783290E+005 0.77877700E+005 0.77830037E+005 0.34310300E+005 0.32752000E+005 0.10036164E-008 0.14131924E+005 0.32752000E+005
0.10000000E+001
507
0.10960959E+001 0.10803110E+001 0.10870799E+001 0.11065524E+001 0.10970109E+001 -.96965709E+000 -.99744782E+000 -.94778134E+000 -.10755482E+001 -.10300285E+001
-.87726325E-001 -.29472382E+000 -.61244595E+000 0.18259247E+001 0.94081498E+000 0.82218195E+000 0.17781805E+000 0.42684779E+000 0.57315221E+000 0.47808247E+000
0.52191753E+000 0.61585012E+000 0.38414988E+000
0.40907721E-001 0.43503139E-001 0.41339558E-001 0.41844386E-001 0.43246764E-001 0.44872245E-001 0.42632139E-001 0.43757800E-001 0.46632428E-001 0.44358275E-001
0.50412082E-001 0.68231330E-001 0.84069227E-001 0.12265242E+000 0.10563669E+000 0.14226501E-001 0.14226501E-001 0.16692710E-001 0.16692710E-001 0.12578804E-001
0.12578804E-001 0.12660324E-001 0.12660324E-001
0.15000000E+002 -.38829619E+005 0.77689238E+005 0.77783649E+005 0.77735985E+005 0.34352493E+005 0.32752000E+005 0.37069658E-009 0.13947247E+005 0.32752000E+005
0.10000000E+001
508
0.10518606E+001 0.10610889E+001 0.10451815E+001 0.10240820E+001 0.10586043E+001 -.10013207E+001 -.96519196E+000 -.10503944E+001 -.97776566E+000 -.10652100E+001
0.35833280E-002 -.27761036E+000 -.44123805E+000 0.18223010E+001 0.63041816E+000 0.82414557E+000 0.17585443E+000 0.43103973E+000 0.56896027E+000 0.50089583E+000
0.49910417E+000 0.62794481E+000 0.37205519E+000
0.40848684E-001 0.39096709E-001 0.42111970E-001 0.40658610E-001 0.42428983E-001 0.45581695E-001 0.45896883E-001 0.44500942E-001 0.43499536E-001 0.45885302E-001
0.50389133E-001 0.71882082E-001 0.85230479E-001 0.12721808E+000 0.10624563E+000 0.14406180E-001 0.14406180E-001 0.17628684E-001 0.17628684E-001 0.12597243E-001
0.12597243E-001 0.12912537E-001 0.12912537E-001
0.15000000E+002 -.39007862E+005 0.78045724E+005 0.78140135E+005 0.78092472E+005 0.33847635E+005 0.32752000E+005 0.11344283E-004 0.14176425E+005 0.32752000E+005
0.10000000E+001
509
0.10606144E+001 0.97514596E+000 0.95398092E+000 0.10482970E+001 0.10841751E+001 -.10817695E+001 -.11133895E+001 -.10956571E+001 -.99680471E+000 -.10666785E+001
0.27289374E-001 -.21540050E+000 -.37704293E+000 0.17147942E+001 0.64625920E+000 0.81748403E+000 0.18251597E+000 0.44635712E+000 0.55364288E+000 0.50682192E+000
0.49317808E+000 0.63445237E+000 0.36554763E+000
0.40245149E-001 0.40636241E-001 0.40126605E-001 0.39821526E-001 0.41912467E-001 0.48839241E-001 0.46986403E-001 0.45449160E-001 0.47247271E-001 0.47287718E-001
0.52875070E-001 0.71581823E-001 0.83820426E-001 0.12302911E+000 0.10471423E+000 0.14207184E-001 0.14207184E-001 0.17689475E-001 0.17689475E-001 0.13216307E-001
0.13216307E-001 0.13028444E-001 0.13028444E-001
0.15000000E+002 -.38914405E+005 0.77858810E+005 0.77953221E+005 0.77905557E+005 0.34337994E+005 0.32752000E+005 0.52340854E-009 0.13984962E+005 0.32752000E+005
0.10000000E+001
510
0.10400887E+001 0.99642140E+000 0.10191190E+001 0.10340166E+001 0.10421333E+001 -.11450216E+001 -.99314951E+000 -.10501773E+001 -.10368400E+001 -.10589428E+001
0.65845569E-001 -.24372195E+000 -.51232418E+000 0.19817450E+001 0.82880749E+000 0.85043578E+000 0.14956422E+000 0.43936934E+000 0.56063066E+000 0.51645545E+000
0.48354455E+000 0.65166684E+000 0.34833316E+000
0.40528126E-001 0.38306982E-001 0.38201420E-001 0.39244482E-001 0.40934049E-001 0.49499081E-001 0.45682196E-001 0.48311979E-001 0.45972445E-001 0.45227221E-001
0.52553423E-001 0.68900584E-001 0.85261744E-001 0.13194729E+000 0.10686455E+000 0.13419937E-001 0.13419937E-001 0.16971862E-001 0.16971862E-001 0.13124125E-001
0.13124125E-001 0.12261906E-001 0.12261906E-001
0.15000000E+002 -.38885807E+005 0.77801613E+005 0.77896024E+005 0.77848361E+005 0.33342354E+005 0.32752000E+005 0.10851648E-001 0.13892738E+005 0.32752000E+005
0.10000000E+001
511
0.10982939E+001 0.10772706E+001 0.10190170E+001 0.11267790E+001 0.10759576E+001 -.10562939E+001 -.99625183E+000 -.10161477E+001 -.10348248E+001 -.10164328E+001
-.56137752E-001 -.36131263E+000 -.39217179E+000 0.17274552E+001 0.64490460E+000 0.79675621E+000 0.20324379E+000 0.41064185E+000 0.58935815E+000 0.48596925E+000
0.51403075E+000 0.59828156E+000 0.40171844E+000
0.42855682E-001 0.42826593E-001 0.42594837E-001 0.44506907E-001 0.42699947E-001 0.46980551E-001 0.45731665E-001 0.44400648E-001 0.46391603E-001 0.46482031E-001
0.50974549E-001 0.70747938E-001 0.85872281E-001 0.11799041E+000 0.10373914E+000 0.14943943E-001 0.14943943E-001 0.17122071E-001 0.17122071E-001 0.12733602E-001
0.12733602E-001 0.13373418E-001 0.13373418E-001
0.15000000E+002 -.38867036E+005 0.77764072E+005 0.77858483E+005 0.77810819E+005 0.34767765E+005 0.32752000E+005 0.56621374E-014 0.14022920E+005 0.32752000E+005
0.10000000E+001
512
0.10827049E+001 0.10697916E+001 0.10212697E+001 0.10965780E+001 0.10792968E+001 -.10668961E+001 -.10369730E+001 -.97166902E+000 -.10182490E+001 -.10579617E+001
0.79555457E-002 -.29870628E+000 -.50028644E+000 0.19543669E+001 0.84736149E+000 0.83965464E+000 0.16034536E+000 0.42587378E+000 0.57412622E+000 0.50198888E+000
0.49801112E+000 0.63358716E+000 0.36641284E+000
0.40271775E-001 0.39561041E-001 0.39482736E-001 0.40584150E-001 0.41426457E-001 0.47326055E-001 0.47094400E-001 0.43210110E-001 0.45088786E-001 0.45847974E-001
0.52139770E-001 0.71324366E-001 0.84632593E-001 0.12903638E+000 0.10572302E+000 0.13500132E-001 0.13500132E-001 0.17439186E-001 0.17439186E-001 0.13034736E-001
0.13034736E-001 0.12620305E-001 0.12620305E-001
0.15000000E+002 -.38811666E+005 0.77653331E+005 0.77747742E+005 0.77700079E+005 0.34785697E+005 0.32752000E+005 0.33306691E-014 0.13909971E+005 0.32752000E+005
0.10000000E+001
513
0.11020020E+001 0.10678547E+001 0.11381368E+001 0.10426205E+001 0.11151954E+001 -.10316841E+001 -.88453676E+000 -.10302107E+001 -.98353596E+000 -.10056138E+001
-.25410647E-001 -.33379603E+000 -.56945590E+000 0.20614615E+001 0.86880065E+000 0.84911357E+000 0.15088643E+000 0.41731728E+000 0.58268272E+000 0.49364768E+000
0.50635232E+000 0.63047252E+000 0.36952748E+000
0.42993117E-001 0.39655943E-001 0.41058741E-001 0.39025554E-001 0.40381634E-001 0.43578685E-001 0.42595057E-001 0.46184226E-001 0.44642192E-001 0.45492363E-001
0.50986118E-001 0.69726556E-001 0.89229861E-001 0.13250550E+000 0.10717779E+000 0.13286004E-001 0.13286004E-001 0.16954958E-001 0.16954958E-001 0.12744472E-001
0.12744472E-001 0.12112889E-001 0.12112889E-001
0.15000000E+002 -.38839365E+005 0.77708730E+005 0.77803141E+005 0.77755477E+005 0.34406082E+005 0.32752000E+005 0.10105605E-009 0.14013328E+005 0.32752000E+005
0.10000000E+001
514
0.10766285E+001 0.10710539E+001 0.10768297E+001 0.10940295E+001 0.10995477E+001 -.10484853E+001 -.10122848E+001 -.96839631E+000 -.97512488E+000 -.10738274E+001
-.39016577E-001 -.27231092E+000 -.60023152E+000 0.16862511E+001 0.83798104E+000 0.80438667E+000 0.19561333E+000 0.43233986E+000 0.56766014E+000 0.49024709E+000
0.50975291E+000 0.61473472E+000 0.38526528E+000
0.42000390E-001 0.42822256E-001 0.40622455E-001 0.42257511E-001 0.41191286E-001 0.45115455E-001 0.43433141E-001 0.43064128E-001 0.43627519E-001 0.46197866E-001
0.52372022E-001 0.69164299E-001 0.81855378E-001 0.12031037E+000 0.10537668E+000 0.14834141E-001 0.14834141E-001 0.16974448E-001 0.16974448E-001 0.13088024E-001
0.13088024E-001 0.12999675E-001 0.12999675E-001
0.15000000E+002 -.38866189E+005 0.77762377E+005 0.77856788E+005 0.77809125E+005 0.33832464E+005 0.32752000E+005 0.14662766E-004 0.13867211E+005 0.32752000E+005
0.10000000E+001
515
-.10399414E+001 -.96316313E+000 -.10741116E+001 -.10948107E+001 -.10605322E+001 0.99411813E+000 0.94999190E+000 0.10130648E+001 0.10437799E+001 0.10746236E+001
-.10182015E-001 -.15745307E+001 -.28822229E+000 0.18084715E+001 0.73307286E+000 0.55821992E+000 0.44178008E+000 0.17157147E+000 0.82842853E+000 0.49745452E+000
0.50254548E+000 0.36391149E+000 0.63608851E+000
0.46676811E-001 0.44626208E-001 0.47485278E-001 0.48951836E-001 0.50536926E-001 0.41983478E-001 0.39260491E-001 0.41439753E-001 0.41120354E-001 0.41195290E-001
0.52731084E-001 0.98944660E-001 0.64408830E-001 0.12373042E+000 0.10759965E+000 0.17146928E-001 0.17146928E-001 0.14063469E-001 0.14063469E-001 0.13182429E-001
0.13182429E-001 0.12962915E-001 0.12962915E-001
0.15000000E+002 -.39009199E+005 0.78048398E+005 0.78142808E+005 0.78095145E+005 0.34440252E+005 0.32752000E+005 0.43235415E-010 0.14074047E+005 0.32752000E+005
0.10000000E+001
516
-.11017137E+001 -.10451494E+001 -.10750862E+001 -.10623611E+001 -.10439451E+001 0.10402142E+001 0.96225118E+000 0.10800278E+001 0.10123535E+001 0.10254273E+001
0.39211883E-001 -.16696976E+001 -.31532593E+000 0.19267336E+001 0.93197594E+000 0.56390752E+000 0.43609248E+000 0.15846450E+000 0.84153550E+000 0.50980171E+000
0.49019829E+000 0.36516005E+000 0.63483995E+000
0.45595420E-001 0.44930851E-001 0.46871363E-001 0.43989106E-001 0.45703217E-001 0.40756921E-001 0.38459502E-001 0.41239864E-001 0.42128359E-001 0.38989058E-001
0.50048243E-001 0.10637939E+000 0.62092962E-001 0.12988811E+000 0.10773944E+000 0.16744717E-001 0.16744717E-001 0.14186064E-001 0.14186064E-001 0.12507252E-001
0.12507252E-001 0.12655010E-001 0.12655010E-001
0.15000000E+002 -.38883723E+005 0.77797446E+005 0.77891856E+005 0.77844193E+005 0.33985571E+005 0.32752000E+005 0.95275091E-006 0.13997813E+005 0.32752000E+005
0.10000000E+001
517
-.10321553E+001 -.10854708E+001 -.10590679E+001 -.10564293E+001 -.10542305E+001 0.10532181E+001 0.10601141E+001 0.10726530E+001 0.10164801E+001 0.10613741E+001
-.31818289E-001 -.14494899E+001 -.21935771E+000 0.17112839E+001 0.56363130E+000 0.56507723E+000 0.43492277E+000 0.19008008E+000 0.80991992E+000 0.49204610E+000
0.50795390E+000 0.37459596E+000 0.62540404E+000
0.46567816E-001 0.45689928E-001 0.46166134E-001 0.46411370E-001 0.46946809E-001 0.40218189E-001 0.42489137E-001 0.41624408E-001 0.39881394E-001 0.41682294E-001
0.50144891E-001 0.95207172E-001 0.61291623E-001 0.11998513E+000 0.10340546E+000 0.17329692E-001 0.17329692E-001 0.14657110E-001 0.14657110E-001 0.12533050E-001
0.12533050E-001 0.13159689E-001 0.13159689E-001
0.15000000E+002 -.38856097E+005 0.77742194E+005 0.77836605E+005 0.77788942E+005 0.34283220E+005 0.32752000E+005 0.18778372E-008 0.13920462E+005 0.32752000E+005
0.10000000E+001
518
0.11424759E+001 0.10433911E+001 0.11029428E+001 0.10889947E+001 0.10913746E+001 -.98676055E+000 -.99055492E+000 -.10269610E+001 -.10044625E+001 -.97642241E+000
-.26564240E-001 -.32240875E+000 -.42801925E+000 0.17417785E+001 0.63589565E+000 0.80523959E+000 0.19476041E+000 0.42008883E+000 0.57991117E+000 0.49335933E+000
0.50664067E+000 0.61010655E+000 0.38989345E+000
0.42810835E-001 0.40855099E-001 0.42022735E-001 0.40303414E-001 0.41025785E-001 0.43536443E-001 0.43456307E-001 0.44126434E-001 0.45723594E-001 0.43474027E-001
0.51357896E-001 0.69377934E-001 0.82599899E-001 0.12040377E+000 0.10381641E+000 0.14316099E-001 0.14316099E-001 0.16901450E-001 0.16901450E-001 0.12837209E-001
0.12837209E-001 0.12392943E-001 0.12392943E-001
0.15000000E+002 -.38901657E+005 0.77833313E+005 0.77927724E+005 0.77880061E+005 0.34641829E+005 0.32752000E+005 0.20972113E-012 0.14036201E+005 0.32752000E+005
0.10000000E+001
519
0.10811477E+001 0.11297076E+001 0.11127866E+001 0.11154239E+001 0.11019151E+001 -.92405270E+000 -.94805863E+000 -.97100162E+000 -.97895966E+000 -.10145719E+001
-.11260833E+000 -.27651619E+000 -.58301234E+000 0.17501217E+001 0.83214371E+000 0.81360478E+000 0.18639522E+000 0.43130808E+000 0.56869192E+000 0.47187763E+000
0.52812237E+000 0.61170534E+000 0.38829466E+000
0.43813380E-001 0.43814508E-001 0.43346912E-001 0.44882814E-001 0.43423403E-001 0.42669646E-001 0.45606977E-001 0.46010913E-001 0.43863874E-001 0.45894996E-001
0.54806630E-001 0.71675917E-001 0.84828806E-001 0.12637454E+000 0.10650301E+000 0.14897678E-001 0.14897678E-001 0.17580771E-001 0.17580771E-001 0.13658313E-001
0.13658313E-001 0.13524413E-001 0.13524413E-001
0.15000000E+002 -.38907937E+005 0.77845873E+005 0.77940284E+005 0.77892621E+005 0.33938194E+005 0.32752000E+005 0.22972520E-005 0.14007026E+005 0.32752000E+005
0.10000000E+001
520
-.94792750E+000 -.10841391E+001 -.10520187E+001 -.99060486E+000 -.10130174E+001 0.11368101E+001 0.11421946E+001 0.11130706E+001 0.10945008E+001 0.10818102E+001
0.84703232E-001 -.15419825E+001 -.25417657E+000 0.18425507E+001 0.65957879E+000 0.57458141E+000 0.42541859E+000 0.17624727E+000 0.82375273E+000 0.52116316E+000
0.47883684E+000 0.38384435E+000 0.61615565E+000
0.43636805E-001 0.46738797E-001 0.47363927E-001 0.43498403E-001 0.44663330E-001 0.42810129E-001 0.44234089E-001 0.41392167E-001 0.41976198E-001 0.41507344E-001
0.51947335E-001 0.98500852E-001 0.60452205E-001 0.12294814E+000 0.10204665E+000 0.16358483E-001 0.16358483E-001 0.14300764E-001 0.14300764E-001 0.12963567E-001
0.12963567E-001 0.12702147E-001 0.12702147E-001
0.15000000E+002 -.38713272E+005 0.77456544E+005 0.77550955E+005 0.77503292E+005 0.34988014E+005 0.32752000E+005 0.00000000E+000 0.13916532E+005 0.32752000E+005
0.10000000E+001
521
0.10946035E+001 0.11545963E+001 0.10870969E+001 0.10972158E+001 0.10621099E+001 -.10076851E+001 -.98945343E+000 -.96894937E+000 -.10150838E+001 -.96783021E+000
-.81729507E-001 -.30851470E+000 -.57165443E+000 0.20947673E+001 0.80110857E+000 0.85646722E+000 0.14353278E+000 0.42347733E+000 0.57652267E+000 0.47957899E+000
0.52042101E+000 0.63113018E+000 0.36886982E+000
0.42800508E-001 0.43764738E-001 0.41045724E-001 0.42211559E-001 0.42717839E-001 0.45223875E-001 0.46055961E-001 0.45018822E-001 0.44643749E-001 0.42499386E-001
0.52560014E-001 0.67049325E-001 0.85798620E-001 0.13587014E+000 0.10623391E+000 0.13836371E-001 0.13836371E-001 0.16369709E-001 0.16369709E-001 0.13118085E-001
0.13118085E-001 0.12655115E-001 0.12655115E-001
0.15000000E+002 -.38795318E+005 0.77620635E+005 0.77715046E+005 0.77667383E+005 0.34374050E+005 0.32752000E+005 0.22079372E-009 0.13946042E+005 0.32752000E+005
0.10000000E+001
522
0.11196494E+001 0.10914374E+001 0.11883869E+001 0.11376250E+001 0.11175878E+001 -.98804104E+000 -.96378987E+000 -.10151944E+001 -.10113482E+001 -.10592722E+001
-.72336578E-001 -.23677518E+000 -.50850643E+000 0.16676271E+001 0.70291634E+000 0.80703403E+000 0.19296597E+000 0.44108121E+000 0.55891879E+000 0.48192374E+000
0.51807626E+000 0.61744256E+000 0.38255744E+000
0.43244711E-001 0.41422867E-001 0.44486086E-001 0.41454219E-001 0.43624579E-001 0.44346704E-001 0.43571097E-001 0.45064024E-001 0.45296271E-001 0.44887527E-001
0.51050557E-001 0.68484846E-001 0.82196966E-001 0.11818282E+000 0.10285923E+000 0.14230397E-001 0.14230397E-001 0.16883472E-001 0.16883472E-001 0.12745958E-001
0.12745958E-001 0.12596035E-001 0.12596035E-001
0.15000000E+002 -.38695783E+005 0.77421567E+005 0.77515977E+005 0.77468314E+005 0.34662915E+005 0.32752000E+005 0.11635137E-012 0.13942300E+005 0.32752000E+005
0.10000000E+001
523
0.10620876E+001 0.10708284E+001 0.10087411E+001 0.10254459E+001 0.10378009E+001 -.11246149E+001 -.10835150E+001 -.10537605E+001 -.10616032E+001 -.10727020E+001
-.39772167E-001 -.22512860E+000 -.42657146E+000 0.17048287E+001 0.76560263E+000 0.81452728E+000 0.18547272E+000 0.44395436E+000 0.55604564E+000 0.49005827E+000
0.50994173E+000 0.62555668E+000 0.37444332E+000
0.40995712E-001 0.40502389E-001 0.39579691E-001 0.41187587E-001 0.40088960E-001 0.46788816E-001 0.47721412E-001 0.45540293E-001 0.44314246E-001 0.45865877E-001
0.50911645E-001 0.67956107E-001 0.80679964E-001 0.11885267E+000 0.10276922E+000 0.14026670E-001 0.14026670E-001 0.16775569E-001 0.16775569E-001 0.12722879E-001
0.12722879E-001 0.12445790E-001 0.12445790E-001
0.15000000E+002 -.38826511E+005 0.77683022E+005 0.77777433E+005 0.77729770E+005 0.33866011E+005 0.32752000E+005 0.82790083E-005 0.13793894E+005 0.32752000E+005
0.10000000E+001
524
0.10927742E+001 0.10856379E+001 0.10210601E+001 0.10485673E+001 0.10603347E+001 -.10503266E+001 -.10985431E+001 -.99573885E+000 -.10298579E+001 -.10493610E+001
0.30704795E-001 -.35428987E+000 -.57303705E+000 0.20576225E+001 0.81453693E+000 0.84596950E+000 0.15403050E+000 0.41234253E+000 0.58765747E+000 0.50767560E+000
0.49232440E+000 0.63248436E+000 0.36751564E+000
0.40937717E-001 0.42536026E-001 0.39172569E-001 0.40016925E-001 0.40547237E-001 0.45625448E-001 0.45946480E-001 0.44521975E-001 0.45452556E-001 0.45226160E-001
0.50422866E-001 0.69639879E-001 0.84134717E-001 0.12932755E+000 0.10463446E+000 0.13400619E-001 0.13400619E-001 0.16874869E-001 0.16874869E-001 0.12602746E-001
0.12602746E-001 0.12368766E-001 0.12368766E-001
0.15000000E+002 -.38790165E+005 0.77610329E+005 0.77704740E+005 0.77657077E+005 0.34912143E+005 0.32752000E+005 0.11102230E-015 0.13852509E+005 0.32752000E+005
0.10000000E+001
525
0.10449105E+001 0.11267070E+001 0.11137414E+001 0.11141309E+001 0.11341115E+001 -.10309101E+001 -.10044555E+001 -.96413475E+000 -.10473727E+001 -.10395192E+001
-.70626674E-001 -.45380050E+000 -.61928866E+000 0.21674443E+001 0.95146882E+000 0.84730830E+000 0.15269170E+000 0.38845754E+000 0.61154246E+000 0.48235067E+000
0.51764933E+000 0.60978451E+000 0.39021549E+000
0.40129474E-001 0.41143359E-001 0.40590883E-001 0.41685752E-001 0.42565478E-001 0.43570924E-001 0.44255768E-001 0.42621540E-001 0.43666867E-001 0.43200559E-001
0.49435516E-001 0.67804184E-001 0.83797718E-001 0.12980925E+000 0.10464628E+000 0.13434864E-001 0.13434864E-001 0.16107445E-001 0.16107445E-001 0.12343480E-001
0.12343480E-001 0.12056080E-001 0.12056080E-001
0.15000000E+002 -.38690419E+005 0.77410838E+005 0.77505249E+005 0.77457586E+005 0.33506028E+005 0.32752000E+005 0.17143709E-002 0.13639343E+005 0.32752000E+005
0.10000000E+001
526
0.98706397E+000 0.10447101E+001 0.10082494E+001 0.10193319E+001 0.10175714E+001 -.10841981E+001 -.11277031E+001 -.11059568E+001 -.11046201E+001 -.10737295E+001
0.89053690E-001 -.16365242E+000 -.46304717E+000 0.18088245E+001 0.81025891E+000 0.83823748E+000 0.16176252E+000 0.45917796E+000 0.54082204E+000 0.52224872E+000
0.47775128E+000 0.65714131E+000 0.34285869E+000
0.37518086E-001 0.37450932E-001 0.37807878E-001 0.39416793E-001 0.37375624E-001 0.45910945E-001 0.48925069E-001 0.47209243E-001 0.45372083E-001 0.46433609E-001
0.48760080E-001 0.69755957E-001 0.86052876E-001 0.12369975E+000 0.10693989E+000 0.13178826E-001 0.13178826E-001 0.17322745E-001 0.17322745E-001 0.12165883E-001
0.12165883E-001 0.12070095E-001 0.12070095E-001
0.15000000E+002 -.38837203E+005 0.77704406E+005 0.77798817E+005 0.77751154E+005 0.33716259E+005 0.32752000E+005 0.94304818E-004 0.13713860E+005 0.32752000E+005
0.10000000E+001
527
-.10242885E+001 -.11208974E+001 -.10218962E+001 -.10478135E+001 -.11007520E+001 0.10625101E+001 0.10814045E+001 0.10275696E+001 0.10668523E+001 0.11150819E+001
-.73218845E-001 -.15992683E+001 -.27770617E+000 0.18831664E+001 0.79726683E+000 0.57050164E+000 0.42949836E+000 0.16808390E+000 0.83191610E+000 0.48170346E+000
0.51829654E+000 0.36192992E+000 0.63807008E+000
0.45687935E-001 0.49120161E-001 0.44885858E-001 0.48251546E-001 0.48418899E-001 0.39733739E-001 0.41419815E-001 0.41383890E-001 0.39483263E-001 0.42234066E-001
0.50828123E-001 0.94594912E-001 0.62965521E-001 0.12100909E+000 0.10481412E+000 0.16615684E-001 0.16615684E-001 0.13227368E-001 0.13227368E-001 0.12690015E-001
0.12690015E-001 0.12053128E-001 0.12053128E-001
0.15000000E+002 -.38692174E+005 0.77414347E+005 0.77508758E+005 0.77461095E+005 0.34595650E+005 0.32752000E+005 0.74606987E-012 0.13813132E+005 0.32752000E+005
0.10000000E+001
528
0.10946270E+001 0.10364469E+001 0.11035668E+001 0.10813940E+001 0.11022807E+001 -.97991085E+000 -.99807251E+000 -.99089927E+000 -.10281807E+001 -.10359072E+001
-.79082746E-001 -.41918455E+000 -.59556231E+000 0.20447994E+001 0.81795218E+000 0.83556803E+000 0.16443197E+000 0.39671190E+000 0.60328810E+000 0.48023961E+000
0.51976039E+000 0.60746799E+000 0.39253201E+000
0.42656388E-001 0.41137637E-001 0.41858262E-001 0.40916356E-001 0.44656904E-001 0.43528319E-001 0.42447246E-001 0.44970794E-001 0.44861500E-001 0.43052360E-001
0.49213278E-001 0.71488127E-001 0.85095887E-001 0.12989007E+000 0.10590428E+000 0.14151359E-001 0.14151359E-001 0.17109365E-001 0.17109365E-001 0.12284103E-001
0.12284103E-001 0.12902018E-001 0.12902018E-001
0.15000000E+002 -.38854385E+005 0.77738770E+005 0.77833181E+005 0.77785518E+005 0.34437063E+005 0.32752000E+005 0.46832094E-010 0.13889234E+005 0.32752000E+005
0.10000000E+001
529
0.10645014E+001 0.10594917E+001 0.10374076E+001 0.10629018E+001 0.10531949E+001 -.10368870E+001 -.10280646E+001 -.98964585E+000 -.10512204E+001 -.10703041E+001
0.99604796E-002 -.33206922E+000 -.33144267E+000 0.20480069E+001 0.55708207E+000 0.84760484E+000 0.15239516E+000 0.41773723E+000 0.58226277E+000 0.50249010E+000
0.49750990E+000 0.63374145E+000 0.36625855E+000
0.43291275E-001 0.39842846E-001 0.39828859E-001 0.41846234E-001 0.40725165E-001 0.45250568E-001 0.47155768E-001 0.45926042E-001 0.45797771E-001 0.46501848E-001
0.53117150E-001 0.71029140E-001 0.82388681E-001 0.13399729E+000 0.10304623E+000 0.13837289E-001 0.13837289E-001 0.17276619E-001 0.17276619E-001 0.13278958E-001
0.13278958E-001 0.12942278E-001 0.12942278E-001
0.15000000E+002 -.38863195E+005 0.77756390E+005 0.77850801E+005 0.77803138E+005 0.34859671E+005 0.32752000E+005 0.33306691E-015 0.14061628E+005 0.32752000E+005
0.10000000E+001
530
0.10954339E+001 0.10532211E+001 0.10550711E+001 0.11478142E+001 0.10729341E+001 -.10589802E+001 -.11060855E+001 -.10115928E+001 -.11069071E+001 -.10716805E+001
-.12149235E-001 -.18469889E+000 -.47217604E+000 0.16990663E+001 0.75075161E+000 0.81970755E+000 0.18029245E+000 0.45395610E+000 0.54604390E+000 0.49696273E+000
0.50303727E+000 0.63572094E+000 0.36427906E+000
0.38455552E-001 0.38971519E-001 0.38838225E-001 0.40623109E-001 0.39869387E-001 0.45006787E-001 0.45897395E-001 0.42214846E-001 0.45844192E-001 0.43429745E-001
0.47825684E-001 0.66582533E-001 0.80698989E-001 0.11949529E+000 0.10285974E+000 0.13993903E-001 0.13993903E-001 0.16504476E-001 0.16504476E-001 0.11955980E-001
0.11955980E-001 0.12049200E-001 0.12049200E-001
0.15000000E+002 -.38678314E+005 0.77386628E+005 0.77481039E+005 0.77433375E+005 0.33728577E+005 0.32752000E+005 0.78097519E-004 0.13570422E+005 0.32752000E+005
0.10000000E+001
531
0.10673470E+001 0.10591464E+001 0.10240352E+001 0.10644294E+001 0.11159799E+001 -.10324974E+001 -.10196967E+001 -.99503020E+000 -.10887825E+001 -.93669753E+000
-.34669870E-001 -.30256992E+000 -.49858255E+000 0.18323446E+001 0.68936252E+000 0.82197334E+000 0.17802666E+000 0.42492936E+000 0.57507064E+000 0.49133340E+000
0.50866660E+000 0.62001033E+000 0.37998967E+000
0.41459760E-001 0.40420110E-001 0.40442901E-001 0.41682979E-001 0.41162251E-001 0.43890408E-001 0.44425608E-001 0.42521914E-001 0.45302465E-001 0.42924386E-001
0.51284305E-001 0.67462193E-001 0.84766382E-001 0.12562255E+000 0.10533745E+000 0.14483655E-001 0.14483655E-001 0.16485358E-001 0.16485358E-001 0.12817224E-001
0.12817224E-001 0.12315447E-001 0.12315447E-001
0.15000000E+002 -.38930010E+005 0.77890021E+005 0.77984432E+005 0.77936768E+005 0.34106808E+005 0.32752000E+005 0.87158375E-007 0.13957406E+005 0.32752000E+005
0.10000000E+001
532
0.10561956E+001 0.10598086E+001 0.10961661E+001 0.11166311E+001 0.10843493E+001 -.99221360E+000 -.10373877E+001 -.10439195E+001 -.10489785E+001 -.10206635E+001
-.69093527E-002 -.35125474E+000 -.53041995E+000 0.18429748E+001 0.77319443E+000 0.81633630E+000 0.18366370E+000 0.41307818E+000 0.58692182E+000 0.49827267E+000
0.50172733E+000 0.61401068E+000 0.38598932E+000
0.42412553E-001 0.42095913E-001 0.42890868E-001 0.42983708E-001 0.42492401E-001 0.43514899E-001 0.46177323E-001 0.46264910E-001 0.46479578E-001 0.45151529E-001
0.52112730E-001 0.67849334E-001 0.84077330E-001 0.12368209E+000 0.10365219E+000 0.15006875E-001 0.15006875E-001 0.16449704E-001 0.16449704E-001 0.13028027E-001
0.13028027E-001 0.13118527E-001 0.13118527E-001
0.15000000E+002 -.38803253E+005 0.77636506E+005 0.77730917E+005 0.77683254E+005 0.34812660E+005 0.32752000E+005 0.14432899E-014 0.13959319E+005 0.32752000E+005
0.10000000E+001
533
-.10526782E+001 -.10042385E+001 -.97675739E+000 -.99802845E+000 -.98919616E+000 0.10737060E+001 0.10280959E+001 0.10164996E+001 0.10675645E+001 0.10243536E+001
-.41325791E-001 -.18553447E+001 -.35170871E+000 0.21595810E+001 0.97140351E+000 0.57547780E+000 0.42452220E+000 0.13524659E+000 0.86475341E+000 0.48967002E+000
0.51032998E+000 0.35081461E+000 0.64918539E+000
0.47457676E-001 0.46056160E-001 0.44688631E-001 0.47634258E-001 0.44855663E-001 0.41175145E-001 0.40000316E-001 0.39209793E-001 0.39180459E-001 0.39196499E-001
0.53022747E-001 0.11229673E+000 0.61250905E-001 0.14014539E+000 0.11028997E+000 0.17519779E-001 0.17519779E-001 0.13133659E-001 0.13133659E-001 0.13250029E-001
0.13250029E-001 0.12603460E-001 0.12603460E-001
0.15000000E+002 -.38950033E+005 0.77930066E+005 0.78024476E+005 0.77976813E+005 0.35075342E+005 0.32752000E+005 0.00000000E+000 0.14096778E+005 0.32752000E+005
0.10000000E+001
534
0.10739791E+001 0.10317210E+001 0.10451579E+001 0.10009873E+001 0.10808234E+001 -.10980367E+001 -.10598407E+001 -.10541157E+001 -.10797853E+001 -.10760784E+001
-.57161529E-002 -.30626231E+000 -.56897074E+000 0.20638986E+001 0.92844293E+000 0.85291337E+000 0.14708663E+000 0.42402733E+000 0.57597267E+000 0.49857097E+000
0.50142903E+000 0.63785746E+000 0.36214254E+000
0.39438123E-001 0.38953971E-001 0.40351448E-001 0.38924412E-001 0.40298839E-001 0.48044103E-001 0.45539513E-001 0.45225228E-001 0.44625489E-001 0.46212033E-001
0.49472335E-001 0.69682475E-001 0.86459185E-001 0.13050688E+000 0.10592718E+000 0.13012145E-001 0.13012145E-001 0.17018422E-001 0.17018422E-001 0.12367983E-001
0.12367983E-001 0.12211911E-001 0.12211911E-001
0.15000000E+002 -.38745804E+005 0.77521608E+005 0.77616019E+005 0.77568356E+005 0.34439483E+005 0.32752000E+005 0.44076964E-010 0.13781208E+005 0.32752000E+005
0.10000000E+001
535
-.97195007E+000 -.97056099E+000 -.97619956E+000 -.95746223E+000 -.98215420E+000 0.10844344E+001 0.11283164E+001 0.11319448E+001 0.11507306E+001 0.11080366E+001
0.18783428E-001 -.14954135E+001 -.31944678E+000 0.19293040E+001 0.79325774E+000 0.60680229E+000 0.39319771E+000 0.18311058E+000 0.81688942E+000 0.50469572E+000
0.49530428E+000 0.39694597E+000 0.60305403E+000
0.43017782E-001 0.43953449E-001 0.45306376E-001 0.46648169E-001 0.44358804E-001 0.42965887E-001 0.43232694E-001 0.42096008E-001 0.41081687E-001 0.42934682E-001
0.50851236E-001 0.94645054E-001 0.63419131E-001 0.12472462E+000 0.10462332E+000 0.17598933E-001 0.17598933E-001 0.14157111E-001 0.14157111E-001 0.12711688E-001
0.12711688E-001 0.13094806E-001 0.13094806E-001
0.15000000E+002 -.38816272E+005 0.77662543E+005 0.77756954E+005 0.77709291E+005 0.34846143E+005 0.32752000E+005 0.55511151E-015 0.13956786E+005 0.32752000E+005
0.10000000E+001
536
0.10776030E+001 0.10662893E+001 0.11424279E+001 0.10533357E+001 0.11562308E+001 -.10107829E+001 -.10692977E+001 -.10469693E+001 -.10563511E+001 -.10378310E+001
-.53376208E-001 -.33528063E+000 -.56967201E+000 0.20298364E+001 0.82490020E+000 0.84482235E+000 0.15517765E+000 0.41695632E+000 0.58304368E+000 0.48665912E+000
0.51334088E+000 0.62518122E+000 0.37481878E+000
0.40446272E-001 0.41059574E-001 0.42368920E-001 0.40301356E-001 0.41201110E-001 0.42849520E-001 0.45177268E-001 0.44716712E-001 0.45149032E-001 0.46742999E-001
0.49347152E-001 0.69445136E-001 0.84411198E-001 0.12879285E+000 0.10430589E+000 0.13507583E-001 0.13507583E-001 0.16882373E-001 0.16882373E-001 0.12328005E-001
0.12328005E-001 0.12542881E-001 0.12542881E-001
0.15000000E+002 -.38634709E+005 0.77299418E+005 0.77393829E+005 0.77346165E+005 0.34189600E+005 0.32752000E+005 0.15171126E-007 0.13749971E+005 0.32752000E+005
0.10000000E+001
537
0.10682001E+001 0.10632973E+001 0.10582196E+001 0.10467590E+001 0.11340082E+001 -.97378285E+000 -.10053941E+001 -.10262205E+001 -.10124533E+001 -.10169933E+001
-.69223596E-001 -.33014999E+000 -.52635203E+000 0.20463738E+001 0.76842661E+000 0.84764180E+000 0.15235820E+000 0.41820413E+000 0.58179587E+000 0.48270101E+000
0.51729899E+000 0.62549412E+000 0.37450588E+000
0.40668814E-001 0.41732856E-001 0.39921652E-001 0.41325922E-001 0.42026055E-001 0.43312374E-001 0.42356289E-001 0.45514369E-001 0.43861204E-001 0.44906430E-001
0.51439623E-001 0.67185556E-001 0.84321378E-001 0.13494433E+000 0.10478295E+000 0.14228252E-001 0.14228252E-001 0.16346880E-001 0.16346880E-001 0.12844512E-001
0.12844512E-001 0.12418058E-001 0.12418058E-001
0.15000000E+002 -.38879662E+005 0.77789325E+005 0.77883735E+005 0.77836072E+005 0.34313679E+005 0.32752000E+005 0.92749586E-009 0.13962835E+005 0.32752000E+005
0.10000000E+001
538
0.10362720E+001 0.10262214E+001 0.11181406E+001 0.10632127E+001 0.10245817E+001 -.99759183E+000 -.99901500E+000 -.10571879E+001 -.10693329E+001 -.10327264E+001
-.44229062E-001 -.37238650E+000 -.50644571E+000 0.20192612E+001 0.73528296E+000 0.83846821E+000 0.16153179E+000 0.40796448E+000 0.59203552E+000 0.48894454E+000
0.51105546E+000 0.61845693E+000 0.38154307E+000
0.40544321E-001 0.42004039E-001 0.41597541E-001 0.40648012E-001 0.39879978E-001 0.43433961E-001 0.42692593E-001 0.47796760E-001 0.45595940E-001 0.44430052E-001
0.50513728E-001 0.70620071E-001 0.81569251E-001 0.12985862E+000 0.10376905E+000 0.14008764E-001 0.14008764E-001 0.17056828E-001 0.17056828E-001 0.12622258E-001
0.12622258E-001 0.12851002E-001 0.12851002E-001
0.15000000E+002 -.38904504E+005 0.77839007E+005 0.77933418E+005 0.77885755E+005 0.33907948E+005 0.32752000E+005 0.39652245E-005 0.13978931E+005 0.32752000E+005
0.10000000E+001
539
0.10585155E+001 0.10664610E+001 0.10658982E+001 0.10929026E+001 0.10700696E+001 -.99377061E+000 -.10607568E+001 -.10211154E+001 -.10027931E+001 -.10307399E+001
0.17666591E-001 -.20498238E+000 -.63034765E+000 0.19269608E+001 0.84544170E+000 0.84838350E+000 0.15161650E+000 0.44893309E+000 0.55106691E+000 0.50441653E+000
0.49558347E+000 0.65042248E+000 0.34957752E+000
0.41064639E-001 0.41225707E-001 0.40396572E-001 0.41373593E-001 0.40468189E-001 0.44486790E-001 0.47297753E-001 0.44986630E-001 0.45757188E-001 0.45570681E-001
0.54750893E-001 0.68812391E-001 0.88423760E-001 0.13159952E+000 0.10788847E+000 0.13346381E-001 0.13346381E-001 0.17023647E-001 0.17023647E-001 0.13686655E-001
0.13686655E-001 0.12295084E-001 0.12295084E-001
0.15000000E+002 -.38814418E+005 0.77658836E+005 0.77753247E+005 0.77705583E+005 0.34360866E+005 0.32752000E+005 0.30334668E-009 0.13849820E+005 0.32752000E+005
0.10000000E+001
540
-.97628212E+000 -.89974902E+000 -.94997220E+000 -.97753897E+000 -.96577504E+000 0.10646786E+001 0.10641261E+001 0.10729389E+001 0.11030425E+001 0.11544988E+001
0.43532240E-001 -.16193813E+001 -.17420730E+000 0.20740735E+001 0.74524681E+000 0.61175427E+000 0.38824573E+000 0.16529022E+000 0.83470978E+000 0.51088134E+000
0.48911866E+000 0.39338037E+000 0.60661963E+000
0.43608841E-001 0.40944837E-001 0.41785354E-001 0.43464149E-001 0.43891050E-001 0.41539052E-001 0.40717054E-001 0.42839590E-001 0.42666280E-001 0.43628549E-001
0.52017452E-001 0.10491337E+000 0.62663381E-001 0.13249359E+000 0.10629601E+000 0.16698909E-001 0.16698909E-001 0.14474831E-001 0.14474831E-001 0.12998204E-001
0.12998204E-001 0.12748727E-001 0.12748727E-001
0.15000000E+002 -.38994882E+005 0.78019765E+005 0.78114175E+005 0.78066512E+005 0.33319110E+005 0.32752000E+005 0.13700559E-001 0.13963267E+005 0.32752000E+005
0.10000000E+001
541
0.10818570E+001 0.10749128E+001 0.10667316E+001 0.99991575E+000 0.10260466E+001 -.11045406E+001 -.11783866E+001 -.10608224E+001 -.11181634E+001 -.11207012E+001
0.57065587E-001 -.12931371E+000 -.66534007E+000 0.17859521E+001 0.10900697E+001 0.83978623E+000 0.16021377E+000 0.46771655E+000 0.53228345E+000 0.51426253E+000
0.48573747E+000 0.65905804E+000 0.34094196E+000
0.39345483E-001 0.39641330E-001 0.40098845E-001 0.36391018E-001 0.37832828E-001 0.45943180E-001 0.48285598E-001 0.45830829E-001 0.47422496E-001 0.47393550E-001
0.50887626E-001 0.65760160E-001 0.85655249E-001 0.12104781E+000 0.10676102E+000 0.12817235E-001 0.12817235E-001 0.16371503E-001 0.16371503E-001 0.12711555E-001
0.12711555E-001 0.11519185E-001 0.11519185E-001
0.15000000E+002 -.38588938E+005 0.77207875E+005 0.77302286E+005 0.77254623E+005 0.34365968E+005 0.32752000E+005 0.26833236E-009 0.13601880E+005 0.32752000E+005
0.10000000E+001
542
-.10511981E+001 -.11186262E+001 -.97962543E+000 -.10984341E+001 -.10411937E+001 0.10921623E+001 0.10656452E+001 0.10429389E+001 0.10738796E+001 0.10484234E+001
-.10566004E-001 -.15070890E+001 -.26319861E+000 0.18589163E+001 0.75731357E+000 0.58706062E+000 0.41293938E+000 0.18137061E+000 0.81862939E+000 0.49735852E+000
0.50264148E+000 0.38314400E+000 0.61685600E+000
0.45502103E-001 0.47331037E-001 0.43317569E-001 0.47919314E-001 0.45274366E-001 0.41861163E-001 0.41095219E-001 0.41294752E-001 0.40404110E-001 0.40546990E-001
0.49387860E-001 0.95915570E-001 0.62257237E-001 0.12211934E+000 0.10505806E+000 0.16767111E-001 0.16767111E-001 0.14241094E-001 0.14241094E-001 0.12346620E-001
0.12346620E-001 0.12580894E-001 0.12580894E-001
0.15000000E+002 -.38780074E+005 0.77590148E+005 0.77684559E+005 0.77636895E+005 0.34675252E+005 0.32752000E+005 0.82267526E-013 0.13923006E+005 0.32752000E+005
0.10000000E+001
543
0.11100567E+001 0.10264826E+001 0.10342304E+001 0.10732073E+001 0.10811676E+001 -.10547314E+001 -.10117587E+001 -.10180932E+001 -.10460256E+001 -.11123065E+001
0.41833181E-001 -.32827259E+000 -.57693950E+000 0.18777307E+001 0.86494658E+000 0.82483546E+000 0.17516454E+000 0.41866099E+000 0.58133901E+000 0.51045677E+000
0.48954323E+000 0.62599550E+000 0.37400450E+000
0.40872598E-001 0.39039979E-001 0.39323600E-001 0.40770649E-001 0.41873332E-001 0.46504254E-001 0.44762966E-001 0.44895862E-001 0.44548115E-001 0.46827686E-001
0.51288530E-001 0.68952297E-001 0.82648205E-001 0.12108915E+000 0.10512589E+000 0.13652872E-001 0.13652872E-001 0.16781883E-001 0.16781883E-001 0.12816524E-001
0.12816524E-001 0.12442613E-001 0.12442613E-001
0.15000000E+002 -.38788970E+005 0.77607940E+005 0.77702351E+005 0.77654688E+005 0.34049327E+005 0.32752000E+005 0.27772420E-006 0.13844299E+005 0.32752000E+005
0.10000000E+001
544
0.10679782E+001 0.10485613E+001 0.10784665E+001 0.10881896E+001 0.10498632E+001 -.10296925E+001 -.10408128E+001 -.10174776E+001 -.10137176E+001 -.10272578E+001
-.17685675E-001 -.18421898E+000 -.53645359E+000 0.16810461E+001 0.84649371E+000 0.81710078E+000 0.18289922E+000 0.45407506E+000 0.54592494E+000 0.49557870E+000
0.50442130E+000 0.63398287E+000 0.36601713E+000
0.40721489E-001 0.40846037E-001 0.40029124E-001 0.40039599E-001 0.40137441E-001 0.45122864E-001 0.45115131E-001 0.46302937E-001 0.46196214E-001 0.45726000E-001
0.52300184E-001 0.69826142E-001 0.85286783E-001 0.12149556E+000 0.10646840E+000 0.13959264E-001 0.13959264E-001 0.17309265E-001 0.17309265E-001 0.13074024E-001
0.13074024E-001 0.12578143E-001 0.12578143E-001
0.15000000E+002 -.38887749E+005 0.77805498E+005 0.77899909E+005 0.77852246E+005 0.33738933E+005 0.32752000E+005 0.66542048E-004 0.13853777E+005 0.32752000E+005
0.10000000E+001
545
0.10705001E+001 0.10944178E+001 0.10731595E+001 0.11429506E+001 0.11082408E+001 -.10323640E+001 -.10157913E+001 -.97146945E+000 -.10714489E+001 -.10338775E+001
-.15594822E-001 -.40441484E+000 -.45075861E+000 0.19905548E+001 0.70012286E+000 0.83007233E+000 0.16992767E+000 0.40025209E+000 0.59974791E+000 0.49610137E+000
0.50389863E+000 0.61348650E+000 0.38651350E+000
0.40851413E-001 0.39387239E-001 0.40715563E-001 0.42364968E-001 0.40473722E-001 0.41925364E-001 0.44905869E-001 0.40812911E-001 0.45780530E-001 0.44626499E-001
0.49206680E-001 0.68033888E-001 0.77762594E-001 0.12688219E+000 0.10277317E+000 0.14286214E-001 0.14286214E-001 0.16331559E-001 0.16331559E-001 0.12300922E-001
0.12300922E-001 0.12359237E-001 0.12359237E-001
0.15000000E+002 -.38753616E+005 0.77537233E+005 0.77631643E+005 0.77583980E+005 0.34494872E+005 0.32752000E+005 0.10770718E-010 0.13793470E+005 0.32752000E+005
0.10000000E+001
546
-.10462370E+001 -.99592349E+000 -.10672879E+001 -.10841002E+001 -.10053198E+001 0.10976276E+001 0.10889439E+001 0.10840464E+001 0.10882395E+001 0.11171002E+001
0.56067658E-001 -.16433103E+001 -.24383537E+000 0.20430540E+001 0.77110499E+000 0.59862610E+000 0.40137390E+000 0.16201514E+000 0.83798486E+000 0.51401324E+000
0.48598676E+000 0.38643895E+000 0.61356105E+000
0.45027673E-001 0.43900672E-001 0.44373654E-001 0.44615389E-001 0.43675946E-001 0.41474644E-001 0.41466848E-001 0.41960473E-001 0.42352462E-001 0.41850551E-001
0.49682852E-001 0.10156038E+000 0.59965959E-001 0.12694170E+000 0.10301228E+000 0.16703155E-001 0.16703155E-001 0.13788470E-001 0.13788470E-001 0.12410957E-001
0.12410957E-001 0.12727445E-001 0.12727445E-001
0.15000000E+002 -.38692268E+005 0.77414537E+005 0.77508948E+005 0.77461284E+005 0.35279593E+005 0.32752000E+005 0.00000000E+000 0.13851538E+005 0.32752000E+005
0.10000000E+001
547
0.11161194E+001 0.11261686E+001 0.11228391E+001 0.10775940E+001 0.11010060E+001 -.10135533E+001 -.93619123E+000 -.10107519E+001 -.10182730E+001 -.97697322E+000
-.26253181E-001 -.33474602E+000 -.62408676E+000 0.18934883E+001 0.80693618E+000 0.82617280E+000 0.17382720E+000 0.41708629E+000 0.58291371E+000 0.49343708E+000
0.50656292E+000 0.61894475E+000 0.38105525E+000
0.41339278E-001 0.40998637E-001 0.41830466E-001 0.40218944E-001 0.41120787E-001 0.43239916E-001 0.41388070E-001 0.43445418E-001 0.44464660E-001 0.42170174E-001
0.48668292E-001 0.70173813E-001 0.85177803E-001 0.12444707E+000 0.10646583E+000 0.13874909E-001 0.13874909E-001 0.17061031E-001 0.17061031E-001 0.12164977E-001
0.12164977E-001 0.12364988E-001 0.12364988E-001
0.15000000E+002 -.38818281E+005 0.77666562E+005 0.77760973E+005 0.77713309E+005 0.33516631E+005 0.32752000E+005 0.15024693E-002 0.13825986E+005 0.32752000E+005
0.10000000E+001
548
-.10099928E+001 -.10786116E+001 -.10553114E+001 -.10340746E+001 -.10387595E+001 0.10263143E+001 0.11138117E+001 0.11223130E+001 0.10533652E+001 0.10460954E+001
0.16341652E-001 -.16862187E+001 -.23518846E+000 0.21121929E+001 0.81329053E+000 0.60491194E+000 0.39508806E+000 0.15627377E+000 0.84372623E+000 0.50408532E+000
0.49591468E+000 0.38242569E+000 0.61757431E+000
0.43608482E-001 0.44896600E-001 0.45183058E-001 0.43794615E-001 0.46138602E-001 0.40004469E-001 0.42901197E-001 0.42978350E-001 0.41208814E-001 0.39698269E-001
0.50848617E-001 0.10120558E+000 0.65494054E-001 0.12842622E+000 0.10471887E+000 0.16658084E-001 0.16658084E-001 0.13344187E-001 0.13344187E-001 0.12711306E-001
0.12711306E-001 0.12358760E-001 0.12358760E-001
0.15000000E+002 -.38746123E+005 0.77522245E+005 0.77616656E+005 0.77568993E+005 0.33622207E+005 0.32752000E+005 0.37174248E-003 0.13725888E+005 0.32752000E+005
0.10000000E+001
549
0.11090067E+001 0.10839777E+001 0.11038317E+001 0.98763193E+000 0.10931357E+001 -.10159180E+001 -.10052571E+001 -.10465756E+001 -.95233125E+000 -.98242999E+000
0.16669407E-001 -.27919387E+000 -.55806777E+000 0.19097126E+001 0.76615884E+000 0.83624068E+000 0.16375932E+000 0.43065142E+000 0.56934858E+000 0.50416726E+000
0.49583274E+000 0.63513625E+000 0.36486375E+000
0.41628664E-001 0.40577722E-001 0.42778014E-001 0.39449001E-001 0.41550966E-001 0.46292794E-001 0.46717473E-001 0.46113341E-001 0.43346681E-001 0.44800389E-001
0.53021791E-001 0.69003739E-001 0.83700594E-001 0.12710343E+000 0.10569159E+000 0.14016343E-001 0.14016343E-001 0.16919080E-001 0.16919080E-001 0.13254527E-001
0.13254527E-001 0.12890707E-001 0.12890707E-001
0.15000000E+002 -.38895384E+005 0.77820768E+005 0.77915179E+005 0.77867516E+005 0.34314282E+005 0.32752000E+005 0.91451191E-009 0.14045171E+005 0.32752000E+005
0.10000000E+001
550
0.10720270E+001 0.10449336E+001 0.10638354E+001 0.10601581E+001 0.10476541E+001 -.10140430E+001 -.98738120E+000 -.10585200E+001 -.98081430E+000 -.97686109E+000
-.34916722E-001 -.18540919E+000 -.51979948E+000 0.17567176E+001 0.65547434E+000 0.82797005E+000 0.17202995E+000 0.45378003E+000 0.54621997E+000 0.49127171E+000
0.50872829E+000 0.63760900E+000 0.36239100E+000
0.43259977E-001 0.41601578E-001 0.42225247E-001 0.42944282E-001 0.42993563E-001 0.45772707E-001 0.46868857E-001 0.47970917E-001 0.46079829E-001 0.44707695E-001
0.56057324E-001 0.69192930E-001 0.87206433E-001 0.12799602E+000 0.10779221E+000 0.14520687E-001 0.14520687E-001 0.17150417E-001 0.17150417E-001 0.14010060E-001
0.14010060E-001 0.13090189E-001 0.13090189E-001
0.15000000E+002 -.38973686E+005 0.77977371E+005 0.78071782E+005 0.78024119E+005 0.33833262E+005 0.32752000E+005 0.14467359E-004 0.13973093E+005 0.32752000E+005
0.10000000E+001
551
-.99374051E+000 -.10084598E+001 -.10686370E+001 -.10726967E+001 -.98547553E+000 0.10234430E+001 0.10029575E+001 0.10757213E+001 0.10726676E+001 0.10767064E+001
0.54185515E-003 -.15394093E+001 -.34181433E+000 0.18132591E+001 0.77632712E+000 0.56803777E+000 0.43196223E+000 0.17662116E+000 0.82337884E+000 0.50013546E+000
0.49986454E+000 0.37238249E+000 0.62761751E+000
0.44339747E-001 0.43842440E-001 0.47301842E-001 0.47341156E-001 0.46859651E-001 0.39775174E-001 0.40386264E-001 0.41433712E-001 0.40385110E-001 0.39934149E-001
0.53888971E-001 0.96475783E-001 0.62557532E-001 0.12685476E+000 0.10655765E+000 0.17567911E-001 0.17567911E-001 0.14030099E-001 0.14030099E-001 0.13472242E-001
0.13472242E-001 0.12725769E-001 0.12725769E-001
0.15000000E+002 -.38941206E+005 0.77912411E+005 0.78006822E+005 0.77959159E+005 0.33797442E+005 0.32752000E+005 0.26196787E-004 0.14086530E+005 0.32752000E+005
0.10000000E+001
552
0.10706818E+001 0.10251734E+001 0.11586016E+001 0.10814290E+001 0.10446527E+001 -.10711939E+001 -.99800621E+000 -.10137026E+001 -.10971354E+001 -.10167218E+001
-.28761771E-001 -.35259877E+000 -.48989160E+000 0.19225981E+001 0.81704834E+000 0.82778352E+000 0.17221648E+000 0.41275237E+000 0.58724763E+000 0.49281005E+000
0.50718995E+000 0.61728389E+000 0.38271611E+000
0.42325185E-001 0.39319665E-001 0.42356035E-001 0.41469574E-001 0.41056821E-001 0.44560688E-001 0.44111363E-001 0.46729039E-001 0.46291127E-001 0.43518994E-001
0.50679970E-001 0.66696832E-001 0.80983207E-001 0.12404944E+000 0.10363886E+000 0.14009813E-001 0.14009813E-001 0.16166502E-001 0.16166502E-001 0.12667373E-001
0.12667373E-001 0.12165788E-001 0.12165788E-001
0.15000000E+002 -.38776667E+005 0.77583334E+005 0.77677745E+005 0.77630082E+005 0.34516203E+005 0.32752000E+005 0.61913807E-011 0.13783243E+005 0.32752000E+005
0.10000000E+001
553
0.11276182E+001 0.10951281E+001 0.11229747E+001 0.11365846E+001 0.11274663E+001 -.97640498E+000 -.90979554E+000 -.10034597E+001 -.99968712E+000 -.10179262E+001
-.57643538E-001 -.37954681E+000 -.58417973E+000 0.18563183E+001 0.81210820E+000 0.81408443E+000 0.18591557E+000 0.40623620E+000 0.59376380E+000 0.48559310E+000
0.51440690E+000 0.60428449E+000 0.39571551E+000
0.44005045E-001 0.42232500E-001 0.41533162E-001 0.43418991E-001 0.42714341E-001 0.43100207E-001 0.41338054E-001 0.45950349E-001 0.44096852E-001 0.45002665E-001
0.51290771E-001 0.69712471E-001 0.83367316E-001 0.12263249E+000 0.10461577E+000 0.14412038E-001 0.14412038E-001 0.16815230E-001 0.16815230E-001 0.12812047E-001
0.12812047E-001 0.12761629E-001 0.12761629E-001
0.15000000E+002 -.38798011E+005 0.77626022E+005 0.77720433E+005 0.77672770E+005 0.34345517E+005 0.32752000E+005 0.43778348E-009 0.13947547E+005 0.32752000E+005
0.10000000E+001
554
0.10344117E+001 0.10577237E+001 0.10878335E+001 0.10559480E+001 0.11195746E+001 -.10036853E+001 -.10804166E+001 -.10156148E+001 -.10262700E+001 -.10882728E+001
-.43198733E-001 -.28438887E+000 -.68445626E+000 0.17764775E+001 0.88260261E+000 0.81639156E+000 0.18360844E+000 0.42937812E+000 0.57062188E+000 0.48920200E+000
0.51079800E+000 0.61870586E+000 0.38129414E+000
0.39648465E-001 0.43127299E-001 0.41290941E-001 0.42532401E-001 0.42897829E-001 0.43650440E-001 0.43016368E-001 0.45227643E-001 0.42286888E-001 0.46300610E-001
0.51728346E-001 0.68194361E-001 0.82075508E-001 0.12082958E+000 0.10461458E+000 0.14223726E-001 0.14223726E-001 0.16708474E-001 0.16708474E-001 0.12926055E-001
0.12926055E-001 0.12631093E-001 0.12631093E-001
0.15000000E+002 -.38806574E+005 0.77643149E+005 0.77737559E+005 0.77689896E+005 0.34269849E+005 0.32752000E+005 0.25492597E-008 0.13865884E+005 0.32752000E+005
0.10000000E+001
555
-.94968953E+000 -.98734037E+000 -.10110333E+001 -.10322101E+001 -.96470345E+000 0.10528231E+001 0.11007291E+001 0.11128953E+001 0.11310752E+001 0.10487495E+001
0.39478772E-001 -.15784978E+001 -.23932465E+000 0.18997153E+001 0.93825539E+000 0.57962094E+000 0.42037906E+000 0.17100834E+000 0.82899166E+000 0.50986841E+000
0.49013159E+000 0.37934700E+000 0.62065300E+000
0.45505373E-001 0.45928259E-001 0.46248178E-001 0.47252394E-001 0.44120301E-001 0.41683517E-001 0.43626953E-001 0.44229615E-001 0.44169277E-001 0.43260987E-001
0.54530119E-001 0.10040411E+000 0.62498001E-001 0.12770031E+000 0.10900995E+000 0.17463503E-001 0.17463503E-001 0.14233737E-001 0.14233737E-001 0.13627219E-001
0.13627219E-001 0.13363162E-001 0.13363162E-001
0.15000000E+002 -.38858238E+005 0.77746476E+005 0.77840887E+005 0.77793223E+005 0.34561885E+005 0.32752000E+005 0.18529622E-011 0.14084974E+005 0.32752000E+005
0.10000000E+001
556
-.10195909E+001 -.10921862E+001 -.10750937E+001 -.98830416E+000 -.10597891E+001 0.11127802E+001 0.10891108E+001 0.11354515E+001 0.10991701E+001 0.10780702E+001
0.74267062E-002 -.15363591E+001 -.23606489E+000 0.18766083E+001 0.45764489E+000 0.58425107E+000 0.41574893E+000 0.17706518E+000 0.82293482E+000 0.50185667E+000
0.49814333E+000 0.38141413E+000 0.61858587E+000
0.44677046E-001 0.49301529E-001 0.49190818E-001 0.45175782E-001 0.46955610E-001 0.42469310E-001 0.41957792E-001 0.42315135E-001 0.41326623E-001 0.41916076E-001
0.51456052E-001 0.94960660E-001 0.63169587E-001 0.12206670E+000 0.99866316E-001 0.17258940E-001 0.17258940E-001 0.13837012E-001 0.13837012E-001 0.12863836E-001
0.12863836E-001 0.13017593E-001 0.13017593E-001
0.15000000E+002 -.38653624E+005 0.77337248E+005 0.77431659E+005 0.77383996E+005 0.35659807E+005 0.32752000E+005 0.00000000E+000 0.13855486E+005 0.32752000E+005
0.10000000E+001
557
0.10934001E+001 0.10812540E+001 0.10448238E+001 0.11271617E+001 0.10464585E+001 -.10250377E+001 -.98255500E+000 -.10184453E+001 -.11465295E+001 -.10129669E+001
-.36578022E-001 -.40194488E+000 -.43741875E+000 0.19654151E+001 0.71462625E+000 0.82685075E+000 0.17314925E+000 0.40084515E+000 0.59915485E+000 0.49085651E+000
0.50914349E+000 0.60995277E+000 0.39004723E+000
0.42689320E-001 0.42321320E-001 0.41051700E-001 0.43275428E-001 0.41307910E-001 0.44648129E-001 0.44340531E-001 0.46739675E-001 0.49767125E-001 0.44579302E-001
0.51153651E-001 0.71948121E-001 0.82454956E-001 0.12593261E+000 0.10342411E+000 0.14046124E-001 0.14046124E-001 0.17279659E-001 0.17279659E-001 0.12784136E-001
0.12784136E-001 0.13051343E-001 0.13051343E-001
0.15000000E+002 -.38775586E+005 0.77581172E+005 0.77675583E+005 0.77627919E+005 0.34592815E+005 0.32752000E+005 0.80579987E-012 0.13995462E+005 0.32752000E+005
0.10000000E+001
558
0.10838937E+001 0.11190415E+001 0.11320935E+001 0.10521273E+001 0.10750680E+001 -.98545582E+000 -.10077013E+001 -.10125111E+001 -.94439287E+000 -.97066850E+000
-.50735702E-001 -.40142000E+000 -.55541416E+000 0.20636986E+001 0.79211247E+000 0.84054365E+000 0.15945635E+000 0.40097122E+000 0.59902878E+000 0.48731879E+000
0.51268121E+000 0.61518312E+000 0.38481688E+000
0.41163366E-001 0.43178185E-001 0.42056910E-001 0.40560929E-001 0.41489397E-001 0.44446114E-001 0.44014299E-001 0.46187537E-001 0.42360295E-001 0.42901121E-001
0.53445777E-001 0.69542415E-001 0.83764153E-001 0.13044056E+000 0.10447046E+000 0.13710115E-001 0.13710115E-001 0.16703622E-001 0.16703622E-001 0.13352850E-001
0.13352850E-001 0.12523525E-001 0.12523525E-001
0.15000000E+002 -.38880211E+005 0.77790422E+005 0.77884833E+005 0.77837170E+005 0.34158956E+005 0.32752000E+005 0.29293714E-007 0.13947228E+005 0.32752000E+005
0.10000000E+001
559
0.10598376E+001 0.10181883E+001 0.10819569E+001 0.10759121E+001 0.10298094E+001 -.10131730E+001 -.99690962E+000 -.10326357E+001 -.10101364E+001 -.10500958E+001
-.50798619E-001 -.25205666E+000 -.47221539E+000 0.18384151E+001 0.70305968E+000 0.83010315E+000 0.16989685E+000 0.43731735E+000 0.56268265E+000 0.48730308E+000
0.51269692E+000 0.62872308E+000 0.37127692E+000
0.43093074E-001 0.42969747E-001 0.44055554E-001 0.41629716E-001 0.41543673E-001 0.45911036E-001 0.44693262E-001 0.46333658E-001 0.48097139E-001 0.47437265E-001
0.54419204E-001 0.67376439E-001 0.86053281E-001 0.12782374E+000 0.10601271E+000 0.14660894E-001 0.14660894E-001 0.16579380E-001 0.16579380E-001 0.13596028E-001
0.13596028E-001 0.13025870E-001 0.13025870E-001
0.15000000E+002 -.38932728E+005 0.77895456E+005 0.77989867E+005 0.77942204E+005 0.34747130E+005 0.32752000E+005 0.10436096E-013 0.14064600E+005 0.32752000E+005
0.10000000E+001
560
0.10789481E+001 0.11020714E+001 0.10943318E+001 0.10620296E+001 0.10786645E+001 -.10364953E+001 -.10780017E+001 -.10106087E+001 -.10272565E+001 -.10244505E+001
-.14581265E+000 -.26697901E+000 -.46028582E+000 0.17600353E+001 0.73071209E+000 0.81653656E+000 0.18346344E+000 0.43364889E+000 0.56635111E+000 0.46361129E+000
0.53638871E+000 0.61115994E+000 0.38884006E+000
0.41157816E-001 0.42781830E-001 0.40032182E-001 0.41524859E-001 0.41515187E-001 0.43699080E-001 0.45090176E-001 0.44476799E-001 0.42934565E-001 0.43179673E-001
0.50736764E-001 0.63940090E-001 0.81473216E-001 0.12306812E+000 0.10290179E+000 0.14872537E-001 0.14872537E-001 0.15703528E-001 0.15703528E-001 0.12617008E-001
0.12617008E-001 0.12180928E-001 0.12180928E-001
0.15000000E+002 -.38808913E+005 0.77647826E+005 0.77742237E+005 0.77694573E+005 0.33933159E+005 0.32752000E+005 0.25179642E-005 0.13822016E+005 0.32752000E+005
0.10000000E+001
561
0.11252158E+001 0.10893259E+001 0.11570651E+001 0.10249706E+001 0.11446636E+001 -.91135981E+000 -.10005938E+001 -.99808795E+000 -.98326518E+000 -.10192348E+001
-.60028566E-001 -.40590229E+000 -.67434360E+000 0.19386792E+001 0.88694273E+000 0.82241224E+000 0.17758776E+000 0.39989508E+000 0.60010492E+000 0.48499736E+000
0.51500264E+000 0.60481479E+000 0.39518521E+000
0.41611393E-001 0.42359958E-001 0.43914834E-001 0.41670246E-001 0.43430510E-001 0.42243256E-001 0.43504159E-001 0.43178760E-001 0.42311123E-001 0.43947836E-001
0.50628088E-001 0.68885853E-001 0.82613521E-001 0.12412219E+000 0.10548457E+000 0.14316776E-001 0.14316776E-001 0.16531158E-001 0.16531158E-001 0.12645627E-001
0.12645627E-001 0.12653146E-001 0.12653146E-001
0.15000000E+002 -.38842454E+005 0.77714908E+005 0.77809318E+005 0.77761655E+005 0.34088199E+005 0.32752000E+005 0.12746516E-006 0.13959053E+005 0.32752000E+005
0.10000000E+001
562
0.10430976E+001 0.10793247E+001 0.10603227E+001 0.10383512E+001 0.10950621E+001 -.10631291E+001 -.99902553E+000 -.10464905E+001 -.96505100E+000 -.10940748E+001
-.58728327E-001 -.37029659E+000 -.53600707E+000 0.20991261E+001 0.75818605E+000 0.84926265E+000 0.15073735E+000 0.40846936E+000 0.59153064E+000 0.48532214E+000
0.51467786E+000 0.62239610E+000 0.37760390E+000
0.41288569E-001 0.41731235E-001 0.42072095E-001 0.41826133E-001 0.44423860E-001 0.46927270E-001 0.46383919E-001 0.46325731E-001 0.43956509E-001 0.46672318E-001
0.51535706E-001 0.72894842E-001 0.83691033E-001 0.13441829E+000 0.10464316E+000 0.13881647E-001 0.13881647E-001 0.17613008E-001 0.17613008E-001 0.12872824E-001
0.12872824E-001 0.13485543E-001 0.13485543E-001
0.15000000E+002 -.38822667E+005 0.77675334E+005 0.77769745E+005 0.77722082E+005 0.35572738E+005 0.32752000E+005 0.00000000E+000 0.14044379E+005 0.32752000E+005
0.10000000E+001
563
0.10639840E+001 0.10754118E+001 0.10375500E+001 0.10482344E+001 0.10502086E+001 -.10891856E+001 -.96655783E+000 -.98459062E+000 -.10690992E+001 -.10811644E+001
0.18091029E-002 -.28094273E+000 -.38250905E+000 0.19305236E+001 0.61006300E+000 0.83883440E+000 0.16116560E+000 0.43022267E+000 0.56977733E+000 0.50045228E+000
0.49954772E+000 0.63471334E+000 0.36528666E+000
0.42663192E-001 0.40208419E-001 0.40454505E-001 0.40247094E-001 0.41949561E-001 0.47934675E-001 0.45457436E-001 0.44412074E-001 0.46413117E-001 0.46214532E-001
0.53628901E-001 0.68735817E-001 0.82687178E-001 0.12928245E+000 0.10431261E+000 0.14072910E-001 0.14072910E-001 0.16849288E-001 0.16849288E-001 0.13407214E-001
0.13407214E-001 0.12850271E-001 0.12850271E-001
0.15000000E+002 -.38867979E+005 0.77765959E+005 0.77860370E+005 0.77812706E+005 0.33661144E+005 0.32752000E+005 0.21377845E-003 0.13875092E+005 0.32752000E+005
0.10000000E+001
564
0.10607888E+001 0.10445887E+001 0.10356321E+001 0.10341867E+001 0.10463080E+001 -.10418089E+001 -.10790557E+001 -.10757665E+001 -.10730026E+001 -.10234312E+001
-.47780075E-001 -.21257568E+000 -.32960661E+000 0.18157251E+001 0.66260608E+000 0.83245810E+000 0.16754190E+000 0.44705530E+000 0.55294470E+000 0.48805725E+000
0.51194275E+000 0.63515393E+000 0.36484607E+000
0.40081305E-001 0.40697020E-001 0.40140843E-001 0.39438514E-001 0.38417826E-001 0.45184924E-001 0.45300629E-001 0.45468468E-001 0.45460146E-001 0.47034536E-001
0.50535249E-001 0.67204919E-001 0.82962158E-001 0.12523671E+000 0.10429332E+000 0.13827296E-001 0.13827296E-001 0.16612845E-001 0.16612845E-001 0.12626604E-001
0.12626604E-001 0.12149345E-001 0.12149345E-001
0.15000000E+002 -.38868338E+005 0.77766676E+005 0.77861087E+005 0.77813423E+005 0.34223465E+005 0.32752000E+005 0.72238662E-008 0.13866504E+005 0.32752000E+005
0.10000000E+001
565
0.11451356E+001 0.10919099E+001 0.10648978E+001 0.10600207E+001 0.10614131E+001 -.11408377E+001 -.10329342E+001 -.10639618E+001 -.10466006E+001 -.10028809E+001
0.10278240E-001 -.35650566E+000 -.48786430E+000 0.20221313E+001 0.83253031E+000 0.84099173E+000 0.15900827E+000 0.41180571E+000 0.58819429E+000 0.50256954E+000
0.49743046E+000 0.62750153E+000 0.37249847E+000
0.40835714E-001 0.39931097E-001 0.38898773E-001 0.39220038E-001 0.39375178E-001 0.47493121E-001 0.45013750E-001 0.45333419E-001 0.44515610E-001 0.43043923E-001
0.48578624E-001 0.68806477E-001 0.82658399E-001 0.12498975E+000 0.10305079E+000 0.13119571E-001 0.13119571E-001 0.16666426E-001 0.16666426E-001 0.12144335E-001
0.12144335E-001 0.12019274E-001 0.12019274E-001
0.15000000E+002 -.38659309E+005 0.77348618E+005 0.77443029E+005 0.77395365E+005 0.34418017E+005 0.32752000E+005 0.75256912E-010 0.13676098E+005 0.32752000E+005
0.10000000E+001
566
0.10477804E+001 0.10363630E+001 0.10344361E+001 0.10452282E+001 0.11114642E+001 -.97520144E+000 -.97294671E+000 -.10324572E+001 -.10019746E+001 -.10257943E+001
0.53357787E-001 -.39796172E+000 -.46825101E+000 0.19790660E+001 0.78798049E+000 0.82936085E+000 0.17063915E+000 0.40180216E+000 0.59819784E+000 0.51333628E+000
0.48666372E+000 0.62128355E+000 0.37871645E+000
0.41214109E-001 0.40475225E-001 0.40124951E-001 0.41941184E-001 0.41646493E-001 0.46248602E-001 0.44382452E-001 0.47326697E-001 0.44436371E-001 0.48586920E-001
0.54033749E-001 0.72584762E-001 0.87121834E-001 0.12796943E+000 0.10655277E+000 0.14000517E-001 0.14000517E-001 0.17446269E-001 0.17446269E-001 0.13498827E-001
0.13498827E-001 0.13044772E-001 0.13044772E-001
0.15000000E+002 -.38968838E+005 0.77967677E+005 0.78062088E+005 0.78014424E+005 0.34093719E+005 0.32752000E+005 0.11392954E-006 0.14110340E+005 0.32752000E+005
0.10000000E+001
567
-.98472379E+000 -.95646539E+000 -.98727046E+000 -.10076062E+001 -.98851545E+000 0.11249184E+001 0.11165798E+001 0.10074072E+001 0.11579375E+001 0.11362187E+001
0.58578102E-001 -.16879673E+001 -.20313972E+000 0.20839717E+001 0.69045517E+000 0.59772732E+000 0.40227268E+000 0.15604335E+000 0.84395665E+000 0.51464034E+000
0.48535966E+000 0.38335174E+000 0.61664826E+000
0.45562451E-001 0.43149569E-001 0.44460177E-001 0.45576652E-001 0.43978442E-001 0.41067631E-001 0.43033055E-001 0.40483147E-001 0.43372280E-001 0.44531257E-001
0.51736728E-001 0.10530021E+000 0.60500606E-001 0.13130861E+000 0.10402259E+000 0.17054296E-001 0.17054296E-001 0.13867388E-001 0.13867388E-001 0.12923093E-001
0.12923093E-001 0.13062134E-001 0.13062134E-001
0.15000000E+002 -.38806342E+005 0.77642685E+005 0.77737096E+005 0.77689432E+005 0.34291417E+005 0.32752000E+005 0.15550672E-008 0.13880010E+005 0.32752000E+005
0.10000000E+001
568
0.11230637E+001 0.11256798E+001 0.10741726E+001 0.11355646E+001 0.11314044E+001 -.10286427E+001 -.99364546E+000 -.99908610E+000 -.99588151E+000 -.10383825E+001
-.68257116E-001 -.28236226E+000 -.50098795E+000 0.16093565E+001 0.76301691E+000 0.79034301E+000 0.20965699E+000 0.42987473E+000 0.57012527E+000 0.48294234E+000
0.51705766E+000 0.60396013E+000 0.39603987E+000
0.44680657E-001 0.42810877E-001 0.43303828E-001 0.42099878E-001 0.43146538E-001 0.44333888E-001 0.44432426E-001 0.43399839E-001 0.46788335E-001 0.45326845E-001
0.52203882E-001 0.67586213E-001 0.76931125E-001 0.11591699E+000 0.10280284E+000 0.15048249E-001 0.15048249E-001 0.16564194E-001 0.16564194E-001 0.13035781E-001
0.13035781E-001 0.12957265E-001 0.12957265E-001
0.15000000E+002 -.38759242E+005 0.77548485E+005 0.77642896E+005 0.77595232E+005 0.34527692E+005 0.32752000E+005 0.45831117E-011 0.13960538E+005 0.32752000E+005
0.10000000E+001
569
0.10939152E+001 0.10686578E+001 0.10855664E+001 0.10557210E+001 0.10773173E+001 -.10596607E+001 -.10119435E+001 -.99695248E+000 -.99809602E+000 -.10302243E+001
0.18197474E-001 -.36201764E+000 -.56008688E+000 0.19757135E+001 0.83169309E+000 0.83392387E+000 0.16607613E+000 0.41047124E+000 0.58952876E+000 0.50454924E+000
0.49545076E+000 0.62412395E+000 0.37587605E+000
0.41056497E-001 0.41247662E-001 0.42396498E-001 0.39910544E-001 0.41958641E-001 0.47986191E-001 0.46005814E-001 0.44635528E-001 0.45936652E-001 0.44491140E-001
0.51665318E-001 0.70773080E-001 0.83858296E-001 0.12620098E+000 0.10562144E+000 0.13735847E-001 0.13735847E-001 0.17125996E-001 0.17125996E-001 0.12915260E-001
0.12915260E-001 0.12771139E-001 0.12771139E-001
0.15000000E+002 -.38816159E+005 0.77662318E+005 0.77756729E+005 0.77709066E+005 0.34224721E+005 0.32752000E+005 0.70256196E-008 0.13865776E+005 0.32752000E+005
0.10000000E+001
570
-.97538702E+000 -.10116109E+001 -.10002116E+001 -.10343553E+001 -.96589684E+000 0.11436378E+001 0.10817144E+001 0.11317140E+001 0.11833880E+001 0.10378031E+001
0.13061254E+000 -.14821137E+001 -.19976177E+000 0.18172604E+001 0.66247596E+000 0.58301111E+000 0.41698889E+000 0.18510836E+000 0.81489164E+000 0.53260679E+000
0.46739321E+000 0.39703407E+000 0.60296593E+000
0.42345129E-001 0.42755895E-001 0.43590815E-001 0.45272062E-001 0.41682979E-001 0.42835216E-001 0.41593395E-001 0.41476089E-001 0.44102470E-001 0.40660983E-001
0.48995178E-001 0.94037861E-001 0.60779460E-001 0.12232556E+000 0.10304561E+000 0.16770878E-001 0.16770878E-001 0.14184977E-001 0.14184977E-001 0.12196703E-001
0.12196703E-001 0.12359446E-001 0.12359446E-001
0.15000000E+002 -.38812429E+005 0.77654858E+005 0.77749268E+005 0.77701605E+005 0.33807100E+005 0.32752000E+005 0.22359952E-004 0.13908658E+005 0.32752000E+005
0.10000000E+001
571
-.10068254E+001 -.92824266E+000 -.10264542E+001 -.10063970E+001 -.11089737E+001 0.11453884E+001 0.10640380E+001 0.10675143E+001 0.10240568E+001 0.11448519E+001
0.46790577E-001 -.14939665E+001 -.13098857E+000 0.18069793E+001 0.50472380E+000 0.57762049E+000 0.42237951E+000 0.18332713E+000 0.81667287E+000 0.51169551E+000
0.48830449E+000 0.38508527E+000 0.61491473E+000
0.44043757E-001 0.42141588E-001 0.44222996E-001 0.43885681E-001 0.46049652E-001 0.41561484E-001 0.39923541E-001 0.41603115E-001 0.39795618E-001 0.43309429E-001
0.50487447E-001 0.93929283E-001 0.59543897E-001 0.12187703E+000 0.10159688E+000 0.17057177E-001 0.17057177E-001 0.14062932E-001 0.14062932E-001 0.12614956E-001
0.12614956E-001 0.12591744E-001 0.12591744E-001
0.15000000E+002 -.38859613E+005 0.77749226E+005 0.77843637E+005 0.77795973E+005 0.34435649E+005 0.32752000E+005 0.48518856E-010 0.13877172E+005 0.32752000E+005
0.10000000E+001
572
-.91162238E+000 -.98787648E+000 -.99006983E+000 -.10077803E+001 -.10059913E+001 0.10920190E+001 0.11032026E+001 0.10993525E+001 0.11113462E+001 0.10967965E+001
0.97822778E-001 -.15071390E+001 -.19445213E+000 0.18167236E+001 0.75311174E+000 0.57678388E+000 0.42321612E+000 0.18136318E+000 0.81863682E+000 0.52443621E+000
0.47556379E+000 0.38873611E+000 0.61126389E+000
0.42217704E-001 0.45471918E-001 0.45970509E-001 0.45661561E-001 0.45637854E-001 0.44232307E-001 0.43564745E-001 0.41474567E-001 0.44095343E-001 0.42808520E-001
0.55081774E-001 0.97884301E-001 0.61950541E-001 0.12824327E+000 0.10538619E+000 0.17817264E-001 0.17817264E-001 0.14532939E-001 0.14532939E-001 0.13737553E-001
0.13737553E-001 0.13425315E-001 0.13425315E-001
0.15000000E+002 -.38895946E+005 0.77821893E+005 0.77916304E+005 0.77868640E+005 0.34464008E+005 0.32752000E+005 0.23739344E-010 0.13986688E+005 0.32752000E+005
0.10000000E+001
573
0.11296197E+001 0.10358305E+001 0.10604772E+001 0.11153245E+001 0.10830106E+001 -.10749188E+001 -.97088607E+000 -.10440304E+001 -.10732408E+001 -.10405124E+001
-.11131179E+000 -.33433568E+000 -.47355637E+000 0.18763798E+001 0.80565847E+000 0.82376168E+000 0.17623832E+000 0.41718606E+000 0.58281394E+000 0.47220075E+000
0.52779925E+000 0.60917137E+000 0.39082863E+000
0.42171738E-001 0.39665698E-001 0.39640839E-001 0.42481364E-001 0.41213417E-001 0.43907471E-001 0.42331125E-001 0.43599267E-001 0.44095924E-001 0.42795691E-001
0.48170426E-001 0.66762483E-001 0.78387116E-001 0.12224116E+000 0.10233143E+000 0.14097140E-001 0.14097140E-001 0.16232754E-001 0.16232754E-001 0.12005380E-001
0.12005380E-001 0.12190531E-001 0.12190531E-001
0.15000000E+002 -.38777262E+005 0.77584525E+005 0.77678935E+005 0.77631272E+005 0.34443003E+005 0.32752000E+005 0.40351389E-010 0.13828340E+005 0.32752000E+005
0.10000000E+001
574
0.10798542E+001 0.10946084E+001 0.10797934E+001 0.10387308E+001 0.10640001E+001 -.10980815E+001 -.10578852E+001 -.97127680E+000 -.10417108E+001 -.10572955E+001
0.85982612E-002 -.32986202E+000 -.46445167E+000 0.19284917E+001 0.70706911E+000 0.83182678E+000 0.16817322E+000 0.41827420E+000 0.58172580E+000 0.50214955E+000
0.49785045E+000 0.62593944E+000 0.37406056E+000
0.39774785E-001 0.41920720E-001 0.41547748E-001 0.39047298E-001 0.41146337E-001 0.47768526E-001 0.45530451E-001 0.42142787E-001 0.45684462E-001 0.44716972E-001
0.49134397E-001 0.68063005E-001 0.82263987E-001 0.12333499E+000 0.10378826E+000 0.13672516E-001 0.13672516E-001 0.16561151E-001 0.16561151E-001 0.12283372E-001
0.12283372E-001 0.12205130E-001 0.12205130E-001
0.15000000E+002 -.38776551E+005 0.77583102E+005 0.77677513E+005 0.77629850E+005 0.33793033E+005 0.32752000E+005 0.28149008E-004 0.13796534E+005 0.32752000E+005
0.10000000E+001
575
0.10900250E+001 0.10483243E+001 0.10276195E+001 0.10805576E+001 0.10998776E+001 -.10269724E+001 -.10512233E+001 -.10174136E+001 -.10091528E+001 -.10039524E+001
-.73681875E-001 -.24892681E+000 -.48626417E+000 0.18484873E+001 0.71622883E+000 0.83195695E+000 0.16804305E+000 0.43808767E+000 0.56191233E+000 0.48158786E+000
0.51841214E+000 0.62777033E+000 0.37222967E+000
0.41272171E-001 0.40559425E-001 0.39908098E-001 0.41990739E-001 0.41733755E-001 0.46202441E-001 0.45298412E-001 0.43321243E-001 0.43796584E-001 0.44348807E-001
0.52374713E-001 0.67164420E-001 0.84375691E-001 0.12694441E+000 0.10446482E+000 0.13997133E-001 0.13997133E-001 0.16533654E-001 0.16533654E-001 0.13075923E-001
0.13075923E-001 0.12233183E-001 0.12233183E-001
0.15000000E+002 -.38881757E+005 0.77793514E+005 0.77887924E+005 0.77840261E+005 0.34684723E+005 0.32752000E+005 0.62949645E-013 0.14025375E+005 0.32752000E+005
0.10000000E+001
576
0.10967292E+001 0.11178956E+001 0.10899719E+001 0.10602137E+001 0.10652019E+001 -.97768712E+000 -.10353226E+001 -.10599840E+001 -.10529172E+001 -.10110923E+001
-.43821661E-001 -.30826811E+000 -.58820255E+000 0.18891286E+001 0.97234547E+000 0.82932635E+000 0.17067365E+000 0.42353753E+000 0.57646247E+000 0.48904634E+000
0.51095366E+000 0.62198707E+000 0.37801293E+000
0.41421698E-001 0.41982777E-001 0.40635823E-001 0.41820805E-001 0.42220134E-001 0.44933141E-001 0.47170945E-001 0.47862596E-001 0.45348920E-001 0.44082779E-001
0.52745414E-001 0.68410391E-001 0.82454533E-001 0.12597978E+000 0.10461836E+000 0.14195775E-001 0.14195775E-001 0.16702636E-001 0.16702636E-001 0.13180025E-001
0.13180025E-001 0.12770089E-001 0.12770089E-001
0.15000000E+002 -.38755180E+005 0.77540360E+005 0.77634771E+005 0.77587108E+005 0.34136859E+005 0.32752000E+005 0.46707775E-007 0.13870432E+005 0.32752000E+005
0.10000000E+001
577
0.10982697E+001 0.10779644E+001 0.11576039E+001 0.11140770E+001 0.11393660E+001 -.98347805E+000 -.99424102E+000 -.10004339E+001 -.97243414E+000 -.93388736E+000
-.11640670E+000 -.38066946E+000 -.46546770E+000 0.16970584E+001 0.67511528E+000 0.78858029E+000 0.21141971E+000 0.40596544E+000 0.59403456E+000 0.47093114E+000
0.52906886E+000 0.58615069E+000 0.41384931E+000
0.44197748E-001 0.43226571E-001 0.44399659E-001 0.44045548E-001 0.43643290E-001 0.42977721E-001 0.43739321E-001 0.44148430E-001 0.42967595E-001 0.43825572E-001
0.53091639E-001 0.68534429E-001 0.78180414E-001 0.11806508E+000 0.10256073E+000 0.15144962E-001 0.15144962E-001 0.16527592E-001 0.16527592E-001 0.13228047E-001
0.13228047E-001 0.12957632E-001 0.12957632E-001
0.15000000E+002 -.38905633E+005 0.77841266E+005 0.77935676E+005 0.77888013E+005 0.34757083E+005 0.32752000E+005 0.77715612E-014 0.14076857E+005 0.32752000E+005
0.10000000E+001
578
0.10170817E+001 0.10770862E+001 0.10870494E+001 0.10418024E+001 0.10310272E+001 -.10893894E+001 -.11302237E+001 -.10713008E+001 -.10287192E+001 -.99295794E+000
0.10439602E-001 -.35275226E+000 -.45296108E+000 0.18989176E+001 0.73563842E+000 0.82435920E+000 0.17564080E+000 0.41271516E+000 0.58728484E+000 0.50260988E+000
0.49739012E+000 0.61961152E+000 0.38038848E+000
0.39445982E-001 0.39652855E-001 0.39904106E-001 0.39376893E-001 0.39343896E-001 0.44984634E-001 0.46874145E-001 0.46139625E-001 0.44223420E-001 0.42026274E-001
0.50121053E-001 0.69938997E-001 0.80746701E-001 0.12302688E+000 0.10272777E+000 0.13489414E-001 0.13489414E-001 0.16951909E-001 0.16951909E-001 0.12529922E-001
0.12529922E-001 0.12036174E-001 0.12036174E-001
0.15000000E+002 -.38830448E+005 0.77690896E+005 0.77785306E+005 0.77737643E+005 0.33204703E+005 0.32752000E+005 0.38923176E-001 0.13748487E+005 0.32752000E+005
0.10000000E+001
579
0.11103337E+001 0.11157847E+001 0.11239098E+001 0.11108324E+001 0.11142478E+001 -.10185289E+001 -.99071947E+000 -.10315738E+001 -.10080874E+001 -.10255829E+001
-.56068771E-001 -.41649612E+000 -.45331693E+000 0.20879596E+001 0.75855001E+000 0.84177084E+000 0.15822916E+000 0.39735550E+000 0.60264450E+000 0.48598648E+000
0.51401352E+000 0.61333535E+000 0.38666465E+000
0.42255879E-001 0.41565724E-001 0.43097722E-001 0.42498041E-001 0.42336744E-001 0.44714001E-001 0.45038690E-001 0.45021667E-001 0.45093257E-001 0.43903389E-001
0.50615299E-001 0.71473250E-001 0.78968406E-001 0.12806083E+000 0.10235448E+000 0.13837126E-001 0.13837126E-001 0.17115278E-001 0.17115278E-001 0.12643885E-001
0.12643885E-001 0.13353480E-001 0.13353480E-001
0.15000000E+002 -.38669168E+005 0.77368337E+005 0.77462748E+005 0.77415084E+005 0.34887724E+005 0.32752000E+005 0.11102230E-015 0.13822635E+005 0.32752000E+005
0.10000000E+001
580
0.10520616E+001 0.10782737E+001 0.10409883E+001 0.10747423E+001 0.11162746E+001 -.10189905E+001 -.10108785E+001 -.10146286E+001 -.10096686E+001 -.10517095E+001
0.19864143E-001 -.39215204E+000 -.52827972E+000 0.19941778E+001 0.75760045E+000 0.83230132E+000 0.16769868E+000 0.40319935E+000 0.59680065E+000 0.50496587E+000
0.49503413E+000 0.61988120E+000 0.38011880E+000
0.40146027E-001 0.41591145E-001 0.40191067E-001 0.40257396E-001 0.40621688E-001 0.44592264E-001 0.43612755E-001 0.43587610E-001 0.45490787E-001 0.45477988E-001
0.49874565E-001 0.71338580E-001 0.83537313E-001 0.12663451E+000 0.10582640E+000 0.13601492E-001 0.13601492E-001 0.17166176E-001 0.17166176E-001 0.12467411E-001
0.12467411E-001 0.12335708E-001 0.12335708E-001
0.15000000E+002 -.38841106E+005 0.77712212E+005 0.77806623E+005 0.77758959E+005 0.33549548E+005 0.32752000E+005 0.98791007E-003 0.13869278E+005 0.32752000E+005
0.10000000E+001
581
0.10349545E+001 0.10860910E+001 0.10979808E+001 0.10708244E+001 0.10748859E+001 -.10320565E+001 -.10813080E+001 -.98724786E+000 -.96752230E+000 -.10637807E+001
-.21578582E-001 -.37730875E+000 -.59553009E+000 0.20132172E+001 0.88360066E+000 0.83697743E+000 0.16302257E+000 0.40677616E+000 0.59322384E+000 0.49460556E+000
0.50539444E+000 0.61955610E+000 0.38044390E+000
0.41056424E-001 0.42706130E-001 0.42206030E-001 0.41448553E-001 0.41434601E-001 0.45711822E-001 0.45453932E-001 0.44470840E-001 0.43806109E-001 0.46934907E-001
0.52616021E-001 0.70932198E-001 0.84712199E-001 0.13117546E+000 0.10570901E+000 0.14347343E-001 0.14347343E-001 0.17116600E-001 0.17116600E-001 0.13152474E-001
0.13152474E-001 0.13216002E-001 0.13216002E-001
0.15000000E+002 -.38816785E+005 0.77663570E+005 0.77757980E+005 0.77710317E+005 0.35194964E+005 0.32752000E+005 0.00000000E+000 0.13969727E+005 0.32752000E+005
0.10000000E+001
582
-.10475726E+001 -.10713069E+001 -.10761746E+001 -.10600543E+001 -.10617866E+001 0.10378613E+001 0.11309405E+001 0.10401832E+001 0.10769569E+001 0.10860064E+001
0.76117422E-001 -.16400263E+001 -.20884396E+000 0.19213879E+001 0.77764625E+000 0.56988000E+000 0.43012000E+000 0.16246148E+000 0.83753852E+000 0.51902017E+000
0.48097983E+000 0.37391991E+000 0.62608009E+000
0.43454773E-001 0.45964904E-001 0.44536973E-001 0.44686879E-001 0.45524478E-001 0.41006280E-001 0.42349608E-001 0.41015592E-001 0.42524537E-001 0.41577084E-001
0.51605987E-001 0.10292529E+000 0.61333817E-001 0.12715227E+000 0.10363548E+000 0.16330496E-001 0.16330496E-001 0.14004813E-001 0.14004813E-001 0.12882827E-001
0.12882827E-001 0.12501102E-001 0.12501102E-001
0.15000000E+002 -.38698990E+005 0.77427980E+005 0.77522391E+005 0.77474728E+005 0.34762390E+005 0.32752000E+005 0.66613381E-014 0.13761010E+005 0.32752000E+005
0.10000000E+001
583
0.10614654E+001 0.11306379E+001 0.10631785E+001 0.10813836E+001 0.11166106E+001 -.99684507E+000 -.97986708E+000 -.10112195E+001 -.94996042E+000 -.97158300E+000
-.12722907E-001 -.41215425E+000 -.57838995E+000 0.18294002E+001 0.81617137E+000 0.80490631E+000 0.19509369E+000 0.39839569E+000 0.60160431E+000 0.49681932E+000
0.50318068E+000 0.60035802E+000 0.39964198E+000
0.42109932E-001 0.43876443E-001 0.42435764E-001 0.41595502E-001 0.43723729E-001 0.45220128E-001 0.44019207E-001 0.45916320E-001 0.43851091E-001 0.44392065E-001
0.52108003E-001 0.72675205E-001 0.84449732E-001 0.12073517E+000 0.10624128E+000 0.14385470E-001 0.14385470E-001 0.17418543E-001 0.17418543E-001 0.13026473E-001
0.13026473E-001 0.13186827E-001 0.13186827E-001
0.15000000E+002 -.38938978E+005 0.77907956E+005 0.78002366E+005 0.77954703E+005 0.34206886E+005 0.32752000E+005 0.10408191E-007 0.14058486E+005 0.32752000E+005
0.10000000E+001
584
0.10807228E+001 0.10706099E+001 0.10870042E+001 0.10499723E+001 0.10444806E+001 -.98635930E+000 -.10070348E+001 -.10180431E+001 -.10021145E+001 -.10068817E+001
-.11709962E-001 -.32648055E+000 -.46775046E+000 0.20278970E+001 0.61232996E+000 0.84571965E+000 0.15428035E+000 0.41909721E+000 0.58090279E+000 0.49707254E+000
0.50292746E+000 0.63115951E+000 0.36884049E+000
0.41794186E-001 0.41212686E-001 0.41218936E-001 0.40457579E-001 0.40933725E-001 0.44600506E-001 0.44507464E-001 0.46066615E-001 0.46021354E-001 0.44279642E-001
0.50220691E-001 0.71187650E-001 0.87097256E-001 0.13197046E+000 0.10560065E+000 0.13773883E-001 0.13773883E-001 0.17330971E-001 0.17330971E-001 0.12554742E-001
0.12554742E-001 0.12803011E-001 0.12803011E-001
0.15000000E+002 -.38923162E+005 0.77876324E+005 0.77970735E+005 0.77923072E+005 0.34336625E+005 0.32752000E+005 0.54065474E-009 0.14035260E+005 0.32752000E+005
0.10000000E+001
585
0.11406684E+001 0.11187160E+001 0.10833097E+001 0.11312356E+001 0.11143410E+001 -.99165904E+000 -.94714504E+000 -.10239116E+001 -.10397555E+001 -.10303629E+001
-.11908796E+000 -.34237670E+000 -.55644438E+000 0.19212836E+001 0.75125027E+000 0.82904965E+000 0.17095035E+000 0.41523226E+000 0.58476774E+000 0.47026314E+000
0.52973686E+000 0.60983533E+000 0.39016467E+000
0.43787946E-001 0.42635317E-001 0.43297838E-001 0.42610398E-001 0.43461610E-001 0.42545569E-001 0.42406849E-001 0.44787466E-001 0.45847347E-001 0.44563406E-001
0.52982690E-001 0.65217889E-001 0.84686050E-001 0.12658996E+000 0.10343654E+000 0.14288307E-001 0.14288307E-001 0.15835845E-001 0.15835845E-001 0.13198821E-001
0.13198821E-001 0.12146405E-001 0.12146405E-001
0.15000000E+002 -.38724557E+005 0.77479114E+005 0.77573525E+005 0.77525862E+005 0.33791236E+005 0.32752000E+005 0.28983866E-004 0.13771437E+005 0.32752000E+005
0.10000000E+001
586
-.99754766E+000 -.10285564E+001 -.10424557E+001 -.10315111E+001 -.10182930E+001 0.10688459E+001 0.11201690E+001 0.10982967E+001 0.10863882E+001 0.10841328E+001
0.11267426E+000 -.17432171E+001 -.17815948E+000 0.20767291E+001 0.71839816E+000 0.58261366E+000 0.41738634E+000 0.14890477E+000 0.85109523E+000 0.52813880E+000
0.47186120E+000 0.37796326E+000 0.62203674E+000
0.42978079E-001 0.43934593E-001 0.43344410E-001 0.44088418E-001 0.43164114E-001 0.41122597E-001 0.41895826E-001 0.40823684E-001 0.40982217E-001 0.41667133E-001
0.48847950E-001 0.10712644E+000 0.60943256E-001 0.13212547E+000 0.10342116E+000 0.16206564E-001 0.16206564E-001 0.13576362E-001 0.13576362E-001 0.12173310E-001
0.12173310E-001 0.12012092E-001 0.12012092E-001
0.15000000E+002 -.38758398E+005 0.77546796E+005 0.77641207E+005 0.77593544E+005 0.34267143E+005 0.32752000E+005 0.27110960E-008 0.13746168E+005 0.32752000E+005
0.10000000E+001
587
-.11047108E+001 -.10379355E+001 -.10204569E+001 -.99668739E+000 -.10598409E+001 0.10267349E+001 0.10230940E+001 0.10487308E+001 0.10596698E+001 0.10878939E+001
0.42880298E-002 -.16802399E+001 -.30886627E+000 0.19128221E+001 0.79820550E+000 0.55788485E+000 0.44211515E+000 0.15706370E+000 0.84293630E+000 0.50107201E+000
0.49892799E+000 0.35790396E+000 0.64209604E+000
0.47791118E-001 0.48103607E-001 0.47118020E-001 0.44907965E-001 0.48215437E-001 0.42234725E-001 0.39823320E-001 0.40094959E-001 0.41493305E-001 0.43256639E-001
0.52986921E-001 0.10208534E+000 0.64590146E-001 0.12796388E+000 0.10634158E+000 0.16754034E-001 0.16754034E-001 0.13515557E-001 0.13515557E-001 0.13246669E-001
0.13246669E-001 0.12393993E-001 0.12393993E-001
0.15000000E+002 -.38841533E+005 0.77713067E+005 0.77807478E+005 0.77759814E+005 0.34336310E+005 0.32752000E+005 0.54469440E-009 0.14058405E+005 0.32752000E+005
0.10000000E+001
588
0.10272097E+001 0.10992102E+001 0.10423618E+001 0.98178010E+000 0.10404630E+001 -.10464916E+001 -.11197325E+001 -.10849940E+001 -.10653928E+001 -.10311020E+001
0.87643998E-002 -.38356019E+000 -.52884627E+000 0.21207008E+001 0.84579763E+000 0.85032351E+000 0.14967649E+000 0.40526851E+000 0.59473149E+000 0.50219109E+000
0.49780891E+000 0.62877116E+000 0.37122884E+000
0.39674856E-001 0.42020605E-001 0.40081791E-001 0.40134166E-001 0.40207081E-001 0.45961781E-001 0.48349595E-001 0.47845734E-001 0.44499049E-001 0.44849192E-001
0.51112396E-001 0.68492365E-001 0.84161838E-001 0.12995815E+000 0.10555244E+000 0.13341988E-001 0.13341988E-001 0.16508437E-001 0.16508437E-001 0.12777854E-001
0.12777854E-001 0.12418698E-001 0.12418698E-001
0.15000000E+002 -.38798180E+005 0.77626361E+005 0.77720771E+005 0.77673108E+005 0.34696238E+005 0.32752000E+005 0.45297099E-013 0.13882409E+005 0.32752000E+005
0.10000000E+001
589
0.10553131E+001 0.10660542E+001 0.11732180E+001 0.10442210E+001 0.10292380E+001 -.10377632E+001 -.10625103E+001 -.10678468E+001 -.10036052E+001 -.95374989E+000
-.29069639E-001 -.26178479E+000 -.45969624E+000 0.18335106E+001 0.70340381E+000 0.82802950E+000 0.17197050E+000 0.43492502E+000 0.56507498E+000 0.49273310E+000
0.50726690E+000 0.62862061E+000 0.37137939E+000
0.40420342E-001 0.43165622E-001 0.42176065E-001 0.41209331E-001 0.39906688E-001 0.46420659E-001 0.44474849E-001 0.48013417E-001 0.44670010E-001 0.43235059E-001
0.51976126E-001 0.70051168E-001 0.83805565E-001 0.12538798E+000 0.10508293E+000 0.13936544E-001 0.13936544E-001 0.17216143E-001 0.17216143E-001 0.12991287E-001
0.12991287E-001 0.12689031E-001 0.12689031E-001
0.15000000E+002 -.38846010E+005 0.77722020E+005 0.77816431E+005 0.77768767E+005 0.33711150E+005 0.32752000E+005 0.10191469E-003 0.13842623E+005 0.32752000E+005
0.10000000E+001
590
0.11036357E+001 0.10764061E+001 0.10653003E+001 0.11004241E+001 0.11201664E+001 -.10634027E+001 -.98689736E+000 -.10951404E+001 -.10179928E+001 -.11068703E+001
-.49763054E-001 -.28258451E+000 -.59307619E+000 0.18629894E+001 0.89870798E+000 0.82926185E+000 0.17073815E+000 0.42982026E+000 0.57017974E+000 0.48756180E+000
0.51243820E+000 0.62457272E+000 0.37542728E+000
0.41451400E-001 0.39908019E-001 0.40618458E-001 0.41239206E-001 0.41121594E-001 0.44186268E-001 0.43333257E-001 0.45444570E-001 0.43348548E-001 0.46721565E-001
0.50798626E-001 0.67117728E-001 0.81088552E-001 0.12208445E+000 0.10280138E+000 0.13601569E-001 0.13601569E-001 0.16448864E-001 0.16448864E-001 0.12691798E-001
0.12691798E-001 0.12191611E-001 0.12191611E-001
0.15000000E+002 -.38657681E+005 0.77345363E+005 0.77439774E+005 0.77392110E+005 0.34820835E+005 0.32752000E+005 0.12212453E-014 0.13738575E+005 0.32752000E+005
0.10000000E+001
591
0.10984759E+001 0.11141035E+001 0.10904275E+001 0.10971796E+001 0.10752254E+001 -.10086123E+001 -.10450861E+001 -.10479082E+001 -.10018791E+001 -.10134400E+001
-.95688542E-002 -.40247529E+000 -.60219285E+000 0.18318269E+001 0.81569558E+000 0.80680027E+000 0.19319973E+000 0.40071777E+000 0.59928223E+000 0.49760780E+000
0.50239220E+000 0.60278759E+000 0.39721241E+000
0.41546103E-001 0.43601353E-001 0.41993756E-001 0.40157154E-001 0.40835490E-001 0.44821232E-001 0.43372352E-001 0.43585374E-001 0.44351771E-001 0.43290967E-001
0.50535387E-001 0.68893300E-001 0.82302394E-001 0.11945355E+000 0.10283842E+000 0.13927869E-001 0.13927869E-001 0.16544246E-001 0.16544246E-001 0.12633558E-001
0.12633558E-001 0.11973587E-001 0.11973587E-001
0.15000000E+002 -.38790587E+005 0.77611175E+005 0.77705586E+005 0.77657922E+005 0.34413670E+005 0.32752000E+005 0.83804519E-010 0.13961317E+005 0.32752000E+005
0.10000000E+001
592
0.10749623E+001 0.10588396E+001 0.11181779E+001 0.10809211E+001 0.11520577E+001 -.96301843E+000 -.98029844E+000 -.95722725E+000 -.10074241E+001 -.10401638E+001
-.93903091E-001 -.42538255E+000 -.60373826E+000 0.19389995E+001 0.83632075E+000 0.81959661E+000 0.18040339E+000 0.39522947E+000 0.60477053E+000 0.47654146E+000
0.52345854E+000 0.59745801E+000 0.40254199E+000
0.41887624E-001 0.42256704E-001 0.42245516E-001 0.43460966E-001 0.43357814E-001 0.43522264E-001 0.43020707E-001 0.44159507E-001 0.43083348E-001 0.46160691E-001
0.52959647E-001 0.71750159E-001 0.84147712E-001 0.12806697E+000 0.10426470E+000 0.14130601E-001 0.14130601E-001 0.17149948E-001 0.17149948E-001 0.13210768E-001
0.13210768E-001 0.12565680E-001 0.12565680E-001
0.15000000E+002 -.38885642E+005 0.77801284E+005 0.77895695E+005 0.77848032E+005 0.35194007E+005 0.32752000E+005 0.00000000E+000 0.14064879E+005 0.32752000E+005
0.10000000E+001
593
-.10292247E+001 -.99869655E+000 -.10035163E+001 -.93423456E+000 -.99927900E+000 0.11373072E+001 0.10932947E+001 0.10953651E+001 0.10840829E+001 0.10492989E+001
0.80722088E-001 -.14541155E+001 -.23374323E+000 0.18268904E+001 0.75571557E+000 0.59212933E+000 0.40787067E+000 0.18936900E+000 0.81063100E+000 0.52016957E+000
0.47983043E+000 0.39887266E+000 0.60112734E+000
0.45499600E-001 0.43919652E-001 0.44745015E-001 0.40793409E-001 0.43042696E-001 0.42787673E-001 0.42246002E-001 0.42928097E-001 0.43006595E-001 0.40905436E-001
0.53742263E-001 0.97526301E-001 0.61222875E-001 0.12555376E+000 0.10354362E+000 0.16890723E-001 0.16890723E-001 0.14971105E-001 0.14971105E-001 0.13413703E-001
0.13413703E-001 0.13038745E-001 0.13038745E-001
0.15000000E+002 -.38912218E+005 0.77854436E+005 0.77948847E+005 0.77901183E+005 0.34200259E+005 0.32752000E+005 0.12031381E-007 0.14003955E+005 0.32752000E+005
0.10000000E+001
594
-.99267146E+000 -.10266447E+001 -.10136737E+001 -.11111819E+001 -.10085249E+001 0.10476082E+001 0.11012382E+001 0.10793974E+001 0.11053831E+001 0.10985022E+001
0.15808302E-002 -.15274156E+001 -.31519173E+000 0.18214904E+001 0.76148823E+000 0.57299341E+000 0.42700659E+000 0.17837213E+000 0.82162787E+000 0.50039521E+000
0.49960479E+000 0.37583873E+000 0.62416127E+000
0.46452290E-001 0.45762369E-001 0.46095688E-001 0.48782120E-001 0.45999967E-001 0.39724293E-001 0.41500453E-001 0.41114135E-001 0.43490476E-001 0.41956806E-001
0.51173599E-001 0.94532521E-001 0.63190509E-001 0.12160351E+000 0.10322648E+000 0.17183111E-001 0.17183111E-001 0.13854262E-001 0.13854262E-001 0.12793392E-001
0.12793392E-001 0.12750380E-001 0.12750380E-001
0.15000000E+002 -.38766856E+005 0.77563712E+005 0.77658122E+005 0.77610459E+005 0.35627803E+005 0.32752000E+005 0.00000000E+000 0.13962640E+005 0.32752000E+005
0.10000000E+001
595
0.10570677E+001 0.10885000E+001 0.10065548E+001 0.10147296E+001 0.10626444E+001 -.11274899E+001 -.10229800E+001 -.10107047E+001 -.10674426E+001 -.10914128E+001
0.13650723E-001 -.28880476E+000 -.42261945E+000 0.17656883E+001 0.64986579E+000 0.81410140E+000 0.18589860E+000 0.42829651E+000 0.57170349E+000 0.50341263E+000
0.49658737E+000 0.62251556E+000 0.37748444E+000
0.41677173E-001 0.40112293E-001 0.38789581E-001 0.40625228E-001 0.39420927E-001 0.46405775E-001 0.45394383E-001 0.44073474E-001 0.43661045E-001 0.49296534E-001
0.50444952E-001 0.69357637E-001 0.84254842E-001 0.12026115E+000 0.10356273E+000 0.13911755E-001 0.13911755E-001 0.16982815E-001 0.16982815E-001 0.12610651E-001
0.12610651E-001 0.12311781E-001 0.12311781E-001
0.15000000E+002 -.38861484E+005 0.77752968E+005 0.77847379E+005 0.77799715E+005 0.33797679E+005 0.32752000E+005 0.26095823E-004 0.13824656E+005 0.32752000E+005
0.10000000E+001
596
0.10536787E+001 0.10836876E+001 0.10340542E+001 0.10487161E+001 0.10893789E+001 -.10368298E+001 -.10639864E+001 -.10012328E+001 -.10057599E+001 -.10406943E+001
-.38647701E-001 -.43536670E+000 -.54135657E+000 0.20246229E+001 0.84716995E+000 0.83051142E+000 0.16948858E+000 0.39284554E+000 0.60715446E+000 0.49033928E+000
0.50966072E+000 0.60745031E+000 0.39254969E+000
0.40560562E-001 0.42238061E-001 0.39634666E-001 0.41364137E-001 0.41059305E-001 0.44714644E-001 0.44945628E-001 0.44215483E-001 0.42282692E-001 0.44790011E-001
0.50671789E-001 0.68622943E-001 0.84514721E-001 0.12686716E+000 0.10421433E+000 0.14031073E-001 0.14031073E-001 0.16367802E-001 0.16367802E-001 0.12663218E-001
0.12663218E-001 0.12310271E-001 0.12310271E-001
0.15000000E+002 -.38874784E+005 0.77779567E+005 0.77873978E+005 0.77826315E+005 0.34543446E+005 0.32752000E+005 0.30254688E-011 0.14013424E+005 0.32752000E+005
0.10000000E+001
597
0.11379798E+001 0.10610944E+001 0.10884066E+001 0.11014341E+001 0.10745698E+001 -.10917245E+001 -.10124513E+001 -.10162481E+001 -.10649778E+001 -.97660008E+000
-.16103948E-001 -.31257078E+000 -.57016349E+000 0.17833879E+001 0.83471618E+000 0.81318155E+000 0.18681845E+000 0.42248737E+000 0.57751263E+000 0.49597410E+000
0.50402590E+000 0.61626156E+000 0.38373844E+000
0.43264525E-001 0.40535418E-001 0.42281405E-001 0.41209623E-001 0.40734149E-001 0.45035218E-001 0.45338966E-001 0.43303196E-001 0.45597731E-001 0.43189358E-001
0.51791538E-001 0.68691745E-001 0.80965673E-001 0.12066324E+000 0.10412150E+000 0.14159145E-001 0.14159145E-001 0.16760222E-001 0.16760222E-001 0.12947045E-001
0.12947045E-001 0.12508760E-001 0.12508760E-001
0.15000000E+002 -.38751187E+005 0.77532373E+005 0.77626784E+005 0.77579121E+005 0.34588175E+005 0.32752000E+005 0.91371355E-012 0.13850121E+005 0.32752000E+005
0.10000000E+001
598
-.10003451E+001 -.98014494E+000 -.10239244E+001 -.10356388E+001 -.10228775E+001 0.10986416E+001 0.10785296E+001 0.10281345E+001 0.10717509E+001 0.10759978E+001
0.10797388E+000 -.16456728E+001 -.29502453E+000 0.18875010E+001 0.78488125E+000 0.56016413E+000 0.43983587E+000 0.16169464E+000 0.83830536E+000 0.52696728E+000
0.47303272E+000 0.37167502E+000 0.62832498E+000
0.44211192E-001 0.44572554E-001 0.43508656E-001 0.46203000E-001 0.47487651E-001 0.42481531E-001 0.42805346E-001 0.41983823E-001 0.42313752E-001 0.40428615E-001
0.51314080E-001 0.10585223E+000 0.62049254E-001 0.13038772E+000 0.10726015E+000 0.17068711E-001 0.17068711E-001 0.14348215E-001 0.14348215E-001 0.12791203E-001
0.12791203E-001 0.13038451E-001 0.13038451E-001
0.15000000E+002 -.38890746E+005 0.77811493E+005 0.77905903E+005 0.77858240E+005 0.33916400E+005 0.32752000E+005 0.34085036E-005 0.13972557E+005 0.32752000E+005
0.10000000E+001
599
0.10977505E+001 0.10815128E+001 0.10787582E+001 0.10280134E+001 0.11217390E+001 -.99854045E+000 -.96597147E+000 -.10122345E+001 -.99672369E+000 -.10684068E+001
0.27848158E-001 -.32530959E+000 -.55206674E+000 0.18244233E+001 0.79878273E+000 0.81744225E+000 0.18255775E+000 0.41938231E+000 0.58061769E+000 0.50696159E+000
0.49303841E+000 0.62118341E+000 0.37881659E+000
0.41461247E-001 0.42123041E-001 0.43764781E-001 0.41218333E-001 0.42640890E-001 0.47502681E-001 0.44880842E-001 0.44284420E-001 0.44675553E-001 0.49801446E-001
0.52909896E-001 0.74025695E-001 0.83621546E-001 0.12271466E+000 0.10487545E+000 0.13932885E-001 0.13932885E-001 0.18025315E-001 0.18025315E-001 0.13224910E-001
0.13224910E-001 0.13341926E-001 0.13341926E-001
0.15000000E+002 -.38858247E+005 0.77746494E+005 0.77840904E+005 0.77793241E+005 0.35015945E+005 0.32752000E+005 0.00000000E+000 0.14004013E+005 0.32752000E+005
0.10000000E+001
600
0.99438768E+000 0.10645583E+001 0.10430252E+001 0.10613517E+001 0.10441924E+001 -.10443359E+001 -.97598238E+000 -.10389313E+001 -.10321218E+001 -.11145781E+001
-.13207413E-001 -.35378741E+000 -.49045705E+000 0.19402357E+001 0.77456591E+000 0.83011582E+000 0.16988418E+000 0.41246429E+000 0.58753571E+000 0.49669819E+000
0.50330181E+000 0.61991105E+000 0.38008895E+000
0.39452351E-001 0.40227325E-001 0.41905875E-001 0.41318787E-001 0.41219174E-001 0.45654077E-001 0.44372015E-001 0.45683204E-001 0.45004421E-001 0.48006059E-001
0.52452038E-001 0.67219616E-001 0.82783264E-001 0.12735717E+000 0.10537930E+000 0.14266493E-001 0.14266493E-001 0.16289834E-001 0.16289834E-001 0.13112438E-001
0.13112438E-001 0.12364178E-001 0.12364178E-001
0.15000000E+002 -.38919612E+005 0.77869225E+005 0.77963636E+005 0.77915972E+005 0.34491324E+005 0.32752000E+005 0.11802781E-010 0.14033370E+005 0.32752000E+005
0.10000000E+001
601
-.10097741E+001 -.98942381E+000 -.10090744E+001 -.10754462E+001 -.10024016E+001 0.10364956E+001 0.10434260E+001 0.10578491E+001 0.10470688E+001 0.10226818E+001
0.31654049E-001 -.18261041E+001 -.22378273E+000 0.22348545E+001 0.84961602E+000 0.60078821E+000 0.39921179E+000 0.13870304E+000 0.86129696E+000 0.50791285E+000
0.49208715E+000 0.37340204E+000 0.62659796E+000
0.44255990E-001 0.44321889E-001 0.44211216E-001 0.46520421E-001 0.45018353E-001 0.41362343E-001 0.42087073E-001 0.41490684E-001 0.41706027E-001 0.40801883E-001
0.53323670E-001 0.11854248E+000 0.61327141E-001 0.14409817E+000 0.10812676E+000 0.16817414E-001 0.16817414E-001 0.14161619E-001 0.14161619E-001 0.13327579E-001
0.13327579E-001 0.12974454E-001 0.12974454E-001
0.15000000E+002 -.38934533E+005 0.77899066E+005 0.77993477E+005 0.77945814E+005 0.34287136E+005 0.32752000E+005 0.17162249E-008 0.14039981E+005 0.32752000E+005
0.10000000E+001
602
0.10310670E+001 0.10856226E+001 0.97847627E+000 0.10265615E+001 0.10753514E+001 -.10736056E+001 -.11291700E+001 -.10241154E+001 -.10560879E+001 -.10643227E+001
0.46376996E-001 -.30922662E+000 -.38551469E+000 0.18930272E+001 0.75787044E+000 0.82974209E+000 0.17025791E+000 0.42330352E+000 0.57669648E+000 0.51159217E+000
0.48840783E+000 0.63123431E+000 0.36876569E+000
0.39770968E-001 0.40409734E-001 0.37890740E-001 0.39480425E-001 0.40360069E-001 0.47304275E-001 0.50254343E-001 0.45384275E-001 0.47863764E-001 0.45993010E-001
0.49771924E-001 0.73695322E-001 0.84376241E-001 0.12542003E+000 0.10397380E+000 0.13354255E-001 0.13354255E-001 0.17990329E-001 0.17990329E-001 0.12436293E-001
0.12436293E-001 0.12583074E-001 0.12583074E-001
0.15000000E+002 -.38831593E+005 0.77693187E+005 0.77787598E+005 0.77739934E+005 0.34196498E+005 0.32752000E+005 0.13059558E-007 0.13852964E+005 0.32752000E+005
0.10000000E+001
603
0.11084862E+001 0.11550721E+001 0.10567186E+001 0.11256472E+001 0.10759734E+001 -.94340714E+000 -.10574871E+001 -.10107040E+001 -.10224664E+001 -.10071057E+001
-.81865470E-001 -.33895296E+000 -.54916363E+000 0.17493398E+001 0.79104325E+000 0.80382695E+000 0.19617305E+000 0.41606384E+000 0.58393616E+000 0.47954506E+000
0.52045494E+000 0.60201372E+000 0.39798628E+000
0.41882333E-001 0.43649612E-001 0.43349979E-001 0.44148752E-001 0.41143446E-001 0.43318260E-001 0.45940251E-001 0.42388710E-001 0.43866249E-001 0.44090379E-001
0.50426198E-001 0.68653453E-001 0.82007156E-001 0.11873415E+000 0.10414976E+000 0.14787488E-001 0.14787488E-001 0.16679680E-001 0.16679680E-001 0.12585451E-001
0.12585451E-001 0.12971276E-001 0.12971276E-001
0.15000000E+002 -.38814095E+005 0.77658190E+005 0.77752601E+005 0.77704938E+005 0.34107914E+005 0.32752000E+005 0.85197948E-007 0.13870668E+005 0.32752000E+005
0.10000000E+001
604
0.10734163E+001 0.10882878E+001 0.10346687E+001 0.11653172E+001 0.11134208E+001 -.10378737E+001 -.10764155E+001 -.98019673E+000 -.10765502E+001 -.10549410E+001
-.32818894E-001 -.41372095E+000 -.58357305E+000 0.18938259E+001 0.88061787E+000 0.81458843E+000 0.18541157E+000 0.39802024E+000 0.60197976E+000 0.49179601E+000
0.50820399E+000 0.60288681E+000 0.39711319E+000
0.39512354E-001 0.41545450E-001 0.39126475E-001 0.43315840E-001 0.40884317E-001 0.43901865E-001 0.43955359E-001 0.42930824E-001 0.43348222E-001 0.43942325E-001
0.49401262E-001 0.66215589E-001 0.81707763E-001 0.12020099E+000 0.10264050E+000 0.14251839E-001 0.14251839E-001 0.15865264E-001 0.15865264E-001 0.12346991E-001
0.12346991E-001 0.12067322E-001 0.12067322E-001
0.15000000E+002 -.38701108E+005 0.77432217E+005 0.77526628E+005 0.77478964E+005 0.34918927E+005 0.32752000E+005 0.11102230E-015 0.13844852E+005 0.32752000E+005
0.10000000E+001
605
0.10287751E+001 0.10726511E+001 0.10824353E+001 0.11061668E+001 0.10454649E+001 -.96974334E+000 -.10673343E+001 -.97112362E+000 -.10852631E+001 -.98009229E+000
-.16439261E-001 -.23929220E+000 -.53260616E+000 0.18625246E+001 0.89644858E+000 0.83524044E+000 0.16475956E+000 0.44046078E+000 0.55953922E+000 0.49589028E+000
0.50410972E+000 0.63622818E+000 0.36377182E+000
0.39562199E-001 0.42300220E-001 0.39651152E-001 0.42032897E-001 0.39437444E-001 0.44576502E-001 0.44780203E-001 0.44846596E-001 0.48044265E-001 0.45180104E-001
0.51327654E-001 0.68210423E-001 0.85330677E-001 0.12658929E+000 0.10669837E+000 0.14029978E-001 0.14029978E-001 0.16810805E-001 0.16810805E-001 0.12831047E-001
0.12831047E-001 0.12581575E-001 0.12581575E-001
0.15000000E+002 -.38877114E+005 0.77784228E+005 0.77878639E+005 0.77830975E+005 0.34043817E+005 0.32752000E+005 0.30962271E-006 0.13927023E+005 0.32752000E+005
0.10000000E+001
606
0.10668344E+001 0.11981542E+001 0.11481591E+001 0.11516000E+001 0.11206177E+001 -.89205605E+000 -.95156674E+000 -.10001816E+001 -.98267397E+000 -.98595572E+000
-.57642385E-001 -.42308233E+000 -.57290701E+000 0.18729207E+001 0.69587999E+000 0.80997355E+000 0.19002645E+000 0.39577941E+000 0.60422059E+000 0.48559339E+000
0.51440661E+000 0.59690935E+000 0.40309065E+000
0.41555988E-001 0.44484077E-001 0.44739878E-001 0.43470231E-001 0.42233011E-001 0.42182118E-001 0.42807142E-001 0.43074460E-001 0.42400710E-001 0.43655156E-001
0.50888951E-001 0.69880959E-001 0.86548885E-001 0.12172775E+000 0.10410802E+000 0.14386858E-001 0.14386858E-001 0.16711198E-001 0.16711198E-001 0.12711676E-001
0.12711676E-001 0.12641658E-001 0.12641658E-001
0.15000000E+002 -.38828781E+005 0.77687563E+005 0.77781973E+005 0.77734310E+005 0.35019254E+005 0.32752000E+005 0.00000000E+000 0.14028294E+005 0.32752000E+005
0.10000000E+001
607
0.10834189E+001 0.11072841E+001 0.10490974E+001 0.10861307E+001 0.10791876E+001 -.10633099E+001 -.10672811E+001 -.10324960E+001 -.10914836E+001 -.10479062E+001
-.57696696E-003 -.38978986E+000 -.49147530E+000 0.20764918E+001 0.80316900E+000 0.84378994E+000 0.15621006E+000 0.40376789E+000 0.59623211E+000 0.49985576E+000
0.50014424E+000 0.62371544E+000 0.37628456E+000
0.40169670E-001 0.39764269E-001 0.39185232E-001 0.40464125E-001 0.39832181E-001 0.44896189E-001 0.45150510E-001 0.44078348E-001 0.45183602E-001 0.45415226E-001
0.50016491E-001 0.68685353E-001 0.80994754E-001 0.12648619E+000 0.10157449E+000 0.12896512E-001 0.12896512E-001 0.16535269E-001 0.16535269E-001 0.12504122E-001
0.12504122E-001 0.11770486E-001 0.11770486E-001
0.15000000E+002 -.38664650E+005 0.77359299E+005 0.77453710E+005 0.77406047E+005 0.33975794E+005 0.32752000E+005 0.11453899E-005 0.13655436E+005 0.32752000E+005
0.10000000E+001
608
0.11041472E+001 0.10909264E+001 0.10599167E+001 0.10760835E+001 0.10109144E+001 -.97299669E+000 -.10793504E+001 -.10497400E+001 -.11110307E+001 -.99711258E+000
-.24145830E-001 -.22945588E+000 -.40758747E+000 0.18390538E+001 0.58455460E+000 0.83335556E+000 0.16664444E+000 0.44288640E+000 0.55711360E+000 0.49396384E+000
0.50603616E+000 0.63576404E+000 0.36423596E+000
0.40720560E-001 0.42040608E-001 0.40479216E-001 0.41827713E-001 0.38726974E-001 0.43986074E-001 0.45771409E-001 0.44718592E-001 0.46302949E-001 0.44884523E-001
0.49167256E-001 0.70066860E-001 0.84073513E-001 0.12494074E+000 0.10413721E+000 0.13650253E-001 0.13650253E-001 0.17288159E-001 0.17288159E-001 0.12290023E-001
0.12290023E-001 0.12497741E-001 0.12497741E-001
0.15000000E+002 -.38814472E+005 0.77658944E+005 0.77753354E+005 0.77705691E+005 0.34186775E+005 0.32752000E+005 0.16128292E-007 0.13914809E+005 0.32752000E+005
0.10000000E+001
609
0.10967083E+001 0.10650308E+001 0.10592111E+001 0.10898016E+001 0.10761243E+001 -.10446062E+001 -.10034072E+001 -.99380820E+000 -.99303090E+000 -.10534701E+001
-.11820757E+000 -.37407861E+000 -.51745500E+000 0.18571742E+001 0.76178234E+000 0.81503970E+000 0.18496030E+000 0.40755586E+000 0.59244414E+000 0.47048247E+000
0.52951753E+000 0.59926986E+000 0.40073014E+000
0.43084068E-001 0.43340627E-001 0.44349617E-001 0.43437474E-001 0.42340727E-001 0.45684644E-001 0.44237432E-001 0.43444106E-001 0.45605805E-001 0.46856344E-001
0.51976800E-001 0.71412887E-001 0.83189868E-001 0.12318569E+000 0.10392903E+000 0.14516723E-001 0.14516723E-001 0.17242933E-001 0.17242933E-001 0.12948913E-001
0.12948913E-001 0.13366250E-001 0.13366250E-001
0.15000000E+002 -.38874983E+005 0.77779967E+005 0.77874377E+005 0.77826714E+005 0.34887087E+005 0.32752000E+005 0.11102230E-015 0.14063258E+005 0.32752000E+005
0.10000000E+001
610
0.11185241E+001 0.10825685E+001 0.10988753E+001 0.11508646E+001 0.11395422E+001 -.96341820E+000 -.10324793E+001 -.99046560E+000 -.10174681E+001 -.10220851E+001
-.17388527E+000 -.49552861E+000 -.55743276E+000 0.21886479E+001 0.84555134E+000 0.84463394E+000 0.15536606E+000 0.37859204E+000 0.62140796E+000 0.45663789E+000
0.54336211E+000 0.59140442E+000 0.40859558E+000
0.41164867E-001 0.40696714E-001 0.41759629E-001 0.43026294E-001 0.41969431E-001 0.40507079E-001 0.42403960E-001 0.40393632E-001 0.43001804E-001 0.41956380E-001
0.47939125E-001 0.67242119E-001 0.77116111E-001 0.13375478E+000 0.10216695E+000 0.14584800E-001 0.14584800E-001 0.15819388E-001 0.15819388E-001 0.11894643E-001
0.11894643E-001 0.12591854E-001 0.12591854E-001
0.15000000E+002 -.38734341E+005 0.77498681E+005 0.77593092E+005 0.77545429E+005 0.33988149E+005 0.32752000E+005 0.90740719E-006 0.13774758E+005 0.32752000E+005
0.10000000E+001
611
0.10391932E+001 0.10609780E+001 0.11111369E+001 0.10886619E+001 0.10999303E+001 -.95471460E+000 -.96534655E+000 -.10605927E+001 -.10344283E+001 -.10932838E+001
-.32184401E-001 -.34854466E+000 -.49307104E+000 0.20148500E+001 0.72116843E+000 0.84108260E+000 0.15891740E+000 0.41373538E+000 0.58626462E+000 0.49195459E+000
0.50804541E+000 0.62397081E+000 0.37602919E+000
0.41599941E-001 0.41438413E-001 0.42177688E-001 0.42104917E-001 0.42026087E-001 0.42397378E-001 0.42893374E-001 0.45864211E-001 0.45276700E-001 0.48302514E-001
0.51245598E-001 0.71481010E-001 0.82723729E-001 0.12934455E+000 0.10399119E+000 0.13657902E-001 0.13657902E-001 0.17338321E-001 0.17338321E-001 0.12808082E-001
0.12808082E-001 0.12926630E-001 0.12926630E-001
0.15000000E+002 -.38805095E+005 0.77640190E+005 0.77734600E+005 0.77686937E+005 0.34970684E+005 0.32752000E+005 0.00000000E+000 0.13965369E+005 0.32752000E+005
0.10000000E+001
612
0.11445822E+001 0.10692033E+001 0.10553807E+001 0.10446007E+001 0.10864754E+001 -.98448819E+000 -.99529428E+000 -.10214552E+001 -.96530168E+000 -.10035659E+001
-.77775350E-001 -.33285188E+000 -.48055068E+000 0.17885788E+001 0.59096476E+000 0.81087825E+000 0.18912175E+000 0.41754688E+000 0.58245312E+000 0.48056596E+000
0.51943404E+000 0.60656855E+000 0.39343145E+000
0.44167661E-001 0.42133828E-001 0.41638308E-001 0.41202006E-001 0.44658953E-001 0.44464025E-001 0.43018144E-001 0.44409884E-001 0.43510919E-001 0.42905570E-001
0.52712796E-001 0.68843430E-001 0.84757716E-001 0.12422568E+000 0.10459541E+000 0.15121821E-001 0.15121821E-001 0.16742824E-001 0.16742824E-001 0.13158290E-001
0.13158290E-001 0.13101812E-001 0.13101812E-001
0.15000000E+002 -.38971917E+005 0.77973833E+005 0.78068244E+005 0.78020581E+005 0.34085001E+005 0.32752000E+005 0.13600497E-006 0.14006037E+005 0.32752000E+005
0.10000000E+001
613
-.10835834E+001 -.11235990E+001 -.10906716E+001 -.10710361E+001 -.10575879E+001 0.97676594E+000 0.10043287E+001 0.10690604E+001 0.10291346E+001 0.10363314E+001
-.10455465E-001 -.18104635E+001 -.41818553E+000 0.22041607E+001 0.86680319E+000 0.59717241E+000 0.40282759E+000 0.14058212E+000 0.85941788E+000 0.49738616E+000
0.50261384E+000 0.36768381E+000 0.63231619E+000
0.46608573E-001 0.49048129E-001 0.47947873E-001 0.48181720E-001 0.45909392E-001 0.39142331E-001 0.39569877E-001 0.40882663E-001 0.40261341E-001 0.41021189E-001
0.51809852E-001 0.10904100E+000 0.63071060E-001 0.13520464E+000 0.10490047E+000 0.17275505E-001 0.17275505E-001 0.13174201E-001 0.13174201E-001 0.12952109E-001
0.12952109E-001 0.12938609E-001 0.12938609E-001
0.15000000E+002 -.38789309E+005 0.77608617E+005 0.77703028E+005 0.77655365E+005 0.34806796E+005 0.32752000E+005 0.17763568E-014 0.13966725E+005 0.32752000E+005
0.10000000E+001
614
0.10625603E+001 0.10890461E+001 0.11405541E+001 0.10668186E+001 0.10720771E+001 -.98725229E+000 -.92813004E+000 -.10795879E+001 -.10061744E+001 -.10519142E+001
-.73209544E-001 -.34444246E+000 -.50531892E+000 0.19676709E+001 0.70075408E+000 0.83523989E+000 0.16476011E+000 0.41473075E+000 0.58526925E+000 0.48170578E+000
0.51829422E+000 0.61729244E+000 0.38270756E+000
0.41205049E-001 0.42671762E-001 0.44031735E-001 0.41866163E-001 0.42364234E-001 0.44590923E-001 0.41734850E-001 0.45999448E-001 0.45066530E-001 0.46074217E-001
0.51850107E-001 0.67873240E-001 0.83050154E-001 0.12929560E+000 0.10414989E+000 0.14408027E-001 0.14408027E-001 0.16474814E-001 0.16474814E-001 0.12945174E-001
0.12945174E-001 0.12804753E-001 0.12804753E-001
0.15000000E+002 -.38834835E+005 0.77699671E+005 0.77794082E+005 0.77746418E+005 0.34763521E+005 0.32752000E+005 0.64392935E-014 0.13852662E+005 0.32752000E+005
0.10000000E+001
615
0.10026454E+001 0.10789791E+001 0.10848741E+001 0.10441463E+001 0.97642269E+000 -.10218374E+001 -.10908937E+001 -.11132408E+001 -.10378410E+001 -.10109137E+001
0.24189214E-001 -.28579196E+000 -.42343351E+000 0.19556584E+001 0.77087461E+000 0.84155801E+000 0.15844199E+000 0.42903438E+000 0.57096562E+000 0.50604701E+000
0.49395299E+000 0.63779073E+000 0.36220927E+000
0.38962608E-001 0.40981341E-001 0.40463367E-001 0.39021220E-001 0.38404567E-001 0.44439441E-001 0.47373077E-001 0.49163578E-001 0.45701969E-001 0.44210511E-001
0.48914721E-001 0.69217614E-001 0.86158660E-001 0.12847871E+000 0.10619000E+000 0.13949604E-001 0.13949604E-001 0.16955815E-001 0.16955815E-001 0.12226892E-001
0.12226892E-001 0.12644250E-001 0.12644250E-001
0.15000000E+002 -.38875785E+005 0.77781570E+005 0.77875981E+005 0.77828318E+005 0.34423005E+005 0.32752000E+005 0.66497363E-010 0.13916979E+005 0.32752000E+005
0.10000000E+001
616
0.11160337E+001 0.11016027E+001 0.10673846E+001 0.10190611E+001 0.10731816E+001 -.10647605E+001 -.10635556E+001 -.11163892E+001 -.10446463E+001 -.99664285E+000
-.15527490E-001 -.39609897E+000 -.41936442E+000 0.19872448E+001 0.63835920E+000 0.83077725E+000 0.16922275E+000 0.40224997E+000 0.59775003E+000 0.49611821E+000
0.50388179E+000 0.61485015E+000 0.38514985E+000
0.42081499E-001 0.40158054E-001 0.41519704E-001 0.40133546E-001 0.40711231E-001 0.46002218E-001 0.47060596E-001 0.46373177E-001 0.43991038E-001 0.44527111E-001
0.49434866E-001 0.71021135E-001 0.81596479E-001 0.12614108E+000 0.10237047E+000 0.13808212E-001 0.13808212E-001 0.17076672E-001 0.17076672E-001 0.12357972E-001
0.12357972E-001 0.12606372E-001 0.12606372E-001
0.15000000E+002 -.38728791E+005 0.77487581E+005 0.77581992E+005 0.77534329E+005 0.34379794E+005 0.32752000E+005 0.19211421E-009 0.13807142E+005 0.32752000E+005
0.10000000E+001
617
0.10633141E+001 0.10674852E+001 0.11069817E+001 0.10288907E+001 0.11150018E+001 -.10300047E+001 -.10235492E+001 -.10881880E+001 -.11014599E+001 -.10248166E+001
0.70493422E-001 -.34551388E+000 -.33725797E+000 0.19101717E+001 0.61928861E+000 0.82702070E+000 0.17297930E+000 0.41447072E+000 0.58552928E+000 0.51761606E+000
0.48238394E+000 0.62801321E+000 0.37198679E+000
0.39263024E-001 0.40510784E-001 0.42260097E-001 0.40346039E-001 0.41633850E-001 0.48013057E-001 0.46496220E-001 0.47671552E-001 0.47772229E-001 0.48157859E-001
0.52246552E-001 0.70414515E-001 0.84762941E-001 0.12307493E+000 0.10253161E+000 0.13669305E-001 0.13669305E-001 0.17088528E-001 0.17088528E-001 0.13045425E-001
0.13045425E-001 0.12685173E-001 0.12685173E-001
0.15000000E+002 -.38727607E+005 0.77485214E+005 0.77579624E+005 0.77531961E+005 0.35070865E+005 0.32752000E+005 0.00000000E+000 0.13873616E+005 0.32752000E+005
0.10000000E+001
618
-.10480832E+001 -.95209350E+000 -.97247208E+000 -.10532674E+001 -.10211374E+001 0.10307533E+001 0.10871856E+001 0.10851097E+001 0.10851090E+001 0.10557703E+001
0.23887305E-001 -.16037429E+001 -.28993287E+000 0.18988737E+001 0.76929849E+000 0.57325177E+000 0.42674823E+000 0.16745914E+000 0.83254086E+000 0.50597154E+000
0.49402846E+000 0.37277866E+000 0.62722134E+000
0.45544627E-001 0.45062612E-001 0.44645570E-001 0.46902709E-001 0.45102572E-001 0.41035592E-001 0.41835356E-001 0.41512688E-001 0.41978809E-001 0.41894431E-001
0.51754551E-001 0.10379794E+000 0.62169623E-001 0.12728887E+000 0.10569675E+000 0.16846024E-001 0.16846024E-001 0.14471153E-001 0.14471153E-001 0.12936792E-001
0.12936792E-001 0.13082166E-001 0.13082166E-001
0.15000000E+002 -.38908666E+005 0.77847332E+005 0.77941743E+005 0.77894080E+005 0.35200731E+005 0.32752000E+005 0.00000000E+000 0.14097061E+005 0.32752000E+005
0.10000000E+001
619
-.10218227E+001 -.10585831E+001 -.10777481E+001 -.10328225E+001 -.10384741E+001 0.10766430E+001 0.11112142E+001 0.11007889E+001 0.10709004E+001 0.10802107E+001
0.98678311E-001 -.16321571E+001 -.23921363E+000 0.19860971E+001 0.67952046E+000 0.58757270E+000 0.41242730E+000 0.16353507E+000 0.83646493E+000 0.52464958E+000
0.47535042E+000 0.38600624E+000 0.61399376E+000
0.44105275E-001 0.44903610E-001 0.44414654E-001 0.42623650E-001 0.43005034E-001 0.40879540E-001 0.41079163E-001 0.42054469E-001 0.41445474E-001 0.40024443E-001
0.50203424E-001 0.10175183E+000 0.61251554E-001 0.12622525E+000 0.10062289E+000 0.15435537E-001 0.15435537E-001 0.13918771E-001 0.13918771E-001 0.12520352E-001
0.12520352E-001 0.11685621E-001 0.11685621E-001
0.15000000E+002 -.38721360E+005 0.77472720E+005 0.77567131E+005 0.77519467E+005 0.34174665E+005 0.32752000E+005 0.20940201E-007 0.13821296E+005 0.32752000E+005
0.10000000E+001
620
0.10890100E+001 0.10232162E+001 0.10774447E+001 0.10449964E+001 0.10679113E+001 -.11340012E+001 -.10518232E+001 -.10995211E+001 -.10703133E+001 -.10555618E+001
0.10958009E-001 -.34136785E+000 -.58475979E+000 0.20504329E+001 0.85979151E+000 0.84671497E+000 0.15328503E+000 0.41547725E+000 0.58452275E+000 0.50273947E+000
0.49726053E+000 0.63227748E+000 0.36772252E+000
0.40144136E-001 0.39562334E-001 0.42103755E-001 0.40662921E-001 0.40004089E-001 0.48583815E-001 0.46038907E-001 0.45165092E-001 0.44626018E-001 0.44899095E-001
0.51460686E-001 0.69789082E-001 0.80612038E-001 0.12769538E+000 0.10305021E+000 0.12850967E-001 0.12850967E-001 0.16948691E-001 0.16948691E-001 0.12864785E-001
0.12864785E-001 0.12151441E-001 0.12151441E-001
0.15000000E+002 -.38669696E+005 0.77369393E+005 0.77463804E+005 0.77416140E+005 0.34879903E+005 0.32752000E+005 0.22204460E-015 0.13845914E+005 0.32752000E+005
0.10000000E+001
621
0.10836180E+001 0.11124513E+001 0.10502986E+001 0.10650355E+001 0.11162767E+001 -.10205090E+001 -.10759387E+001 -.96914367E+000 -.98663697E+000 -.10851089E+001
-.38904210E-001 -.17698250E+000 -.59469419E+000 0.17348169E+001 0.85381877E+000 0.82604238E+000 0.17395762E+000 0.45586951E+000 0.54413049E+000 0.49027517E+000
0.50972483E+000 0.63735608E+000 0.36264392E+000
0.40202432E-001 0.40732395E-001 0.38570335E-001 0.40234602E-001 0.41683166E-001 0.44394541E-001 0.46412678E-001 0.43361628E-001 0.43411101E-001 0.45562615E-001
0.50333584E-001 0.67110067E-001 0.83455177E-001 0.12370724E+000 0.10532187E+000 0.13880399E-001 0.13880399E-001 0.16646820E-001 0.16646820E-001 0.12578636E-001
0.12578636E-001 0.11927344E-001 0.11927344E-001
0.15000000E+002 -.38787927E+005 0.77605853E+005 0.77700264E+005 0.77652601E+005 0.33949796E+005 0.32752000E+005 0.18571002E-005 0.13821819E+005 0.32752000E+005
0.10000000E+001
622
-.10239026E+001 -.94848861E+000 -.97685630E+000 -.10238590E+001 -.89546943E+000 0.11400991E+001 0.10869147E+001 0.11125875E+001 0.10258057E+001 0.11053434E+001
0.13624296E+000 -.14402946E+001 -.18924946E+000 0.16892088E+001 0.75585025E+000 0.56190923E+000 0.43809077E+000 0.19149973E+000 0.80850027E+000 0.53400815E+000
0.46599185E+000 0.38930142E+000 0.61069858E+000
0.44441041E-001 0.43107737E-001 0.43214193E-001 0.44419078E-001 0.41062644E-001 0.43173444E-001 0.41031194E-001 0.43771629E-001 0.41298180E-001 0.42299713E-001
0.50937435E-001 0.96871692E-001 0.62156175E-001 0.12347233E+000 0.10701707E+000 0.16613555E-001 0.16613555E-001 0.14998410E-001 0.14998410E-001 0.12675447E-001
0.12675447E-001 0.12519918E-001 0.12519918E-001
0.15000000E+002 -.38976898E+005 0.77983795E+005 0.78078206E+005 0.78030543E+005 0.34195604E+005 0.32752000E+005 0.13316170E-007 0.14011203E+005 0.32752000E+005
0.10000000E+001
623
0.10618427E+001 0.11118278E+001 0.11137387E+001 0.10843475E+001 0.10722924E+001 -.98602924E+000 -.10293691E+001 -.10985841E+001 -.10208179E+001 -.98030691E+000
-.61795600E-001 -.36668708E+000 -.52345080E+000 0.19603220E+001 0.69486023E+000 0.83112690E+000 0.16887310E+000 0.40934178E+000 0.59065822E+000 0.48455601E+000
0.51544399E+000 0.61372030E+000 0.38627970E+000
0.40554671E-001 0.41466818E-001 0.42798726E-001 0.41093109E-001 0.40771010E-001 0.42994523E-001 0.44051178E-001 0.45247311E-001 0.43841346E-001 0.42362715E-001
0.49898140E-001 0.68683650E-001 0.82341606E-001 0.12461138E+000 0.10265117E+000 0.13611154E-001 0.13611154E-001 0.16606408E-001 0.16606408E-001 0.12462634E-001
0.12462634E-001 0.12189796E-001 0.12189796E-001
0.15000000E+002 -.38800757E+005 0.77631514E+005 0.77725925E+005 0.77678262E+005 0.33940688E+005 0.32752000E+005 0.21949317E-005 0.13886722E+005 0.32752000E+005
0.10000000E+001
624
0.10649240E+001 0.10993944E+001 0.10443156E+001 0.11561313E+001 0.10958533E+001 -.10155861E+001 -.10186343E+001 -.10355621E+001 -.10109647E+001 -.10513636E+001
-.13184789E+000 -.42615465E+000 -.42357527E+000 0.20952565E+001 0.80958577E+000 0.84145604E+000 0.15854396E+000 0.39504494E+000 0.60495506E+000 0.46708570E+000
0.53291430E+000 0.60355718E+000 0.39644282E+000
0.39505540E-001 0.40458689E-001 0.40001082E-001 0.41629487E-001 0.39631644E-001 0.42214125E-001 0.41840398E-001 0.42720952E-001 0.42495040E-001 0.44366832E-001
0.48565526E-001 0.65492803E-001 0.80992549E-001 0.13032532E+000 0.10128836E+000 0.13924624E-001 0.13924624E-001 0.15651761E-001 0.15651761E-001 0.12088768E-001
0.12088768E-001 0.11717078E-001 0.11717078E-001
0.15000000E+002 -.38769512E+005 0.77569024E+005 0.77663435E+005 0.77615772E+005 0.35108920E+005 0.32752000E+005 0.00000000E+000 0.13919961E+005 0.32752000E+005
0.10000000E+001
625
0.11176874E+001 0.11181874E+001 0.11572199E+001 0.10553457E+001 0.10611952E+001 -.10248372E+001 -.96329153E+000 -.10168542E+001 -.10314076E+001 -.10517549E+001
-.45558950E-001 -.40068589E+000 -.52262139E+000 0.20036851E+001 0.78269978E+000 0.83243715E+000 0.16756285E+000 0.40114756E+000 0.59885244E+000 0.48861223E+000
0.51138777E+000 0.61188093E+000 0.38811907E+000
0.41365936E-001 0.40829552E-001 0.44432960E-001 0.40130016E-001 0.41071895E-001 0.44352190E-001 0.43810465E-001 0.42437530E-001 0.44006069E-001 0.44525477E-001
0.48611266E-001 0.69018831E-001 0.81521775E-001 0.12465921E+000 0.10341830E+000 0.13820151E-001 0.13820151E-001 0.16580269E-001 0.16580269E-001 0.12146513E-001
0.12146513E-001 0.12477380E-001 0.12477380E-001
0.15000000E+002 -.38742617E+005 0.77515234E+005 0.77609644E+005 0.77561981E+005 0.34833193E+005 0.32752000E+005 0.77715612E-015 0.13876280E+005 0.32752000E+005
0.10000000E+001
626
0.10957509E+001 0.11235838E+001 0.10708614E+001 0.10723952E+001 0.10732594E+001 -.10265300E+001 -.10564432E+001 -.98996652E+000 -.97031613E+000 -.10522147E+001
-.67544185E-001 -.44003739E+000 -.48567049E+000 0.21066041E+001 0.70813092E+000 0.84111753E+000 0.15888247E+000 0.39173206E+000 0.60826794E+000 0.48312037E+000
0.51687963E+000 0.60883934E+000 0.39116066E+000
0.40870906E-001 0.42414879E-001 0.41123425E-001 0.40955144E-001 0.42141540E-001 0.44955686E-001 0.45754837E-001 0.43506304E-001 0.43198658E-001 0.43924852E-001
0.51390939E-001 0.70750397E-001 0.81444167E-001 0.12827392E+000 0.10227069E+000 0.13368756E-001 0.13368756E-001 0.16858267E-001 0.16858267E-001 0.12833092E-001
0.12833092E-001 0.12617668E-001 0.12617668E-001
0.15000000E+002 -.38798132E+005 0.77626265E+005 0.77720675E+005 0.77673012E+005 0.34124254E+005 0.32752000E+005 0.60767946E-007 0.13910946E+005 0.32752000E+005
0.10000000E+001
627
0.10739685E+001 0.10052156E+001 0.11004752E+001 0.10561610E+001 0.10731643E+001 -.10625830E+001 -.96242675E+000 -.10730313E+001 -.10126549E+001 -.10327618E+001
-.49910345E-001 -.35411239E+000 -.49912436E+000 0.20840826E+001 0.74488367E+000 0.84940861E+000 0.15059139E+000 0.41238553E+000 0.58761447E+000 0.48752500E+000
0.51247500E+000 0.62544521E+000 0.37455479E+000
0.41255466E-001 0.39197735E-001 0.41644365E-001 0.40528911E-001 0.40484929E-001 0.44002532E-001 0.41830811E-001 0.47175297E-001 0.43523908E-001 0.44830739E-001
0.48783985E-001 0.68008252E-001 0.83556694E-001 0.13285852E+000 0.10462707E+000 0.14053513E-001 0.14053513E-001 0.16480012E-001 0.16480012E-001 0.12188404E-001
0.12188404E-001 0.12572177E-001 0.12572177E-001
0.15000000E+002 -.38856210E+005 0.77742420E+005 0.77836831E+005 0.77789168E+005 0.34356684E+005 0.32752000E+005 0.33533565E-009 0.13916909E+005 0.32752000E+005
0.10000000E+001
628
0.10796180E+001 0.11012113E+001 0.11577626E+001 0.11443769E+001 0.10504230E+001 -.10114784E+001 -.98175933E+000 -.96032112E+000 -.10166400E+001 -.95937808E+000
-.65857038E-001 -.39227325E+000 -.48006042E+000 0.18519849E+001 0.70344955E+000 0.81148857E+000 0.18851143E+000 0.40317018E+000 0.59682982E+000 0.48354169E+000
0.51645831E+000 0.60060915E+000 0.39939085E+000
0.42827901E-001 0.42837291E-001 0.44640099E-001 0.42957613E-001 0.42714736E-001 0.45123308E-001 0.45264264E-001 0.43788450E-001 0.46593883E-001 0.41934268E-001
0.52913238E-001 0.73529205E-001 0.80231244E-001 0.12424938E+000 0.10426490E+000 0.14466930E-001 0.14466930E-001 0.17692890E-001 0.17692890E-001 0.13213977E-001
0.13213977E-001 0.13462954E-001 0.13462954E-001
0.15000000E+002 -.38864158E+005 0.77758316E+005 0.77852726E+005 0.77805063E+005 0.34792556E+005 0.32752000E+005 0.27755576E-014 0.14036974E+005 0.32752000E+005
0.10000000E+001
629
0.98897542E+000 0.10743623E+001 0.11404302E+001 0.10483673E+001 0.11372297E+001 -.96745430E+000 -.96764243E+000 -.10608112E+001 -.10118052E+001 -.98441548E+000
-.55620365E-001 -.40310103E+000 -.47805154E+000 0.19422800E+001 0.67133182E+000 0.82334533E+000 0.17665467E+000 0.40056751E+000 0.59943249E+000 0.48609849E+000
0.51390151E+000 0.60607917E+000 0.39392083E+000
0.40805043E-001 0.43459766E-001 0.45434800E-001 0.42886566E-001 0.44134345E-001 0.44855197E-001 0.44064151E-001 0.46984016E-001 0.45450404E-001 0.46024753E-001
0.56079687E-001 0.71454998E-001 0.83715459E-001 0.12979366E+000 0.10448166E+000 0.14586009E-001 0.14586009E-001 0.17157287E-001 0.17157287E-001 0.14009084E-001
0.14009084E-001 0.13249058E-001 0.13249058E-001
0.15000000E+002 -.38919327E+005 0.77868654E+005 0.77963065E+005 0.77915401E+005 0.34499468E+005 0.32752000E+005 0.95645714E-011 0.14003776E+005 0.32752000E+005
0.10000000E+001
630
0.11127606E+001 0.10997229E+001 0.10635954E+001 0.11082117E+001 0.10898961E+001 -.10125228E+001 -.97509264E+000 -.10301873E+001 -.98355641E+000 -.10109259E+001
0.39929152E-002 -.27128252E+000 -.38997959E+000 0.17825736E+001 0.56652981E+000 0.81925247E+000 0.18074753E+000 0.43259227E+000 0.56740773E+000 0.50099823E+000
0.49900177E+000 0.62630834E+000 0.37369166E+000
0.41352167E-001 0.41096711E-001 0.41225716E-001 0.41138382E-001 0.40459373E-001 0.45273809E-001 0.44594263E-001 0.45293561E-001 0.44554245E-001 0.45304479E-001
0.49662189E-001 0.70323644E-001 0.82149398E-001 0.12149109E+000 0.10339747E+000 0.13773141E-001 0.13773141E-001 0.17261374E-001 0.17261374E-001 0.12415498E-001
0.12415498E-001 0.12398786E-001 0.12398786E-001
0.15000000E+002 -.38851220E+005 0.77732439E+005 0.77826850E+005 0.77779187E+005 0.34316037E+005 0.32752000E+005 0.87772833E-009 0.13914922E+005 0.32752000E+005
0.10000000E+001
631
0.11157569E+001 0.11374548E+001 0.10393447E+001 0.10982447E+001 0.10943004E+001 -.98980846E+000 -.10776163E+001 -.97895077E+000 -.95468450E+000 -.10183564E+001
-.35296645E-001 -.27754671E+000 -.66208686E+000 0.19393393E+001 0.92446271E+000 0.84047849E+000 0.15952151E+000 0.43105534E+000 0.56894466E+000 0.49117675E+000
0.50882325E+000 0.63215447E+000 0.36784553E+000
0.42320810E-001 0.42413457E-001 0.40369497E-001 0.42362880E-001 0.40910058E-001 0.44700761E-001 0.47140728E-001 0.42930625E-001 0.43797358E-001 0.45038534E-001
0.52399604E-001 0.66239810E-001 0.87408191E-001 0.12770336E+000 0.10673917E+000 0.13777947E-001 0.13777947E-001 0.16245090E-001 0.16245090E-001 0.13095822E-001
0.13095822E-001 0.12197305E-001 0.12197305E-001
0.15000000E+002 -.38767236E+005 0.77564472E+005 0.77658882E+005 0.77611219E+005 0.34596157E+005 0.32752000E+005 0.73585582E-012 0.13868347E+005 0.32752000E+005
0.10000000E+001
632
0.10941476E+001 0.10700838E+001 0.11020402E+001 0.10981465E+001 0.10810577E+001 -.10171010E+001 -.93040332E+000 -.10864253E+001 -.10309142E+001 -.96403603E+000
-.46025816E-001 -.24944789E+000 -.52200364E+000 0.19194299E+001 0.77545106E+000 0.84157342E+000 0.15842658E+000 0.43795940E+000 0.56204060E+000 0.48849558E+000
0.51150442E+000 0.63512306E+000 0.36487694E+000
0.41116805E-001 0.41197330E-001 0.42591256E-001 0.41346195E-001 0.41372134E-001 0.47547491E-001 0.43152641E-001 0.47014892E-001 0.46542763E-001 0.44427477E-001
0.52272011E-001 0.72052502E-001 0.86396984E-001 0.13053796E+000 0.10604819E+000 0.13677748E-001 0.13677748E-001 0.17735793E-001 0.17735793E-001 0.13061085E-001
0.13061085E-001 0.13039712E-001 0.13039712E-001
0.15000000E+002 -.38812298E+005 0.77654596E+005 0.77749006E+005 0.77701343E+005 0.34198167E+005 0.32752000E+005 0.12593135E-007 0.13930370E+005 0.32752000E+005
0.10000000E+001
633
0.10721744E+001 0.11114981E+001 0.10703714E+001 0.10412349E+001 0.10992699E+001 -.10501930E+001 -.10383280E+001 -.10128963E+001 -.10132320E+001 -.11051726E+001
0.28144240E-001 -.21166033E+000 -.43581548E+000 0.17562926E+001 0.65806408E+000 0.82413712E+000 0.17586288E+000 0.44728159E+000 0.55271841E+000 0.50703560E+000
0.49296440E+000 0.63836076E+000 0.36163924E+000
0.41516624E-001 0.42196548E-001 0.40623048E-001 0.40364969E-001 0.43510403E-001 0.46604443E-001 0.47869562E-001 0.46927134E-001 0.45934400E-001 0.47951528E-001
0.53781617E-001 0.70862440E-001 0.83174603E-001 0.12324513E+000 0.10411318E+000 0.13852310E-001 0.13852310E-001 0.17518667E-001 0.17518667E-001 0.13442742E-001
0.13442742E-001 0.12902306E-001 0.12902306E-001
0.15000000E+002 -.38749410E+005 0.77528819E+005 0.77623230E+005 0.77575567E+005 0.34977907E+005 0.32752000E+005 0.00000000E+000 0.13893563E+005 0.32752000E+005
0.10000000E+001
634
-.10448466E+001 -.10599408E+001 -.10267391E+001 -.10448362E+001 -.10275696E+001 0.10646870E+001 0.10263659E+001 0.10871777E+001 0.10084367E+001 0.10516728E+001
0.62815797E-001 -.17526119E+001 -.36225662E+000 0.19634760E+001 0.96879378E+000 0.55252156E+000 0.44747844E+000 0.14771806E+000 0.85228194E+000 0.51569879E+000
0.48430121E+000 0.35647473E+000 0.64352527E+000
0.45837178E-001 0.44222361E-001 0.45561077E-001 0.45869803E-001 0.45991350E-001 0.40841674E-001 0.41050041E-001 0.39767768E-001 0.38427507E-001 0.39464992E-001
0.51578797E-001 0.10927824E+000 0.60567998E-001 0.13544912E+000 0.10905044E+000 0.17169710E-001 0.17169710E-001 0.13757850E-001 0.13757850E-001 0.12881988E-001
0.12881988E-001 0.12581678E-001 0.12581678E-001
0.15000000E+002 -.38854311E+005 0.77738622E+005 0.77833032E+005 0.77785369E+005 0.34110460E+005 0.32752000E+005 0.80847113E-007 0.13917196E+005 0.32752000E+005
0.10000000E+001
635
0.10378988E+001 0.10899073E+001 0.10700627E+001 0.10785858E+001 0.10515381E+001 -.10217701E+001 -.10458200E+001 -.10528280E+001 -.11459361E+001 -.10391500E+001
0.23528630E-001 -.32798399E+000 -.51236060E+000 0.20632358E+001 0.80885220E+000 0.85008295E+000 0.14991705E+000 0.41873123E+000 0.58126877E+000 0.50588189E+000
0.49411811E+000 0.63694425E+000 0.36305575E+000
0.39050675E-001 0.40700310E-001 0.39236643E-001 0.40172165E-001 0.39341162E-001 0.44212129E-001 0.44881340E-001 0.45204578E-001 0.47757674E-001 0.45448011E-001
0.49606420E-001 0.70998747E-001 0.80914317E-001 0.13014502E+000 0.10380514E+000 0.13136752E-001 0.13136752E-001 0.17280767E-001 0.17280767E-001 0.12399889E-001
0.12399889E-001 0.12445143E-001 0.12445143E-001
0.15000000E+002 -.38712360E+005 0.77454719E+005 0.77549130E+005 0.77501467E+005 0.34047845E+005 0.32752000E+005 0.28597852E-006 0.13763876E+005 0.32752000E+005
0.10000000E+001
636
0.11157895E+001 0.10890618E+001 0.10833562E+001 0.10978626E+001 0.10606885E+001 -.10446843E+001 -.10188839E+001 -.97276159E+000 -.99915976E+000 -.10096025E+001
0.31397959E-001 -.35378976E+000 -.57595481E+000 0.20357488E+001 0.81170706E+000 0.84316377E+000 0.15683623E+000 0.41246372E+000 0.58753628E+000 0.50784885E+000
0.49215115E+000 0.63119424E+000 0.36880576E+000
0.40085475E-001 0.39963794E-001 0.40498615E-001 0.40160321E-001 0.39717322E-001 0.46751969E-001 0.44060078E-001 0.42686577E-001 0.43224098E-001 0.42795580E-001
0.48482609E-001 0.70325635E-001 0.86147710E-001 0.12882358E+000 0.10628808E+000 0.13369621E-001 0.13369621E-001 0.17042532E-001 0.17042532E-001 0.12117666E-001
0.12117666E-001 0.12112483E-001 0.12112483E-001
0.15000000E+002 -.38785098E+005 0.77600195E+005 0.77694606E+005 0.77646943E+005 0.34293415E+005 0.32752000E+005 0.14849931E-008 0.13896301E+005 0.32752000E+005
0.10000000E+001
637
0.10463063E+001 0.10689199E+001 0.10529713E+001 0.10652327E+001 0.10875313E+001 -.10501436E+001 -.97045111E+000 -.10129609E+001 -.99282475E+000 -.10359711E+001
0.24585947E-001 -.24966259E+000 -.45663278E+000 0.17258766E+001 0.64629356E+000 0.81400005E+000 0.18599995E+000 0.43790655E+000 0.56209345E+000 0.50614618E+000
0.49385382E+000 0.62826484E+000 0.37173516E+000
0.41277688E-001 0.39604525E-001 0.41117518E-001 0.41009052E-001 0.41932824E-001 0.45448606E-001 0.45731135E-001 0.45832286E-001 0.44249898E-001 0.45958515E-001
0.51547252E-001 0.70100169E-001 0.85048423E-001 0.12245834E+000 0.10581308E+000 0.14410173E-001 0.14410173E-001 0.17254764E-001 0.17254764E-001 0.12884866E-001
0.12884866E-001 0.12741099E-001 0.12741099E-001
0.15000000E+002 -.38946087E+005 0.77922174E+005 0.78016585E+005 0.77968921E+005 0.33627145E+005 0.32752000E+005 0.34694830E-003 0.13958080E+005 0.32752000E+005
0.10000000E+001
638
-.10258574E+001 -.10345497E+001 -.10327244E+001 -.10034929E+001 -.10030272E+001 0.10265023E+001 0.10732662E+001 0.10341350E+001 0.10659394E+001 0.10753868E+001
0.97603768E-002 -.16625132E+001 -.15759168E+000 0.20938720E+001 0.56721180E+000 0.60619808E+000 0.39380192E+000 0.15942492E+000 0.84057508E+000 0.50244007E+000
0.49755993E+000 0.38390166E+000 0.61609834E+000
0.46175227E-001 0.47074490E-001 0.46320455E-001 0.44738083E-001 0.46660452E-001 0.41735319E-001 0.42065040E-001 0.42653232E-001 0.43590057E-001 0.42082442E-001
0.53163193E-001 0.10233541E+000 0.64616234E-001 0.13079384E+000 0.10399971E+000 0.16971251E-001 0.16971251E-001 0.13713827E-001 0.13713827E-001 0.13290482E-001
0.13290482E-001 0.12807536E-001 0.12807536E-001
0.15000000E+002 -.38924068E+005 0.77878137E+005 0.77972547E+005 0.77924884E+005 0.34602941E+005 0.32752000E+005 0.61173289E-012 0.14018824E+005 0.32752000E+005
0.10000000E+001
639
-.10253943E+001 -.10516441E+001 -.99075403E+000 -.10423844E+001 -.10589896E+001 0.10300218E+001 0.10465389E+001 0.10054683E+001 0.10284600E+001 0.10463110E+001
-.19999747E-001 -.17470455E+001 -.25813016E+000 0.21348479E+001 0.76956847E+000 0.59575357E+000 0.40424643E+000 0.14842024E+000 0.85157976E+000 0.49500023E+000
0.50499977E+000 0.36985034E+000 0.63014966E+000
0.47367399E-001 0.47138789E-001 0.44970483E-001 0.47290749E-001 0.47223719E-001 0.41027842E-001 0.41785741E-001 0.40739695E-001 0.40626930E-001 0.41984163E-001
0.53208712E-001 0.10724281E+000 0.62264521E-001 0.13464032E+000 0.10585652E+000 0.17575305E-001 0.17575305E-001 0.13554598E-001 0.13554598E-001 0.13300848E-001
0.13300848E-001 0.13193425E-001 0.13193425E-001
0.15000000E+002 -.38941229E+005 0.77912458E+005 0.78006869E+005 0.77959205E+005 0.34876929E+005 0.32752000E+005 0.22204460E-015 0.14157580E+005 0.32752000E+005
0.10000000E+001
640
0.10691151E+001 0.10344123E+001 0.10775545E+001 0.10134179E+001 0.10681886E+001 -.10498363E+001 -.10166841E+001 -.10120447E+001 -.98682563E+000 -.10127994E+001
-.52348489E-001 -.39678575E+000 -.54740181E+000 0.20171820E+001 0.67776915E+000 0.83484977E+000 0.16515023E+000 0.40208484E+000 0.59791516E+000 0.48691587E+000
0.51308413E+000 0.61280495E+000 0.38719505E+000
0.41415569E-001 0.41561701E-001 0.42848632E-001 0.40807743E-001 0.42045457E-001 0.47028226E-001 0.45283907E-001 0.44174013E-001 0.43304397E-001 0.43761210E-001
0.52923390E-001 0.71393718E-001 0.86292308E-001 0.13226833E+000 0.10570747E+000 0.14367513E-001 0.14367513E-001 0.17163951E-001 0.17163951E-001 0.13221787E-001
0.13221787E-001 0.13062162E-001 0.13062162E-001
0.15000000E+002 -.38960016E+005 0.77950032E+005 0.78044443E+005 0.77996779E+005 0.34519486E+005 0.32752000E+005 0.56824545E-011 0.14006507E+005 0.32752000E+005
0.10000000E+001
641
0.99225536E+000 0.10319578E+001 0.10444085E+001 0.10838226E+001 0.10288659E+001 -.10157024E+001 -.10539956E+001 -.10384409E+001 -.10983467E+001 -.10894258E+001
0.46681192E-001 -.29795519E+000 -.45092354E+000 0.18290024E+001 0.85979167E+000 0.82215948E+000 0.17784052E+000 0.42605743E+000 0.57394257E+000 0.51166818E+000
0.48833182E+000 0.62873024E+000 0.37126976E+000
0.41465332E-001 0.39973737E-001 0.39197304E-001 0.41942842E-001 0.40570731E-001 0.43990126E-001 0.48175623E-001 0.48112858E-001 0.48142944E-001 0.48601188E-001
0.52967067E-001 0.69627188E-001 0.82910715E-001 0.12376581E+000 0.10507984E+000 0.14024392E-001 0.14024392E-001 0.17026110E-001 0.17026110E-001 0.13234555E-001
0.13234555E-001 0.12590583E-001 0.12590583E-001
0.15000000E+002 -.38879526E+005 0.77789052E+005 0.77883462E+005 0.77835799E+005 0.34347339E+005 0.32752000E+005 0.41919190E-009 0.13945926E+005 0.32752000E+005
0.10000000E+001
642
0.11056297E+001 0.10585960E+001 0.11107146E+001 0.10287628E+001 0.11212955E+001 -.10198468E+001 -.96163615E+000 -.97243534E+000 -.10302072E+001 -.10668954E+001
-.76715487E-001 -.30238679E+000 -.61524959E+000 0.19081661E+001 0.84631238E+000 0.83282457E+000 0.16717543E+000 0.42497412E+000 0.57502588E+000 0.48083053E+000
0.51916947E+000 0.62108106E+000 0.37891894E+000
0.41783418E-001 0.41581634E-001 0.43036677E-001 0.41666749E-001 0.40803357E-001 0.45031129E-001 0.42627993E-001 0.43797880E-001 0.42740533E-001 0.47124555E-001
0.51205380E-001 0.68245225E-001 0.88193225E-001 0.12837502E+000 0.10714023E+000 0.14251881E-001 0.14251881E-001 0.16677162E-001 0.16677162E-001 0.12782529E-001
0.12782529E-001 0.12575285E-001 0.12575285E-001
0.15000000E+002 -.38839217E+005 0.77708435E+005 0.77802845E+005 0.77755182E+005 0.34246470E+005 0.32752000E+005 0.43250918E-008 0.13874733E+005 0.32752000E+005
0.10000000E+001
643
0.10099531E+001 0.10828818E+001 0.10682714E+001 0.10971239E+001 0.10566662E+001 -.10720823E+001 -.10758972E+001 -.10747721E+001 -.11145909E+001 -.99546988E+000
0.18125597E-001 -.36994366E+000 -.58415386E+000 0.22095461E+001 0.88536559E+000 0.86290169E+000 0.13709831E+000 0.40855464E+000 0.59144536E+000 0.50453128E+000
0.49546872E+000 0.63778693E+000 0.36221307E+000
0.40065811E-001 0.39540413E-001 0.39931658E-001 0.41140115E-001 0.39086625E-001 0.44473036E-001 0.46392066E-001 0.46367279E-001 0.46325468E-001 0.44107749E-001
0.48639886E-001 0.69785091E-001 0.86358530E-001 0.13193423E+000 0.10525793E+000 0.12501097E-001 0.12501097E-001 0.16862712E-001 0.16862712E-001 0.12158973E-001
0.12158973E-001 0.12061906E-001 0.12061906E-001
0.15000000E+002 -.38676862E+005 0.77383725E+005 0.77478136E+005 0.77430472E+005 0.34597124E+005 0.32752000E+005 0.71675998E-012 0.13824062E+005 0.32752000E+005
0.10000000E+001
644
-.98714083E+000 -.10043187E+001 -.10169612E+001 -.10036623E+001 -.11200781E+001 0.10827248E+001 0.10728374E+001 0.11358737E+001 0.11828663E+001 0.11050755E+001
0.37309229E-001 -.16421520E+001 -.24657170E+000 0.20562035E+001 0.80045928E+000 0.60205896E+000 0.39794104E+000 0.16217246E+000 0.83782754E+000 0.50932623E+000
0.49067377E+000 0.38621819E+000 0.61378181E+000
0.43993321E-001 0.44615768E-001 0.44339408E-001 0.42696173E-001 0.46677368E-001 0.41006426E-001 0.40624669E-001 0.41848565E-001 0.44518419E-001 0.43228809E-001
0.51336187E-001 0.98014413E-001 0.59244926E-001 0.12545825E+000 0.10224090E+000 0.16649375E-001 0.16649375E-001 0.13317468E-001 0.13317468E-001 0.12829582E-001
0.12829582E-001 0.12480994E-001 0.12480994E-001
0.15000000E+002 -.38635329E+005 0.77300658E+005 0.77395069E+005 0.77347406E+005 0.34393676E+005 0.32752000E+005 0.13700407E-009 0.13626666E+005 0.32752000E+005
0.10000000E+001
645
0.11419499E+001 0.10531982E+001 0.11038754E+001 0.10358016E+001 0.10638708E+001 -.10086650E+001 -.96660842E+000 -.10307423E+001 -.96733997E+000 -.98778991E+000
-.90819617E-001 -.29871027E+000 -.66995506E+000 0.19087158E+001 0.95383467E+000 0.83341215E+000 0.16658785E+000 0.42587280E+000 0.57412720E+000 0.47731069E+000
0.52268931E+000 0.62039569E+000 0.37960431E+000
0.41809208E-001 0.42258922E-001 0.42979675E-001 0.42154725E-001 0.43065058E-001 0.46271976E-001 0.43098884E-001 0.45921476E-001 0.43291837E-001 0.43968002E-001
0.52872254E-001 0.69217755E-001 0.84297536E-001 0.12982802E+000 0.10841484E+000 0.14588201E-001 0.14588201E-001 0.16924098E-001 0.16924098E-001 0.13190845E-001
0.13190845E-001 0.13159517E-001 0.13159517E-001
0.15000000E+002 -.38905507E+005 0.77841014E+005 0.77935425E+005 0.77887761E+005 0.34372850E+005 0.32752000E+005 0.22729207E-009 0.13985077E+005 0.32752000E+005
0.10000000E+001
646
-.99045449E+000 -.10780404E+001 -.10006788E+001 -.94504647E+000 -.98592315E+000 0.11917828E+001 0.11505791E+001 0.11150196E+001 0.11187015E+001 0.11438637E+001
0.76409787E-001 -.15115549E+001 -.22129561E+000 0.19039833E+001 0.80269784E+000 0.59686716E+000 0.40313284E+000 0.18070847E+000 0.81929153E+000 0.51909316E+000
0.48090684E+000 0.39673360E+000 0.60326640E+000
0.44508802E-001 0.46724815E-001 0.43296931E-001 0.41293345E-001 0.42264496E-001 0.44272697E-001 0.43457675E-001 0.42064868E-001 0.42996126E-001 0.43278662E-001
0.50714123E-001 0.95963637E-001 0.61932853E-001 0.12106754E+000 0.10191962E+000 0.16240443E-001 0.16240443E-001 0.14207696E-001 0.14207696E-001 0.12660043E-001
0.12660043E-001 0.12638613E-001 0.12638613E-001
0.15000000E+002 -.38650017E+005 0.77330034E+005 0.77424444E+005 0.77376781E+005 0.34652134E+005 0.32752000E+005 0.15742962E-012 0.13695162E+005 0.32752000E+005
0.10000000E+001
647
0.10632398E+001 0.11058876E+001 0.11132689E+001 0.11126414E+001 0.11093492E+001 -.99869085E+000 -.10218335E+001 -.10829296E+001 -.10448786E+001 -.10302004E+001
-.56409842E-001 -.26604585E+000 -.63533852E+000 0.18273977E+001 0.91623086E+000 0.82654726E+000 0.17345274E+000 0.43387809E+000 0.56612191E+000 0.48590128E+000
0.51409872E+000 0.62467654E+000 0.37532346E+000
0.39859175E-001 0.42820762E-001 0.41079370E-001 0.41633341E-001 0.40001731E-001 0.42573588E-001 0.42176861E-001 0.45042765E-001 0.43860010E-001 0.45498922E-001
0.50495014E-001 0.66463786E-001 0.84923122E-001 0.12433025E+000 0.10523890E+000 0.14420655E-001 0.14420655E-001 0.16325360E-001 0.16325360E-001 0.12613716E-001
0.12613716E-001 0.12534830E-001 0.12534830E-001
0.15000000E+002 -.38689956E+005 0.77409912E+005 0.77504323E+005 0.77456660E+005 0.34039473E+005 0.32752000E+005 0.33723609E-006 0.13735747E+005 0.32752000E+005
0.10000000E+001
648
0.10903714E+001 0.10901623E+001 0.10315915E+001 0.10758747E+001 0.10331586E+001 -.10797604E+001 -.97972866E+000 -.10255226E+001 -.10407730E+001 -.99889974E+000
0.31343370E-002 -.32189223E+000 -.60219038E+000 0.18553151E+001 0.84394298E+000 0.82250657E+000 0.17749343E+000 0.42021467E+000 0.57978533E+000 0.50078358E+000
0.49921642E+000 0.62167585E+000 0.37832415E+000
0.43219649E-001 0.42188181E-001 0.41205466E-001 0.41945402E-001 0.41181826E-001 0.46676938E-001 0.45617552E-001 0.44689620E-001 0.46147228E-001 0.44991905E-001
0.52913272E-001 0.71538710E-001 0.85705246E-001 0.12397805E+000 0.10574593E+000 0.13896344E-001 0.13896344E-001 0.17429284E-001 0.17429284E-001 0.13228286E-001
0.13228286E-001 0.12889420E-001 0.12889420E-001
0.15000000E+002 -.38875871E+005 0.77781742E+005 0.77876153E+005 0.77828490E+005 0.34337503E+005 0.32752000E+005 0.52952165E-009 0.13971668E+005 0.32752000E+005
0.10000000E+001
649
0.10868127E+001 0.10254803E+001 0.10407861E+001 0.11048365E+001 0.10103906E+001 -.10261780E+001 -.98050213E+000 -.10302299E+001 -.10493457E+001 -.10264263E+001
0.24172971E-001 -.28495092E+000 -.51215740E+000 0.17440319E+001 0.71470623E+000 0.81139207E+000 0.18860793E+000 0.42924041E+000 0.57075959E+000 0.50604295E+000
0.49395705E+000 0.62262556E+000 0.37737444E+000
0.43706045E-001 0.40594607E-001 0.41744034E-001 0.42129470E-001 0.42667159E-001 0.46211452E-001 0.44884298E-001 0.47183377E-001 0.49249790E-001 0.44488888E-001
0.52385550E-001 0.73857948E-001 0.86939676E-001 0.12238053E+000 0.10664682E+000 0.14854533E-001 0.14854533E-001 0.18094686E-001 0.18094686E-001 0.13094475E-001
0.13094475E-001 0.13958435E-001 0.13958435E-001
0.15000000E+002 -.38953554E+005 0.77937108E+005 0.78031519E+005 0.77983855E+005 0.34630721E+005 0.32752000E+005 0.28532732E-012 0.14054358E+005 0.32752000E+005
0.10000000E+001
650
0.10230560E+001 0.10894471E+001 0.10560472E+001 0.10464649E+001 0.11140956E+001 -.10495769E+001 -.11619062E+001 -.10514180E+001 -.10112954E+001 -.10534732E+001
0.17576317E-001 -.24313636E+000 -.40166396E+000 0.17054646E+001 0.72973547E+000 0.81188851E+000 0.18811149E+000 0.43951359E+000 0.56048641E+000 0.50439397E+000
0.49560603E+000 0.62733725E+000 0.37266275E+000
0.40239654E-001 0.41662625E-001 0.40396591E-001 0.40542616E-001 0.41778424E-001 0.45275777E-001 0.49841926E-001 0.45986236E-001 0.46403644E-001 0.47315138E-001
0.51295688E-001 0.71769520E-001 0.84191882E-001 0.11928143E+000 0.10347393E+000 0.13561984E-001 0.13561984E-001 0.17679804E-001 0.17679804E-001 0.12822932E-001
0.12822932E-001 0.12547003E-001 0.12547003E-001
0.15000000E+002 -.38765158E+005 0.77560315E+005 0.77654726E+005 0.77607063E+005 0.34784242E+005 0.32752000E+005 0.35527137E-014 0.13863776E+005 0.32752000E+005
0.10000000E+001
651
0.10665424E+001 0.10958772E+001 0.10339283E+001 0.10664907E+001 0.10920976E+001 -.10160724E+001 -.10170912E+001 -.98391789E+000 -.98178135E+000 -.99886202E+000
0.38810910E-001 -.41222233E+000 -.45771337E+000 0.21368375E+001 0.65295049E+000 0.84872235E+000 0.15127765E+000 0.39837937E+000 0.60162063E+000 0.50970151E+000
0.49029849E+000 0.62791987E+000 0.37208013E+000
0.39840831E-001 0.40721115E-001 0.38061930E-001 0.40395294E-001 0.40765941E-001 0.44242864E-001 0.45034657E-001 0.44372169E-001 0.43997158E-001 0.43993104E-001
0.50289341E-001 0.71963118E-001 0.82949922E-001 0.13354928E+000 0.10379224E+000 0.13409616E-001 0.13409616E-001 0.17247634E-001 0.17247634E-001 0.12567602E-001
0.12567602E-001 0.12348228E-001 0.12348228E-001
0.15000000E+002 -.38908384E+005 0.77846768E+005 0.77941179E+005 0.77893516E+005 0.34339840E+005 0.32752000E+005 0.50099624E-009 0.13977346E+005 0.32752000E+005
0.10000000E+001
652
0.10664360E+001 0.11036265E+001 0.10822119E+001 0.10585297E+001 0.10505150E+001 -.10464123E+001 -.10960674E+001 -.10697793E+001 -.10713689E+001 -.10043234E+001
-.29272879E-001 -.25100894E+000 -.53698905E+000 0.20018107E+001 0.79795207E+000 0.85205390E+000 0.14794610E+000 0.43757518E+000 0.56242482E+000 0.49268230E+000
0.50731770E+000 0.64178151E+000 0.35821849E+000
0.41505191E-001 0.42088343E-001 0.41866200E-001 0.40077485E-001 0.40820084E-001 0.44954696E-001 0.47224731E-001 0.45563926E-001 0.47374040E-001 0.45313098E-001
0.51235290E-001 0.66563594E-001 0.84686295E-001 0.13206399E+000 0.10454874E+000 0.13616316E-001 0.13616316E-001 0.16381510E-001 0.16381510E-001 0.12806079E-001
0.12806079E-001 0.12248444E-001 0.12248444E-001
0.15000000E+002 -.38685630E+005 0.77401260E+005 0.77495671E+005 0.77448008E+005 0.35293871E+005 0.32752000E+005 0.00000000E+000 0.13888240E+005 0.32752000E+005
0.10000000E+001
653
0.10728120E+001 0.10661855E+001 0.10428658E+001 0.10796431E+001 0.10682646E+001 -.10179209E+001 -.10374164E+001 -.10083853E+001 -.10183123E+001 -.11039783E+001
0.96390141E-002 -.36078585E+000 -.48742303E+000 0.20931925E+001 0.71489974E+000 0.84972000E+000 0.15028000E+000 0.41076935E+000 0.58923065E+000 0.50240973E+000
0.49759027E+000 0.63130243E+000 0.36869757E+000
0.42777503E-001 0.41220524E-001 0.41342193E-001 0.42012047E-001 0.43513212E-001 0.46676095E-001 0.47127421E-001 0.46369939E-001 0.47639360E-001 0.48037164E-001
0.54683898E-001 0.69857090E-001 0.86105326E-001 0.13235941E+000 0.10362729E+000 0.13312078E-001 0.13312078E-001 0.16908063E-001 0.16908063E-001 0.13670657E-001
0.13670657E-001 0.12603467E-001 0.12603467E-001
0.15000000E+002 -.38783283E+005 0.77596565E+005 0.77690976E+005 0.77643313E+005 0.35617871E+005 0.32752000E+005 0.00000000E+000 0.14021914E+005 0.32752000E+005
0.10000000E+001
654
0.10355802E+001 0.11345113E+001 0.11354609E+001 0.11374826E+001 0.11297170E+001 -.93363805E+000 -.93872937E+000 -.97741830E+000 -.10170180E+001 -.10017275E+001
-.56121741E-001 -.40182795E+000 -.53112147E+000 0.20157949E+001 0.73426103E+000 0.83396141E+000 0.16603859E+000 0.40087323E+000 0.59912677E+000 0.48597325E+000
0.51402675E+000 0.61134250E+000 0.38865750E+000
0.41698158E-001 0.43902767E-001 0.41382831E-001 0.43554859E-001 0.43351083E-001 0.42886650E-001 0.43080106E-001 0.46366126E-001 0.45930233E-001 0.44396047E-001
0.51088124E-001 0.71169449E-001 0.82929935E-001 0.12988564E+000 0.10560943E+000 0.14168557E-001 0.14168557E-001 0.17093043E-001 0.17093043E-001 0.12761979E-001
0.12761979E-001 0.12915762E-001 0.12915762E-001
0.15000000E+002 -.38828709E+005 0.77687418E+005 0.77781829E+005 0.77734166E+005 0.34261148E+005 0.32752000E+005 0.31061983E-008 0.13981427E+005 0.32752000E+005
0.10000000E+001
655
-.10350004E+001 -.10140574E+001 -.10821697E+001 -.99241721E+000 -.10845222E+001 0.11040867E+001 0.10449303E+001 0.10840001E+001 0.10575054E+001 0.10746384E+001
-.33985964E-001 -.15377343E+001 -.32940226E+000 0.18272018E+001 0.96227075E+000 0.57186578E+000 0.42813422E+000 0.17686489E+000 0.82313511E+000 0.49150433E+000
0.50849567E+000 0.37100953E+000 0.62899047E+000
0.45197147E-001 0.44589266E-001 0.47845383E-001 0.44452758E-001 0.43615915E-001 0.40462361E-001 0.39278399E-001 0.40064846E-001 0.39046047E-001 0.42081355E-001
0.48635727E-001 0.94558745E-001 0.60914539E-001 0.12105749E+000 0.10711314E+000 0.17252987E-001 0.17252987E-001 0.13766212E-001 0.13766212E-001 0.12155421E-001
0.12155421E-001 0.12557265E-001 0.12557265E-001
0.15000000E+002 -.38776624E+005 0.77583248E+005 0.77677659E+005 0.77629995E+005 0.34618943E+005 0.32752000E+005 0.39479531E-012 0.13858243E+005 0.32752000E+005
0.10000000E+001
656
-.10068509E+001 -.10605677E+001 -.99459791E+000 -.97693267E+000 -.98416451E+000 0.11481151E+001 0.10852826E+001 0.10770883E+001 0.10179467E+001 0.10693923E+001
0.21958466E-001 -.14296542E+001 -.28805591E+000 0.16385221E+001 0.84742182E+000 0.55202797E+000 0.44797203E+000 0.19315257E+000 0.80684743E+000 0.50548940E+000
0.49451060E+000 0.37456028E+000 0.62543972E+000
0.45296751E-001 0.46929762E-001 0.45375853E-001 0.43558315E-001 0.44222894E-001 0.42024365E-001 0.41529999E-001 0.41701448E-001 0.41061395E-001 0.41217481E-001
0.51214719E-001 0.91650406E-001 0.61328973E-001 0.11868796E+000 0.10614362E+000 0.16862578E-001 0.16862578E-001 0.14283226E-001 0.14283226E-001 0.12802136E-001
0.12802136E-001 0.12397781E-001 0.12397781E-001
0.15000000E+002 -.38920409E+005 0.77870818E+005 0.77965229E+005 0.77917565E+005 0.34274745E+005 0.32752000E+005 0.22799103E-008 0.14014055E+005 0.32752000E+005
0.10000000E+001
657
0.10687167E+001 0.10916017E+001 0.99953990E+000 0.10680000E+001 0.11229279E+001 -.97648325E+000 -.10303172E+001 -.99155198E+000 -.10345076E+001 -.10332644E+001
-.55140246E-001 -.30973562E+000 -.44564251E+000 0.17194870E+001 0.70694828E+000 0.80372672E+000 0.19627328E+000 0.42317927E+000 0.57682073E+000 0.48621843E+000
0.51378157E+000 0.60820846E+000 0.39179154E+000
0.41100903E-001 0.42495190E-001 0.39881537E-001 0.41130803E-001 0.43170886E-001 0.43765197E-001 0.44834947E-001 0.44063638E-001 0.44515478E-001 0.45002741E-001
0.51684286E-001 0.69879484E-001 0.79657679E-001 0.12106694E+000 0.10394687E+000 0.14663232E-001 0.14663232E-001 0.17057482E-001 0.17057482E-001 0.12911255E-001
0.12911255E-001 0.12769213E-001 0.12769213E-001
0.15000000E+002 -.38940899E+005 0.77911798E+005 0.78006209E+005 0.77958546E+005 0.33463045E+005 0.32752000E+005 0.28817371E-002 0.14037890E+005 0.32752000E+005
0.10000000E+001
658
0.11476370E+001 0.11184571E+001 0.11088728E+001 0.11127861E+001 0.11411296E+001 -.98205023E+000 -.95006336E+000 -.99366130E+000 -.95561497E+000 -.99486347E+000
-.21613737E-001 -.34468591E+000 -.52218108E+000 0.16727053E+001 0.66150723E+000 0.79051283E+000 0.20948717E+000 0.41467166E+000 0.58532834E+000 0.49459678E+000
0.50540322E+000 0.60056149E+000 0.39943851E+000
0.42735731E-001 0.42028657E-001 0.43005312E-001 0.42313952E-001 0.42905312E-001 0.44321337E-001 0.44268688E-001 0.43351055E-001 0.42744846E-001 0.44603953E-001
0.51414874E-001 0.71840780E-001 0.82851646E-001 0.11778464E+000 0.10374589E+000 0.14664399E-001 0.14664399E-001 0.17437128E-001 0.17437128E-001 0.12852217E-001
0.12852217E-001 0.13032056E-001 0.13032056E-001
0.15000000E+002 -.38863364E+005 0.77756727E+005 0.77851138E+005 0.77803475E+005 0.34453546E+005 0.32752000E+005 0.30941472E-010 0.13964102E+005 0.32752000E+005
0.10000000E+001
659
0.10835821E+001 0.10603418E+001 0.11076617E+001 0.11066364E+001 0.10459430E+001 -.98602618E+000 -.10409766E+001 -.11150554E+001 -.10034038E+001 -.10243494E+001
-.23573365E-001 -.39374989E+000 -.50661470E+000 0.21925557E+001 0.75880519E+000 0.85800350E+000 0.14199650E+000 0.40281492E+000 0.59718508E+000 0.49410693E+000
0.50589307E+000 0.62772675E+000 0.37227325E+000
0.39896954E-001 0.40132849E-001 0.40996154E-001 0.41097617E-001 0.38931547E-001 0.43827233E-001 0.43902537E-001 0.46412881E-001 0.43664682E-001 0.45249115E-001
0.48584331E-001 0.68151358E-001 0.85737673E-001 0.13223915E+000 0.10425953E+000 0.13032816E-001 0.13032816E-001 0.16394154E-001 0.16394154E-001 0.12144395E-001
0.12144395E-001 0.12009063E-001 0.12009063E-001
0.15000000E+002 -.38734993E+005 0.77499985E+005 0.77594396E+005 0.77546732E+005 0.34426685E+005 0.32752000E+005 0.60682126E-010 0.13790605E+005 0.32752000E+005
0.10000000E+001
660
0.10656034E+001 0.11301391E+001 0.10505502E+001 0.10375171E+001 0.11043941E+001 -.99849033E+000 -.10710275E+001 -.98228638E+000 -.96112599E+000 -.10332576E+001
-.24772529E-001 -.43455007E+000 -.52689640E+000 0.21419552E+001 0.91199761E+000 0.84649941E+000 0.15350059E+000 0.39304034E+000 0.60695966E+000 0.49380718E+000
0.50619282E+000 0.61696169E+000 0.38303831E+000
0.39813315E-001 0.41023884E-001 0.39794621E-001 0.41393950E-001 0.40839511E-001 0.45381191E-001 0.47035672E-001 0.44191286E-001 0.41803463E-001 0.45713548E-001
0.50440961E-001 0.70781767E-001 0.85449278E-001 0.13202275E+000 0.10554298E+000 0.13412250E-001 0.13412250E-001 0.16885672E-001 0.16885672E-001 0.12608306E-001
0.12608306E-001 0.12296148E-001 0.12296148E-001
0.15000000E+002 -.38826372E+005 0.77682744E+005 0.77777155E+005 0.77729492E+005 0.34813318E+005 0.32752000E+005 0.14432899E-014 0.13975105E+005 0.32752000E+005
0.10000000E+001
661
0.11043731E+001 0.10719812E+001 0.10867131E+001 0.10123550E+001 0.10961738E+001 -.10661787E+001 -.99379143E+000 -.10483870E+001 -.10217696E+001 -.10499220E+001
0.27553180E-001 -.34231828E+000 -.50730116E+000 0.20369453E+001 0.74142672E+000 0.84483169E+000 0.15516831E+000 0.41524645E+000 0.58475355E+000 0.50688786E+000
0.49311214E+000 0.63299799E+000 0.36700201E+000
0.42125376E-001 0.40009031E-001 0.40484030E-001 0.38719022E-001 0.40201572E-001 0.44534278E-001 0.44554570E-001 0.44661024E-001 0.46087607E-001 0.45935242E-001
0.49941187E-001 0.67999937E-001 0.85203869E-001 0.12836619E+000 0.10440342E+000 0.13503585E-001 0.13503585E-001 0.16511530E-001 0.16511530E-001 0.12482927E-001
0.12482927E-001 0.12178902E-001 0.12178902E-001
0.15000000E+002 -.38772296E+005 0.77574591E+005 0.77669002E+005 0.77621339E+005 0.34166534E+005 0.32752000E+005 0.24924574E-007 0.13805344E+005 0.32752000E+005
0.10000000E+001
662
0.10359115E+001 0.10762657E+001 0.10758199E+001 0.10694646E+001 0.10305286E+001 -.94298587E+000 -.11328752E+001 -.99041719E+000 -.10191458E+001 -.10374572E+001
-.28065874E-001 -.27441960E+000 -.47171940E+000 0.17121504E+001 0.80023498E+000 0.80810301E+000 0.19189699E+000 0.43182241E+000 0.56817759E+000 0.49298399E+000
0.50701601E+000 0.61732272E+000 0.38267728E+000
0.39897074E-001 0.42789115E-001 0.41781835E-001 0.40240830E-001 0.41695802E-001 0.43211142E-001 0.47854979E-001 0.44199414E-001 0.46408171E-001 0.45266396E-001
0.51687243E-001 0.70963866E-001 0.83641881E-001 0.12320856E+000 0.10618037E+000 0.14797932E-001 0.14797932E-001 0.17411113E-001 0.17411113E-001 0.12919267E-001
0.12919267E-001 0.13017637E-001 0.13017637E-001
0.15000000E+002 -.38933711E+005 0.77897422E+005 0.77991833E+005 0.77944170E+005 0.34235123E+005 0.32752000E+005 0.55753340E-008 0.14067940E+005 0.32752000E+005
0.10000000E+001
663
-.96329536E+000 -.98951165E+000 -.86805348E+000 -.94029959E+000 -.99372579E+000 0.11580348E+001 0.10486530E+001 0.10410373E+001 0.11022124E+001 0.11966435E+001
0.16467843E+000 -.14326805E+001 -.20447332E+000 0.17000969E+001 0.67817967E+000 0.56645854E+000 0.43354146E+000 0.19268138E+000 0.80731862E+000 0.54107682E+000
0.45892318E+000 0.39492354E+000 0.60507646E+000
0.44176698E-001 0.44817373E-001 0.43613215E-001 0.44858741E-001 0.46893083E-001 0.47476329E-001 0.43588078E-001 0.41599668E-001 0.44399862E-001 0.47203269E-001
0.52727554E-001 0.99014363E-001 0.65173399E-001 0.12475951E+000 0.10674097E+000 0.17314598E-001 0.17314598E-001 0.15402206E-001 0.15402206E-001 0.13092921E-001
0.13092921E-001 0.13573771E-001 0.13573771E-001
0.15000000E+002 -.38981862E+005 0.77993725E+005 0.78088135E+005 0.78040472E+005 0.34603978E+005 0.32752000E+005 0.59474647E-012 0.14068706E+005 0.32752000E+005
0.10000000E+001
664
0.97967780E+000 0.11121086E+001 0.97146960E+000 0.10735795E+001 0.10172796E+001 -.10991452E+001 -.11367303E+001 -.11092486E+001 -.11258554E+001 -.10626994E+001
-.42956341E-001 -.29367279E+000 -.40147481E+000 0.18815144E+001 0.70398968E+000 0.83031221E+000 0.16968779E+000 0.42710495E+000 0.57289505E+000 0.48926257E+000
0.51073743E+000 0.62437917E+000 0.37562083E+000
0.38976410E-001 0.41505596E-001 0.39074792E-001 0.40010439E-001 0.40217104E-001 0.45039294E-001 0.47527485E-001 0.45107447E-001 0.48358049E-001 0.44231525E-001
0.48548267E-001 0.66157284E-001 0.83480694E-001 0.12398397E+000 0.10264783E+000 0.14179912E-001 0.14179912E-001 0.16187782E-001 0.16187782E-001 0.12131469E-001
0.12131469E-001 0.12300111E-001 0.12300111E-001
0.15000000E+002 -.38758612E+005 0.77547225E+005 0.77641636E+005 0.77593972E+005 0.34369278E+005 0.32752000E+005 0.24776192E-009 0.13829874E+005 0.32752000E+005
0.10000000E+001
665
-.11275361E+001 -.10638397E+001 -.10184215E+001 -.10249600E+001 -.10079677E+001 0.10491320E+001 0.10628862E+001 0.10796979E+001 0.99593344E+000 0.10051294E+001
0.37047129E-001 -.16366834E+001 -.28585742E+000 0.19972870E+001 0.63072178E+000 0.58918655E+000 0.41081345E+000 0.16291686E+000 0.83708314E+000 0.50926072E+000
0.49073928E+000 0.37999927E+000 0.62000073E+000
0.48609620E-001 0.47383574E-001 0.47133839E-001 0.47183946E-001 0.46970294E-001 0.43436006E-001 0.42298756E-001 0.42620276E-001 0.40382204E-001 0.40306983E-001
0.53678750E-001 0.10084547E+000 0.63002363E-001 0.12983203E+000 0.10344290E+000 0.17365967E-001 0.17365967E-001 0.13752796E-001 0.13752796E-001 0.13415084E-001
0.13415084E-001 0.13002884E-001 0.13002884E-001
0.15000000E+002 -.38901112E+005 0.77832224E+005 0.77926634E+005 0.77878971E+005 0.35173192E+005 0.32752000E+005 0.00000000E+000 0.14185581E+005 0.32752000E+005
0.10000000E+001
666
-.99203860E+000 -.10744323E+001 -.10010105E+001 -.10366647E+001 -.10543297E+001 0.10598531E+001 0.10707063E+001 0.10726823E+001 0.10144130E+001 0.11099782E+001
0.49713341E-001 -.14811409E+001 -.30506456E+000 0.17497336E+001 0.71870948E+000 0.56674738E+000 0.43325262E+000 0.18525515E+000 0.81474485E+000 0.51242578E+000
0.48757422E+000 0.38074160E+000 0.61925840E+000
0.43641222E-001 0.48139088E-001 0.46022331E-001 0.45958430E-001 0.45939290E-001 0.42777323E-001 0.41718216E-001 0.41162252E-001 0.40525831E-001 0.43191510E-001
0.53283611E-001 0.97586098E-001 0.63444150E-001 0.12291603E+000 0.10379660E+000 0.16181716E-001 0.16181716E-001 0.14729224E-001 0.14729224E-001 0.13312676E-001
0.13312676E-001 0.12466142E-001 0.12466142E-001
0.15000000E+002 -.38878028E+005 0.77786056E+005 0.77880466E+005 0.77832803E+005 0.35331301E+005 0.32752000E+005 0.00000000E+000 0.14057135E+005 0.32752000E+005
0.10000000E+001
667
0.10605079E+001 0.10505053E+001 0.10940035E+001 0.11529727E+001 0.10495794E+001 -.10189938E+001 -.10608147E+001 -.10527656E+001 -.10392968E+001 -.10493378E+001
-.22327230E-001 -.32718203E+000 -.50688095E+000 0.19759733E+001 0.78782883E+000 0.83872763E+000 0.16127237E+000 0.41892644E+000 0.58107356E+000 0.49441842E+000
0.50558158E+000 0.62648388E+000 0.37351612E+000
0.39175570E-001 0.39968398E-001 0.40399252E-001 0.41644779E-001 0.40259441E-001 0.44819139E-001 0.45186294E-001 0.45618760E-001 0.44620726E-001 0.43612595E-001
0.48661026E-001 0.71173535E-001 0.82724988E-001 0.12754373E+000 0.10387739E+000 0.13577405E-001 0.13577405E-001 0.17325566E-001 0.17325566E-001 0.12163741E-001
0.12163741E-001 0.12592286E-001 0.12592286E-001
0.15000000E+002 -.38732002E+005 0.77494004E+005 0.77588414E+005 0.77540751E+005 0.33849775E+005 0.32752000E+005 0.10938294E-004 0.13793472E+005 0.32752000E+005
0.10000000E+001
668
0.11147940E+001 0.10080301E+001 0.10452164E+001 0.10431137E+001 0.10607972E+001 -.99535179E+000 -.10340804E+001 -.99313483E+000 -.10449447E+001 -.10069381E+001
-.43910923E-001 -.31165473E+000 -.50787756E+000 0.18133895E+001 0.80972201E+000 0.81783307E+000 0.18216693E+000 0.42271089E+000 0.57728911E+000 0.48902403E+000
0.51097597E+000 0.61593513E+000 0.38406487E+000
0.41771465E-001 0.39733863E-001 0.40241661E-001 0.42134622E-001 0.42077419E-001 0.45320931E-001 0.44797073E-001 0.45000981E-001 0.44849103E-001 0.43272600E-001
0.50031845E-001 0.68602451E-001 0.84147784E-001 0.12324071E+000 0.10586795E+000 0.14385646E-001 0.14385646E-001 0.16740809E-001 0.16740809E-001 0.12501934E-001
0.12501934E-001 0.12460272E-001 0.12460272E-001
0.15000000E+002 -.38976201E+005 0.77982403E+005 0.78076814E+005 0.78029150E+005 0.34165797E+005 0.32752000E+005 0.25319912E-007 0.14067462E+005 0.32752000E+005
0.10000000E+001
669
0.11492005E+001 0.11956013E+001 0.10973311E+001 0.11235274E+001 0.11085847E+001 -.99282967E+000 -.99946983E+000 -.92731044E+000 -.96943712E+000 -.97609084E+000
-.47567271E-001 -.41573160E+000 -.60466534E+000 0.19171610E+001 0.83353478E+000 0.81778757E+000 0.18221243E+000 0.39753859E+000 0.60246141E+000 0.48811042E+000
0.51188958E+000 0.60266650E+000 0.39733350E+000
0.41735392E-001 0.43627142E-001 0.40255335E-001 0.43169839E-001 0.42611148E-001 0.44092396E-001 0.45364972E-001 0.41315317E-001 0.42744563E-001 0.41779581E-001
0.49364556E-001 0.68996320E-001 0.84022580E-001 0.12360600E+000 0.10502555E+000 0.14562806E-001 0.14562806E-001 0.16524733E-001 0.16524733E-001 0.12334161E-001
0.12334161E-001 0.12682922E-001 0.12682922E-001
0.15000000E+002 -.38779970E+005 0.77589940E+005 0.77684351E+005 0.77636687E+005 0.33854026E+005 0.32752000E+005 0.10172561E-004 0.13837791E+005 0.32752000E+005
0.10000000E+001
670
0.10828787E+001 0.10923985E+001 0.10252981E+001 0.11080843E+001 0.10834276E+001 -.96324490E+000 -.10398790E+001 -.95679814E+000 -.10046515E+001 -.10587239E+001
-.26943621E-001 -.41576890E+000 -.59349375E+000 0.21841192E+001 0.92102964E+000 0.85425239E+000 0.14574761E+000 0.39752966E+000 0.60247034E+000 0.49326450E+000
0.50673550E+000 0.62281477E+000 0.37718523E+000
0.39502639E-001 0.40398553E-001 0.41275075E-001 0.41910976E-001 0.41038403E-001 0.44887450E-001 0.46767603E-001 0.41641411E-001 0.44781166E-001 0.46418172E-001
0.51050335E-001 0.70239801E-001 0.84278790E-001 0.13588910E+000 0.10601815E+000 0.13466074E-001 0.13466074E-001 0.16822420E-001 0.16822420E-001 0.12760268E-001
0.12760268E-001 0.12385620E-001 0.12385620E-001
0.15000000E+002 -.38830443E+005 0.77690886E+005 0.77785297E+005 0.77737634E+005 0.34499465E+005 0.32752000E+005 0.95652375E-011 0.13944335E+005 0.32752000E+005
0.10000000E+001
671
0.10726655E+001 0.10816409E+001 0.11152159E+001 0.10618712E+001 0.10703639E+001 -.10133870E+001 -.98806174E+000 -.98345861E+000 -.99989295E+000 -.98313802E+000
-.98507209E-001 -.34755301E+000 -.63565500E+000 0.19788085E+001 0.96912571E+000 0.83634155E+000 0.16365845E+000 0.41397594E+000 0.58602406E+000 0.47539309E+000
0.52460691E+000 0.61476563E+000 0.38523437E+000
0.41761569E-001 0.43229065E-001 0.40994465E-001 0.42969842E-001 0.41447988E-001 0.45693142E-001 0.43949530E-001 0.45964172E-001 0.43397107E-001 0.43337875E-001
0.52838880E-001 0.69839749E-001 0.89007957E-001 0.13270479E+000 0.10836688E+000 0.14468419E-001 0.14468419E-001 0.16943113E-001 0.16943113E-001 0.13177726E-001
0.13177726E-001 0.12952519E-001 0.12952519E-001
0.15000000E+002 -.38891876E+005 0.77813752E+005 0.77908163E+005 0.77860499E+005 0.34358991E+005 0.32752000E+005 0.31730085E-009 0.13993653E+005 0.32752000E+005
0.10000000E+001
672
-.98707423E+000 -.99952826E+000 -.10235097E+001 -.10389569E+001 -.11070568E+001 0.10690387E+001 0.10557384E+001 0.10691729E+001 0.10033412E+001 0.11154228E+001
0.81480567E-001 -.15911213E+001 -.22658033E+000 0.18529478E+001 0.71288491E+000 0.56508523E+000 0.43491477E+000 0.16922619E+000 0.83077381E+000 0.52035888E+000
0.47964112E+000 0.37521496E+000 0.62478504E+000
0.43262012E-001 0.43657293E-001 0.42800985E-001 0.42769653E-001 0.47398834E-001 0.40465924E-001 0.39758033E-001 0.41836319E-001 0.39922675E-001 0.41928300E-001
0.51310309E-001 0.10267616E+000 0.61301753E-001 0.12811427E+000 0.10374832E+000 0.16159068E-001 0.16159068E-001 0.14435107E-001 0.14435107E-001 0.12806310E-001
0.12806310E-001 0.12147635E-001 0.12147635E-001
0.15000000E+002 -.38887165E+005 0.77804331E+005 0.77898742E+005 0.77851078E+005 0.33888273E+005 0.32752000E+005 0.56176586E-005 0.13851273E+005 0.32752000E+005
0.10000000E+001
673
-.10106797E+001 -.94984469E+000 -.98535318E+000 -.10420545E+001 -.99815448E+000 0.11338859E+001 0.10703981E+001 0.11240635E+001 0.10918733E+001 0.10988380E+001
0.70489873E-001 -.15952325E+001 -.17618818E+000 0.19284120E+001 0.73667582E+000 0.58253280E+000 0.41746720E+000 0.16864900E+000 0.83135100E+000 0.51761517E+000
0.48238483E+000 0.38288153E+000 0.61711847E+000
0.43889568E-001 0.41317895E-001 0.45456476E-001 0.45311080E-001 0.43840598E-001 0.42571421E-001 0.42578487E-001 0.41842059E-001 0.42812659E-001 0.42085483E-001
0.49849989E-001 0.10338866E+000 0.59538729E-001 0.12814063E+000 0.10604448E+000 0.17150773E-001 0.17150773E-001 0.14495763E-001 0.14495763E-001 0.12447029E-001
0.12447029E-001 0.13143510E-001 0.13143510E-001
0.15000000E+002 -.38811928E+005 0.77653856E+005 0.77748266E+005 0.77700603E+005 0.34676174E+005 0.32752000E+005 0.80158102E-013 0.13971466E+005 0.32752000E+005
0.10000000E+001
674
0.10310307E+001 0.10796790E+001 0.10179373E+001 0.99788727E+000 0.10024459E+001 -.10823098E+001 -.11523442E+001 -.10982425E+001 -.10602906E+001 -.10806122E+001
0.37920568E-001 -.28927998E+000 -.48690144E+000 0.18892688E+001 0.78847100E+000 0.83201683E+000 0.16798317E+000 0.42818015E+000 0.57181985E+000 0.50947901E+000
0.49052099E+000 0.63392646E+000 0.36607354E+000
0.40031206E-001 0.42086337E-001 0.39558956E-001 0.39090173E-001 0.40383074E-001 0.47795687E-001 0.49181666E-001 0.46165805E-001 0.46084808E-001 0.46505689E-001
0.52424657E-001 0.69458806E-001 0.84485012E-001 0.12377255E+000 0.10383415E+000 0.13604922E-001 0.13604922E-001 0.17006427E-001 0.17006427E-001 0.13101454E-001
0.13101454E-001 0.12637277E-001 0.12637277E-001
0.15000000E+002 -.38805672E+005 0.77641345E+005 0.77735755E+005 0.77688092E+005 0.34516231E+005 0.32752000E+005 0.61868288E-011 0.13849630E+005 0.32752000E+005
0.10000000E+001
675
0.10583533E+001 0.10862054E+001 0.10846844E+001 0.10501571E+001 0.10491911E+001 -.10101908E+001 -.96440240E+000 -.10203244E+001 -.11029180E+001 -.10485134E+001
-.44138665E-002 -.32945305E+000 -.49724887E+000 0.19543129E+001 0.87166340E+000 0.83546427E+000 0.16453573E+000 0.41837371E+000 0.58162629E+000 0.49889654E+000
0.50110346E+000 0.62645874E+000 0.37354126E+000
0.41151610E-001 0.41259862E-001 0.40884928E-001 0.40873412E-001 0.40877456E-001 0.45654479E-001 0.44587372E-001 0.46473541E-001 0.48422078E-001 0.47402358E-001
0.50536069E-001 0.69361791E-001 0.84055505E-001 0.12691475E+000 0.10736705E+000 0.14079367E-001 0.14079367E-001 0.16878301E-001 0.16878301E-001 0.12633956E-001
0.12633956E-001 0.12847687E-001 0.12847687E-001
0.15000000E+002 -.38819028E+005 0.77668057E+005 0.77762468E+005 0.77714804E+005 0.33782522E+005 0.32752000E+005 0.33374677E-004 0.13813867E+005 0.32752000E+005
0.10000000E+001
676
0.10456869E+001 0.10260704E+001 0.95580831E+000 0.11091619E+001 0.10605840E+001 -.10543869E+001 -.10443241E+001 -.10198258E+001 -.10564090E+001 -.10145226E+001
0.54964426E-001 -.40248268E+000 -.62826537E+000 0.21219123E+001 0.85769956E+000 0.84805535E+000 0.15194465E+000 0.40071600E+000 0.59928400E+000 0.51373765E+000
0.48626235E+000 0.63053107E+000 0.36946893E+000
0.42177262E-001 0.40546316E-001 0.38700161E-001 0.43326757E-001 0.41057682E-001 0.46535429E-001 0.47358292E-001 0.46218989E-001 0.46940609E-001 0.46157074E-001
0.52031252E-001 0.75857482E-001 0.91328684E-001 0.13282620E+000 0.10848408E+000 0.13256895E-001 0.13256895E-001 0.18216619E-001 0.18216619E-001 0.12997993E-001
0.12997993E-001 0.13210962E-001 0.13210962E-001
0.15000000E+002 -.38879646E+005 0.77789292E+005 0.77883703E+005 0.77836039E+005 0.34105295E+005 0.32752000E+005 0.89908476E-007 0.13929536E+005 0.32752000E+005
0.10000000E+001
677
0.11540684E+001 0.10736496E+001 0.11231523E+001 0.10640603E+001 0.11436109E+001 -.10479495E+001 -.10017656E+001 -.97495803E+000 -.95726832E+000 -.10851275E+001
-.40081283E-001 -.30855440E+000 -.46113638E+000 0.18615430E+001 0.63832158E+000 0.82534496E+000 0.17465504E+000 0.42346763E+000 0.57653237E+000 0.48998102E+000
0.51001898E+000 0.62037990E+000 0.37962010E+000
0.43293944E-001 0.41672597E-001 0.41508556E-001 0.41232534E-001 0.42937574E-001 0.45474078E-001 0.43957402E-001 0.43810460E-001 0.42603368E-001 0.46833404E-001
0.50080457E-001 0.68151358E-001 0.81221088E-001 0.12222482E+000 0.10235540E+000 0.13957848E-001 0.13957848E-001 0.16638663E-001 0.16638663E-001 0.12515087E-001
0.12515087E-001 0.12500419E-001 0.12500419E-001
0.15000000E+002 -.38732677E+005 0.77495353E+005 0.77589764E+005 0.77542101E+005 0.33942217E+005 0.32752000E+005 0.21343479E-005 0.13743609E+005 0.32752000E+005
0.10000000E+001
678
0.11020635E+001 0.98165217E+000 0.10495674E+001 0.99858169E+000 0.10262150E+001 -.10779222E+001 -.99513344E+000 -.10557791E+001 -.99709669E+000 -.10911343E+001
0.34361413E-001 -.28413869E+000 -.42260726E+000 0.19046383E+001 0.70808872E+000 0.83486403E+000 0.16513597E+000 0.42943941E+000 0.57056059E+000 0.50858951E+000
0.49141049E+000 0.63563412E+000 0.36436588E+000
0.41367593E-001 0.39465424E-001 0.40864862E-001 0.39765523E-001 0.40184039E-001 0.48841999E-001 0.46184959E-001 0.46918640E-001 0.44661116E-001 0.47522549E-001
0.52746370E-001 0.70037667E-001 0.84053126E-001 0.12840733E+000 0.10542833E+000 0.13853511E-001 0.13853511E-001 0.17160714E-001 0.17160714E-001 0.13182701E-001
0.13182701E-001 0.12559633E-001 0.12559633E-001
0.15000000E+002 -.38941117E+005 0.77912235E+005 0.78006645E+005 0.77958982E+005 0.33687385E+005 0.32752000E+005 0.14553914E-003 0.13915708E+005 0.32752000E+005
0.10000000E+001
679
-.10495587E+001 -.10180290E+001 -.10085994E+001 -.10317764E+001 -.10927256E+001 0.10852873E+001 0.10575744E+001 0.10371916E+001 0.11034104E+001 0.10743032E+001
0.81860273E-002 -.15616594E+001 -.25013026E+000 0.18924167E+001 0.76765882E+000 0.58194362E+000 0.41805638E+000 0.17340866E+000 0.82659134E+000 0.50204650E+000
0.49795350E+000 0.37851221E+000 0.62148779E+000
0.44585776E-001 0.44584891E-001 0.44728235E-001 0.45006766E-001 0.45666357E-001 0.41161327E-001 0.40729479E-001 0.39399159E-001 0.40752619E-001 0.41318936E-001
0.50584529E-001 0.94900837E-001 0.61922418E-001 0.12315043E+000 0.10319534E+000 0.16498298E-001 0.16498298E-001 0.13602905E-001 0.13602905E-001 0.12645920E-001
0.12645920E-001 0.11918554E-001 0.11918554E-001
0.15000000E+002 -.38805027E+005 0.77640055E+005 0.77734465E+005 0.77686802E+005 0.34203166E+005 0.32752000E+005 0.11291116E-007 0.13917366E+005 0.32752000E+005
0.10000000E+001
680
0.10466746E+001 0.97811890E+000 0.10468879E+001 0.10338282E+001 0.10347835E+001 -.10654374E+001 -.10587958E+001 -.10479796E+001 -.10717840E+001 -.10819664E+001
0.21875223E-001 -.20632568E+000 -.48566762E+000 0.18957026E+001 0.87117185E+000 0.84414220E+000 0.15585780E+000 0.44860079E+000 0.55139921E+000 0.50546859E+000
0.49453141E+000 0.64853455E+000 0.35146545E+000
0.39284204E-001 0.39319057E-001 0.38935650E-001 0.40059908E-001 0.39030495E-001 0.47231572E-001 0.44647753E-001 0.46976429E-001 0.45872300E-001 0.47383308E-001
0.49789223E-001 0.67965162E-001 0.86941186E-001 0.12735176E+000 0.10761288E+000 0.13575475E-001 0.13575475E-001 0.16811735E-001 0.16811735E-001 0.12445817E-001
0.12445817E-001 0.12321894E-001 0.12321894E-001
0.15000000E+002 -.38880768E+005 0.77791536E+005 0.77885947E+005 0.77838284E+005 0.34373954E+005 0.32752000E+005 0.22130420E-009 0.13923203E+005 0.32752000E+005
0.10000000E+001
681
0.10915276E+001 0.10605060E+001 0.10926289E+001 0.11080353E+001 0.10301600E+001 -.11256164E+001 -.10516655E+001 -.11388344E+001 -.10993208E+001 -.10232482E+001
0.36282152E-001 -.27432652E+000 -.57391261E+000 0.18338986E+001 0.82630125E+000 0.82629194E+000 0.17370806E+000 0.43184525E+000 0.56815475E+000 0.50906954E+000
0.49093046E+000 0.63264604E+000 0.36735396E+000
0.40005749E-001 0.38617522E-001 0.41614804E-001 0.40075963E-001 0.38228852E-001 0.46308630E-001 0.45228365E-001 0.44616506E-001 0.45502660E-001 0.42919812E-001
0.49744360E-001 0.67460796E-001 0.82968437E-001 0.12050366E+000 0.10297139E+000 0.13197415E-001 0.13197415E-001 0.16551839E-001 0.16551839E-001 0.12431998E-001
0.12431998E-001 0.11614561E-001 0.11614561E-001
0.15000000E+002 -.38629109E+005 0.77288218E+005 0.77382629E+005 0.77334965E+005 0.34207014E+005 0.32752000E+005 0.10379042E-007 0.13603968E+005 0.32752000E+005
0.10000000E+001
682
0.11160758E+001 0.10504873E+001 0.10920016E+001 0.11658981E+001 0.11035500E+001 -.95322337E+000 -.94807040E+000 -.98691968E+000 -.97724842E+000 -.93938568E+000
-.17357828E+000 -.33842768E+000 -.68610514E+000 0.18578524E+001 0.97511964E+000 0.82045375E+000 0.17954625E+000 0.41619146E+000 0.58380854E+000 0.45671406E+000
0.54328594E+000 0.60082373E+000 0.39917627E+000
0.43746967E-001 0.42800624E-001 0.43125530E-001 0.45245316E-001 0.43443796E-001 0.43266246E-001 0.43137285E-001 0.44882748E-001 0.44062374E-001 0.43571129E-001
0.53761048E-001 0.70601203E-001 0.87302643E-001 0.12923304E+000 0.10874694E+000 0.14802852E-001 0.14802852E-001 0.17154407E-001 0.17154407E-001 0.13339531E-001
0.13339531E-001 0.13153871E-001 0.13153871E-001
0.15000000E+002 -.38937889E+005 0.77905779E+005 0.78000189E+005 0.77952526E+005 0.34459767E+005 0.32752000E+005 0.26435965E-010 0.14200790E+005 0.32752000E+005
0.10000000E+001
683
0.10221866E+001 0.10241666E+001 0.10648399E+001 0.10782444E+001 0.10170197E+001 -.10277995E+001 -.10515141E+001 -.96580577E+000 -.10758021E+001 -.10089830E+001
0.10077600E+000 -.34887034E+000 -.49111188E+000 0.19502946E+001 0.77183079E+000 0.83221736E+000 0.16778264E+000 0.41365639E+000 0.58634361E+000 0.52517270E+000
0.47482730E+000 0.63347318E+000 0.36652682E+000
0.40663125E-001 0.39057275E-001 0.39634370E-001 0.42856998E-001 0.40294560E-001 0.45640943E-001 0.48654690E-001 0.46760159E-001 0.47462563E-001 0.45760443E-001
0.52287195E-001 0.74000590E-001 0.85189034E-001 0.12784399E+000 0.10682803E+000 0.13990690E-001 0.13990690E-001 0.17948457E-001 0.17948457E-001 0.13038666E-001
0.13038666E-001 0.13311600E-001 0.13311600E-001
0.15000000E+002 -.38941502E+005 0.77913004E+005 0.78007415E+005 0.77959752E+005 0.34231741E+005 0.32752000E+005 0.60116122E-008 0.13955902E+005 0.32752000E+005
0.10000000E+001
684
0.10794806E+001 0.11005570E+001 0.11998873E+001 0.10997216E+001 0.11738808E+001 -.91177850E+000 -.97186820E+000 -.97617977E+000 -.91372258E+000 -.10024238E+001
-.12597048E+000 -.48541038E+000 -.46098895E+000 0.19177606E+001 0.65839831E+000 0.80726725E+000 0.19273275E+000 0.38097536E+000 0.61902464E+000 0.46854896E+000
0.53145104E+000 0.58071398E+000 0.41928602E+000
0.43080092E-001 0.42219175E-001 0.44418552E-001 0.40902075E-001 0.46057919E-001 0.40750978E-001 0.42416852E-001 0.43569395E-001 0.40956967E-001 0.42736348E-001
0.49120775E-001 0.70271778E-001 0.79374988E-001 0.12349719E+000 0.10235938E+000 0.14940192E-001 0.14940192E-001 0.16572414E-001 0.16572414E-001 0.12231605E-001
0.12231605E-001 0.12818953E-001 0.12818953E-001
0.15000000E+002 -.38906409E+005 0.77842819E+005 0.77937229E+005 0.77889566E+005 0.34521202E+005 0.32752000E+005 0.54329874E-011 0.14051197E+005 0.32752000E+005
0.10000000E+001
685
-.10056465E+001 -.93892903E+000 -.99229948E+000 -.98378305E+000 -.95368584E+000 0.11576923E+001 0.10614250E+001 0.10984070E+001 0.11773200E+001 0.10784631E+001
0.68924124E-001 -.15604952E+001 -.17618086E+000 0.19309222E+001 0.85570155E+000 0.59156217E+000 0.40843783E+000 0.17357560E+000 0.82642440E+000 0.51722421E+000
0.48277579E+000 0.38976837E+000 0.61023163E+000
0.44173982E-001 0.43235236E-001 0.42690140E-001 0.43652525E-001 0.44121191E-001 0.43791134E-001 0.41299232E-001 0.43486966E-001 0.45382007E-001 0.41368565E-001
0.50357285E-001 0.10166943E+000 0.61815151E-001 0.12716763E+000 0.10730943E+000 0.17068835E-001 0.17068835E-001 0.14584186E-001 0.14584186E-001 0.12574382E-001
0.12574382E-001 0.13145666E-001 0.13145666E-001
0.15000000E+002 -.38835344E+005 0.77700689E+005 0.77795100E+005 0.77747436E+005 0.35048059E+005 0.32752000E+005 0.00000000E+000 0.14003191E+005 0.32752000E+005
0.10000000E+001
686
0.11264328E+001 0.11859607E+001 0.11057812E+001 0.11599642E+001 0.11689000E+001 -.99648451E+000 -.95664103E+000 -.97947666E+000 -.96442829E+000 -.10535990E+001
-.17609580E+000 -.28375069E+000 -.55457891E+000 0.18291867E+001 0.73118569E+000 0.82425357E+000 0.17574643E+000 0.42953449E+000 0.57046551E+000 0.45608946E+000
0.54391054E+000 0.60956170E+000 0.39043830E+000
0.42875409E-001 0.43758854E-001 0.41049927E-001 0.44525283E-001 0.42911023E-001 0.42311003E-001 0.41973412E-001 0.42334658E-001 0.41222635E-001 0.44972034E-001
0.50391986E-001 0.65099269E-001 0.80843892E-001 0.12295194E+000 0.10287261E+000 0.14259801E-001 0.14259801E-001 0.15951574E-001 0.15951574E-001 0.12500834E-001
0.12500834E-001 0.12201255E-001 0.12201255E-001
0.15000000E+002 -.38679138E+005 0.77388276E+005 0.77482687E+005 0.77435024E+005 0.33401795E+005 0.32752000E+005 0.57868524E-002 0.13649848E+005 0.32752000E+005
0.10000000E+001
687
0.11064653E+001 0.10492220E+001 0.10570709E+001 0.11017431E+001 0.11276068E+001 -.98646505E+000 -.99999732E+000 -.94618854E+000 -.10156726E+001 -.10207472E+001
-.34156362E-001 -.30943602E+000 -.62377978E+000 0.19032015E+001 0.82343672E+000 0.83114522E+000 0.16885478E+000 0.42325241E+000 0.57674759E+000 0.49146174E+000
0.50853826E+000 0.62371612E+000 0.37628388E+000
0.41548300E-001 0.41134974E-001 0.40568379E-001 0.42257648E-001 0.42131673E-001 0.44569228E-001 0.43395010E-001 0.42437480E-001 0.44255095E-001 0.45505551E-001
0.50439700E-001 0.71204358E-001 0.84983802E-001 0.12801652E+000 0.10702504E+000 0.13974113E-001 0.13974113E-001 0.17381682E-001 0.17381682E-001 0.12606248E-001
0.12606248E-001 0.12649222E-001 0.12649222E-001
0.15000000E+002 -.38877522E+005 0.77785044E+005 0.77879455E+005 0.77831791E+005 0.34058483E+005 0.32752000E+005 0.23160798E-006 0.13982876E+005 0.32752000E+005
0.10000000E+001
688
-.94772470E+000 -.94649505E+000 -.93864318E+000 -.95941703E+000 -.89855945E+000 0.11610812E+001 0.10941811E+001 0.11191074E+001 0.11439309E+001 0.10798247E+001
0.11281018E+000 -.15426591E+001 -.75367889E-001 0.18845839E+001 0.54666486E+000 0.58465801E+000 0.41534199E+000 0.17614906E+000 0.82385094E+000 0.52817267E+000
0.47182733E+000 0.39191232E+000 0.60808768E+000
0.45042720E-001 0.44838534E-001 0.43709958E-001 0.43893504E-001 0.41809149E-001 0.44616092E-001 0.43002019E-001 0.43980248E-001 0.45788771E-001 0.44247261E-001
0.55542193E-001 0.10109187E+000 0.60898060E-001 0.12889667E+000 0.10417705E+000 0.17223505E-001 0.17223505E-001 0.14670510E-001 0.14670510E-001 0.13841464E-001
0.13841464E-001 0.13390418E-001 0.13390418E-001
0.15000000E+002 -.38972924E+005 0.77975848E+005 0.78070259E+005 0.78022596E+005 0.34652672E+005 0.32752000E+005 0.15509816E-012 0.14084843E+005 0.32752000E+005
0.10000000E+001
689
-.95324508E+000 -.10312155E+001 -.10404542E+001 -.97124605E+000 -.10037287E+001 0.10887601E+001 0.11126069E+001 0.10825537E+001 0.10973017E+001 0.10932195E+001
0.53920922E-001 -.15562736E+001 -.24082170E+000 0.18633028E+001 0.76207496E+000 0.57615995E+000 0.42384005E+000 0.17418201E+000 0.82581799E+000 0.51347697E+000
0.48652303E+000 0.38058842E+000 0.61941158E+000
0.44556659E-001 0.45269534E-001 0.44322400E-001 0.44298636E-001 0.44501002E-001 0.41521945E-001 0.41693750E-001 0.43421323E-001 0.42427155E-001 0.42580965E-001
0.52385652E-001 0.10080265E+000 0.64423239E-001 0.12605312E+000 0.10462138E+000 0.16208630E-001 0.16208630E-001 0.14499719E-001 0.14499719E-001 0.13086898E-001
0.13086898E-001 0.12424088E-001 0.12424088E-001
0.15000000E+002 -.38844317E+005 0.77718634E+005 0.77813044E+005 0.77765381E+005 0.35184355E+005 0.32752000E+005 0.00000000E+000 0.14021040E+005 0.32752000E+005
0.10000000E+001
690
0.10345628E+001 0.11340024E+001 0.10957261E+001 0.11689097E+001 0.10499886E+001 -.99559244E+000 -.10117222E+001 -.10379773E+001 -.10093331E+001 -.93709692E+000
-.55157676E-001 -.43388715E+000 -.67021548E+000 0.21286072E+001 0.97987059E+000 0.84484388E+000 0.15515612E+000 0.39319850E+000 0.60680150E+000 0.48621408E+000
0.51378592E+000 0.61279484E+000 0.38720516E+000
0.40951124E-001 0.42603047E-001 0.41918723E-001 0.42738023E-001 0.41565367E-001 0.44006292E-001 0.44147960E-001 0.44839165E-001 0.45281029E-001 0.41322190E-001
0.50441452E-001 0.70415179E-001 0.82231456E-001 0.13032815E+000 0.10526613E+000 0.13850485E-001 0.13850485E-001 0.16800600E-001 0.16800600E-001 0.12600777E-001
0.12600777E-001 0.12996382E-001 0.12996382E-001
0.15000000E+002 -.38801351E+005 0.77632702E+005 0.77727113E+005 0.77679450E+005 0.35072448E+005 0.32752000E+005 0.00000000E+000 0.13941418E+005 0.32752000E+005
0.10000000E+001
691
-.10226981E+001 -.95749545E+000 -.10044180E+001 -.98624925E+000 -.97737561E+000 0.11167505E+001 0.11138812E+001 0.10267351E+001 0.10748246E+001 0.10782245E+001
-.21626796E-001 -.15011768E+001 -.18552115E+000 0.18759983E+001 0.76376172E+000 0.59262352E+000 0.40737648E+000 0.18225008E+000 0.81774992E+000 0.49459351E+000
0.50540649E+000 0.38521812E+000 0.61478188E+000
0.45075755E-001 0.44085630E-001 0.44301206E-001 0.44136011E-001 0.44933199E-001 0.44160479E-001 0.43038520E-001 0.41387873E-001 0.41576039E-001 0.41511649E-001
0.52776874E-001 0.98868970E-001 0.65613978E-001 0.12564559E+000 0.10655795E+000 0.16460203E-001 0.16460203E-001 0.14734936E-001 0.14734936E-001 0.13192676E-001
0.13192676E-001 0.12602876E-001 0.12602876E-001
0.15000000E+002 -.38923773E+005 0.77877546E+005 0.77971957E+005 0.77924293E+005 0.33743472E+005 0.32752000E+005 0.62003243E-004 0.13981326E+005 0.32752000E+005
0.10000000E+001
692
-.10243047E+001 -.10233354E+001 -.10196533E+001 -.10771099E+001 -.10388027E+001 0.10679201E+001 0.10074110E+001 0.10727926E+001 0.11789117E+001 0.10723116E+001
-.60613520E-002 -.15716297E+001 -.25951340E+000 0.18372845E+001 0.78686526E+000 0.56602584E+000 0.43397416E+000 0.17198418E+000 0.82801582E+000 0.49848467E+000
0.50151533E+000 0.36840791E+000 0.63159209E+000
0.45524478E-001 0.42331670E-001 0.46025175E-001 0.47784129E-001 0.44890970E-001 0.40817670E-001 0.41132362E-001 0.40613359E-001 0.42463106E-001 0.40498255E-001
0.50953481E-001 0.99073122E-001 0.59957173E-001 0.12488413E+000 0.10573786E+000 0.16785757E-001 0.16785757E-001 0.14108570E-001 0.14108570E-001 0.12738253E-001
0.12738253E-001 0.12502300E-001 0.12502300E-001
0.15000000E+002 -.38772415E+005 0.77574831E+005 0.77669242E+005 0.77621578E+005 0.34537871E+005 0.32752000E+005 0.35058623E-011 0.13941895E+005 0.32752000E+005
0.10000000E+001
693
0.10449218E+001 0.10786230E+001 0.11269723E+001 0.11264757E+001 0.10908458E+001 -.99577608E+000 -.10399664E+001 -.10118662E+001 -.99445904E+000 -.99385551E+000
-.10160258E+000 -.33335153E+000 -.51806868E+000 0.18957344E+001 0.71989559E+000 0.82669502E+000 0.17330498E+000 0.41742537E+000 0.58257463E+000 0.47462118E+000
0.52537882E+000 0.61167341E+000 0.38832659E+000
0.42780174E-001 0.43112636E-001 0.44595028E-001 0.42776309E-001 0.43129189E-001 0.44608965E-001 0.45686346E-001 0.44548581E-001 0.45337109E-001 0.45103212E-001
0.53218137E-001 0.67841819E-001 0.83832218E-001 0.12481385E+000 0.10379190E+000 0.14181730E-001 0.14181730E-001 0.16497871E-001 0.16497871E-001 0.13270257E-001
0.13270257E-001 0.12733206E-001 0.12733206E-001
0.15000000E+002 -.38824104E+005 0.77678208E+005 0.77772618E+005 0.77724955E+005 0.35201125E+005 0.32752000E+005 0.00000000E+000 0.14028062E+005 0.32752000E+005
0.10000000E+001
694
-.97632667E+000 -.10038231E+001 -.11041322E+001 -.10716185E+001 -.10315150E+001 0.10546915E+001 0.10809270E+001 0.10297392E+001 0.11005328E+001 0.10899846E+001
0.36629592E-001 -.15889403E+001 -.22284266E+000 0.19106000E+001 0.61094349E+000 0.57972868E+000 0.42027132E+000 0.16953304E+000 0.83046696E+000 0.50915637E+000
0.49084363E+000 0.37838676E+000 0.62161324E+000
0.44705229E-001 0.44566117E-001 0.46315471E-001 0.46604754E-001 0.47671795E-001 0.41058978E-001 0.42037143E-001 0.41541630E-001 0.43453173E-001 0.41533376E-001
0.54119251E-001 0.98811481E-001 0.63585067E-001 0.12513051E+000 0.10144472E+000 0.16554794E-001 0.16554794E-001 0.13911825E-001 0.13911825E-001 0.13525275E-001
0.13525275E-001 0.12680504E-001 0.12680504E-001
0.15000000E+002 -.38816953E+005 0.77663907E+005 0.77758317E+005 0.77710654E+005 0.33853955E+005 0.32752000E+005 0.10184849E-004 0.13829059E+005 0.32752000E+005
0.10000000E+001
695
0.10464058E+001 0.10991922E+001 0.10513105E+001 0.10572367E+001 0.10383942E+001 -.99081950E+000 -.10797506E+001 -.10921428E+001 -.11237985E+001 -.10669049E+001
0.52256071E-001 -.43284782E+000 -.52348334E+000 0.20364140E+001 0.82253880E+000 0.83251622E+000 0.16748378E+000 0.39344650E+000 0.60655350E+000 0.51306105E+000
0.48693895E+000 0.61871607E+000 0.38128393E+000
0.39656120E-001 0.40124701E-001 0.41219188E-001 0.40334240E-001 0.40665424E-001 0.44004974E-001 0.47416507E-001 0.45469862E-001 0.46581067E-001 0.45223320E-001
0.50568652E-001 0.68507031E-001 0.80890318E-001 0.12383134E+000 0.10223154E+000 0.13529299E-001 0.13529299E-001 0.16348953E-001 0.16348953E-001 0.12633537E-001
0.12633537E-001 0.12172982E-001 0.12172982E-001
0.15000000E+002 -.38725576E+005 0.77481151E+005 0.77575562E+005 0.77527899E+005 0.35110503E+005 0.32752000E+005 0.00000000E+000 0.13847013E+005 0.32752000E+005
0.10000000E+001
696
0.11259402E+001 0.10797874E+001 0.10699024E+001 0.11124085E+001 0.10173251E+001 -.98641819E+000 -.10170412E+001 -.10051046E+001 -.10487761E+001 -.99600110E+000
-.48388920E-001 -.31961716E+000 -.49264262E+000 0.18802576E+001 0.77740083E+000 0.82644523E+000 0.17355477E+000 0.42076905E+000 0.57923095E+000 0.48790513E+000
0.51209487E+000 0.61870054E+000 0.38129946E+000
0.43412400E-001 0.41868739E-001 0.40508580E-001 0.42306372E-001 0.40234570E-001 0.43317569E-001 0.45112411E-001 0.45050794E-001 0.45617220E-001 0.44303593E-001
0.48985082E-001 0.72679126E-001 0.83941553E-001 0.12514244E+000 0.10558601E+000 0.14101430E-001 0.14101430E-001 0.17713535E-001 0.17713535E-001 0.12239105E-001
0.12239105E-001 0.13134087E-001 0.13134087E-001
0.15000000E+002 -.38860447E+005 0.77750895E+005 0.77845305E+005 0.77797642E+005 0.34520051E+005 0.32752000E+005 0.55991878E-011 0.13971332E+005 0.32752000E+005
0.10000000E+001
697
-.93537169E+000 -.96755717E+000 -.10259163E+001 -.10127629E+001 -.95539015E+000 0.10566466E+001 0.11228480E+001 0.11322712E+001 0.11058636E+001 0.10929429E+001
0.69717022E-001 -.15008805E+001 -.16614182E+000 0.18454170E+001 0.69940226E+000 0.58529206E+000 0.41470794E+000 0.18229423E+000 0.81770577E+000 0.51742220E+000
0.48257780E+000 0.39081425E+000 0.60918575E+000
0.43415888E-001 0.45031808E-001 0.45706606E-001 0.45700179E-001 0.44268089E-001 0.42938434E-001 0.43978074E-001 0.44581909E-001 0.43527085E-001 0.43949859E-001
0.53430845E-001 0.97887889E-001 0.61101500E-001 0.12499633E+000 0.10510222E+000 0.17702273E-001 0.17702273E-001 0.14591467E-001 0.14591467E-001 0.13341493E-001
0.13341493E-001 0.13709805E-001 0.13709805E-001
0.15000000E+002 -.38897130E+005 0.77824261E+005 0.77918672E+005 0.77871008E+005 0.34486164E+005 0.32752000E+005 0.13478774E-010 0.14033086E+005 0.32752000E+005
0.10000000E+001
698
0.11156996E+001 0.11231330E+001 0.11031474E+001 0.11326253E+001 0.10966946E+001 -.95887777E+000 -.97482750E+000 -.10504488E+001 -.10601690E+001 -.10215797E+001
-.13136691E+000 -.41255330E+000 -.64529722E+000 0.20079709E+001 0.91140454E+000 0.83137696E+000 0.16862304E+000 0.39830005E+000 0.60169995E+000 0.46720542E+000
0.53279458E+000 0.60063593E+000 0.39936407E+000
0.43638859E-001 0.44742173E-001 0.43433391E-001 0.44966601E-001 0.44071509E-001 0.43802387E-001 0.44003040E-001 0.45145712E-001 0.46551892E-001 0.44919273E-001
0.51080493E-001 0.69399849E-001 0.86051730E-001 0.12685291E+000 0.10453569E+000 0.14313843E-001 0.14313843E-001 0.16632168E-001 0.16632168E-001 0.12715187E-001
0.12715187E-001 0.13129123E-001 0.13129123E-001
0.15000000E+002 -.38690607E+005 0.77411213E+005 0.77505624E+005 0.77457961E+005 0.34725042E+005 0.32752000E+005 0.19872992E-013 0.13893173E+005 0.32752000E+005
0.10000000E+001
699
0.11010219E+001 0.10441984E+001 0.10655260E+001 0.10574456E+001 0.10638432E+001 -.10727521E+001 -.10488835E+001 -.11029235E+001 -.10672174E+001 -.10391702E+001
0.39487171E-001 -.23096466E+000 -.51370779E+000 0.18889065E+001 0.80058003E+000 0.83996152E+000 0.16003848E+000 0.44251416E+000 0.55748584E+000 0.50987051E+000
0.49012949E+000 0.64516085E+000 0.35483915E+000
0.40591978E-001 0.38892864E-001 0.38608470E-001 0.39240835E-001 0.39338762E-001 0.45762425E-001 0.44821106E-001 0.46034763E-001 0.43822678E-001 0.44508233E-001
0.50933797E-001 0.64943506E-001 0.80660213E-001 0.12428519E+000 0.10454729E+000 0.13175752E-001 0.13175752E-001 0.16021263E-001 0.16021263E-001 0.12728487E-001
0.12728487E-001 0.11409981E-001 0.11409981E-001
0.15000000E+002 -.38720680E+005 0.77471360E+005 0.77565771E+005 0.77518107E+005 0.34475749E+005 0.32752000E+005 0.17601920E-010 0.13725391E+005 0.32752000E+005
0.10000000E+001
700
0.10527020E+001 0.10993977E+001 0.10725646E+001 0.11181131E+001 0.10475023E+001 -.10621676E+001 -.10652895E+001 -.10045251E+001 -.10103652E+001 -.10131488E+001
-.42593760E-001 -.45270313E+000 -.49419604E+000 0.19964854E+001 0.81891392E+000 0.82401388E+000 0.17598612E+000 0.38871827E+000 0.61128173E+000 0.48935317E+000
0.51064683E+000 0.60173155E+000 0.39826845E+000
0.41503181E-001 0.42502877E-001 0.42152074E-001 0.43513486E-001 0.41386364E-001 0.46965408E-001 0.46363572E-001 0.44096397E-001 0.44242794E-001 0.43483001E-001
0.51717181E-001 0.69892564E-001 0.81066580E-001 0.12606081E+000 0.10282153E+000 0.14511036E-001 0.14511036E-001 0.16607618E-001 0.16607618E-001 0.12923433E-001
0.12923433E-001 0.13029270E-001 0.13029270E-001
0.15000000E+002 -.38798588E+005 0.77627177E+005 0.77721587E+005 0.77673924E+005 0.34343100E+005 0.32752000E+005 0.46367910E-009 0.13884499E+005 0.32752000E+005
0.10000000E+001
701
0.10857252E+001 0.10745867E+001 0.10848871E+001 0.10547659E+001 0.10428237E+001 -.10490053E+001 -.10773682E+001 -.98471821E+000 -.97376525E+000 -.10308314E+001
-.26028399E-001 -.31785602E+000 -.60644818E+000 0.17196041E+001 0.86492785E+000 0.80246113E+000 0.19753887E+000 0.42119834E+000 0.57880166E+000 0.49349327E+000
0.50650673E+000 0.60934896E+000 0.39065104E+000
0.41957676E-001 0.42208020E-001 0.41828674E-001 0.39892294E-001 0.41128190E-001 0.45076113E-001 0.44784771E-001 0.43858000E-001 0.43048551E-001 0.43022872E-001
0.50561618E-001 0.67670968E-001 0.83531440E-001 0.11953085E+000 0.10514745E+000 0.14666695E-001 0.14666695E-001 0.16497525E-001 0.16497525E-001 0.12638264E-001
0.12638264E-001 0.12363792E-001 0.12363792E-001
0.15000000E+002 -.38907440E+005 0.77844879E+005 0.77939290E+005 0.77891627E+005 0.34430208E+005 0.32752000E+005 0.55581428E-010 0.14037119E+005 0.32752000E+005
0.10000000E+001
702
0.10549844E+001 0.10960640E+001 0.11115839E+001 0.10765020E+001 0.11253765E+001 -.10185090E+001 -.10081420E+001 -.10040451E+001 -.97444331E+000 -.10788652E+001
-.25563721E-001 -.39037834E+000 -.51301769E+000 0.17806312E+001 0.83743229E+000 0.80063261E+000 0.19936739E+000 0.40362623E+000 0.59637377E+000 0.49360942E+000
0.50639058E+000 0.59959232E+000 0.40040768E+000
0.40967545E-001 0.40292388E-001 0.42222364E-001 0.40531982E-001 0.42938205E-001 0.43423289E-001 0.44343151E-001 0.43372596E-001 0.42753520E-001 0.44157167E-001
0.50492968E-001 0.68879840E-001 0.80631623E-001 0.11789177E+000 0.10312635E+000 0.14314971E-001 0.14314971E-001 0.16580211E-001 0.16580211E-001 0.12621180E-001
0.12621180E-001 0.12394653E-001 0.12394653E-001
0.15000000E+002 -.38834159E+005 0.77698319E+005 0.77792730E+005 0.77745066E+005 0.34316378E+005 0.32752000E+005 0.87075303E-009 0.13963017E+005 0.32752000E+005
0.10000000E+001
703
-.10493142E+001 -.10554636E+001 -.10506966E+001 -.10458997E+001 -.10432032E+001 0.99039827E+000 0.10520277E+001 0.10369404E+001 0.11053132E+001 0.10681448E+001
-.99114464E-003 -.16826457E+001 -.22151297E+000 0.19548045E+001 0.65684969E+000 0.56762281E+000 0.43237719E+000 0.15674545E+000 0.84325455E+000 0.49975221E+000
0.50024779E+000 0.36208232E+000 0.63791768E+000
0.46060400E-001 0.45834967E-001 0.47648598E-001 0.46671546E-001 0.46810430E-001 0.39476487E-001 0.41871697E-001 0.39701914E-001 0.42343340E-001 0.41350016E-001
0.52892362E-001 0.10283494E+000 0.59052097E-001 0.12890672E+000 0.10509222E+000 0.17642475E-001 0.17642475E-001 0.13592343E-001 0.13592343E-001 0.13223087E-001
0.13223087E-001 0.13196510E-001 0.13196510E-001
0.15000000E+002 -.38841848E+005 0.77713696E+005 0.77808107E+005 0.77760444E+005 0.35087066E+005 0.32752000E+005 0.00000000E+000 0.14058151E+005 0.32752000E+005
0.10000000E+001
704
0.10333802E+001 0.10800312E+001 0.10869686E+001 0.10408055E+001 0.10990026E+001 -.97201353E+000 -.10222971E+001 -.10354089E+001 -.98463285E+000 -.10868512E+001
-.59582015E-001 -.41762009E+000 -.54515233E+000 0.20961606E+001 0.83149151E+000 0.84271117E+000 0.15728883E+000 0.39708638E+000 0.60291362E+000 0.48510890E+000
0.51489110E+000 0.61326293E+000 0.38673707E+000
0.40040072E-001 0.42100572E-001 0.41767571E-001 0.41270432E-001 0.41384978E-001 0.44433272E-001 0.43825907E-001 0.44470136E-001 0.42459993E-001 0.46231205E-001
0.51268820E-001 0.68344373E-001 0.81681614E-001 0.13071739E+000 0.10380226E+000 0.13923503E-001 0.13923503E-001 0.16362243E-001 0.16362243E-001 0.12805836E-001
0.12805836E-001 0.12468659E-001 0.12468659E-001
0.15000000E+002 -.38857834E+005 0.77745669E+005 0.77840080E+005 0.77792416E+005 0.34007940E+005 0.32752000E+005 0.62214397E-006 0.13932703E+005 0.32752000E+005
0.10000000E+001
705
0.10751312E+001 0.10968466E+001 0.10987032E+001 0.11260028E+001 0.10319669E+001 -.10476953E+001 -.10471503E+001 -.99464949E+000 -.10640996E+001 -.10176026E+001
0.40987760E-001 -.21620521E+000 -.58619013E+000 0.16235005E+001 0.75355356E+000 0.80333899E+000 0.19666101E+000 0.44615827E+000 0.55384173E+000 0.51024551E+000
0.48975449E+000 0.62840813E+000 0.37159187E+000
0.40939273E-001 0.42349058E-001 0.41638118E-001 0.41237692E-001 0.40375328E-001 0.45751693E-001 0.45367320E-001 0.44006033E-001 0.46968020E-001 0.43967292E-001
0.50756980E-001 0.72449711E-001 0.83604199E-001 0.11724899E+000 0.10480244E+000 0.13758844E-001 0.13758844E-001 0.17902401E-001 0.17902401E-001 0.12683917E-001
0.12683917E-001 0.12678705E-001 0.12678705E-001
0.15000000E+002 -.38788990E+005 0.77607981E+005 0.77702392E+005 0.77654728E+005 0.34574732E+005 0.32752000E+005 0.13131718E-011 0.13896867E+005 0.32752000E+005
0.10000000E+001
706
0.10637043E+001 0.10821891E+001 0.10807324E+001 0.10704720E+001 0.11058922E+001 -.11033118E+001 -.10499745E+001 -.10539239E+001 -.10497462E+001 -.10692294E+001
0.99293882E-003 -.40317907E+000 -.51341290E+000 0.20358241E+001 0.72191259E+000 0.83653166E+000 0.16346834E+000 0.40054878E+000 0.59945122E+000 0.50024823E+000
0.49975177E+000 0.61864844E+000 0.38135156E+000
0.40170713E-001 0.40184867E-001 0.40580695E-001 0.40760519E-001 0.40861913E-001 0.44706196E-001 0.44270492E-001 0.43556522E-001 0.43781598E-001 0.44310215E-001
0.48867284E-001 0.67694198E-001 0.82648726E-001 0.12483065E+000 0.10249744E+000 0.13518047E-001 0.13518047E-001 0.16254017E-001 0.16254017E-001 0.12216818E-001
0.12216818E-001 0.12045579E-001 0.12045579E-001
0.15000000E+002 -.38672192E+005 0.77374384E+005 0.77468794E+005 0.77421131E+005 0.33901289E+005 0.32752000E+005 0.44640270E-005 0.13738014E+005 0.32752000E+005
0.10000000E+001
707
-.10444759E+001 -.10453727E+001 -.10502650E+001 -.10065028E+001 -.10019921E+001 0.10865670E+001 0.10420692E+001 0.11153074E+001 0.10802835E+001 0.10514484E+001
0.31808539E-001 -.15077919E+001 -.27056075E+000 0.18494567E+001 0.86151391E+000 0.58459486E+000 0.41540514E+000 0.18126626E+000 0.81873374E+000 0.50795146E+000
0.49204854E+000 0.38613761E+000 0.61386239E+000
0.44833937E-001 0.43759802E-001 0.45781336E-001 0.44165734E-001 0.44953247E-001 0.42099226E-001 0.41127313E-001 0.42227893E-001 0.41521521E-001 0.40182485E-001
0.49479306E-001 0.96211027E-001 0.60148175E-001 0.12180581E+000 0.10716904E+000 0.16786143E-001 0.16786143E-001 0.14278563E-001 0.14278563E-001 0.12366698E-001
0.12366698E-001 0.12694135E-001 0.12694135E-001
0.15000000E+002 -.38830473E+005 0.77690946E+005 0.77785356E+005 0.77737693E+005 0.33547171E+005 0.32752000E+005 0.10187797E-002 0.13845983E+005 0.32752000E+005
0.10000000E+001
708
-.98514930E+000 -.98918206E+000 -.10081234E+001 -.10173669E+001 -.10245806E+001 0.10420429E+001 0.10817023E+001 0.11056945E+001 0.11276522E+001 0.10741503E+001
0.40282463E-001 -.16446440E+001 -.28493035E+000 0.20192560E+001 0.84373056E+000 0.59257293E+000 0.40742707E+000 0.16183415E+000 0.83816585E+000 0.51006925E+000
0.48993075E+000 0.38154076E+000 0.61845924E+000
0.44550078E-001 0.44409828E-001 0.44356648E-001 0.45371956E-001 0.44371430E-001 0.39659516E-001 0.40484219E-001 0.42517195E-001 0.41726896E-001 0.41361100E-001
0.52579758E-001 0.10075640E+000 0.60963227E-001 0.13020266E+000 0.10482603E+000 0.17120575E-001 0.17120575E-001 0.13666987E-001 0.13666987E-001 0.13139608E-001
0.13139608E-001 0.12584302E-001 0.12584302E-001
0.15000000E+002 -.38836964E+005 0.77703927E+005 0.77798338E+005 0.77750675E+005 0.33600192E+005 0.32752000E+005 0.50366209E-003 0.13882678E+005 0.32752000E+005
0.10000000E+001
709
-.10603561E+001 -.10787602E+001 -.10798900E+001 -.10291951E+001 -.10801759E+001 0.10168889E+001 0.11253785E+001 0.10670544E+001 0.11324530E+001 0.10159763E+001
-.26739508E-001 -.16054296E+001 -.17404173E+000 0.19548331E+001 0.63970069E+000 0.58647292E+000 0.41352708E+000 0.16722413E+000 0.83277587E+000 0.49331552E+000
0.50668448E+000 0.37404606E+000 0.62595394E+000
0.44700095E-001 0.46725580E-001 0.44472848E-001 0.44772103E-001 0.45694823E-001 0.39889682E-001 0.41133810E-001 0.41834572E-001 0.42349424E-001 0.38308053E-001
0.51015545E-001 0.95353191E-001 0.59564763E-001 0.12354630E+000 0.10149139E+000 0.16807523E-001 0.16807523E-001 0.13278906E-001 0.13278906E-001 0.12751607E-001
0.12751607E-001 0.12178222E-001 0.12178222E-001
0.15000000E+002 -.38712596E+005 0.77455191E+005 0.77549602E+005 0.77501939E+005 0.33791553E+005 0.32752000E+005 0.28834803E-004 0.13690819E+005 0.32752000E+005
0.10000000E+001
710
0.10469941E+001 0.10729390E+001 0.10448869E+001 0.10514361E+001 0.10371734E+001 -.10337812E+001 -.99302223E+000 -.10962348E+001 -.10723084E+001 -.10466936E+001
0.34403775E-001 -.30386887E+000 -.53731733E+000 0.19560528E+001 0.73472177E+000 0.83918599E+000 0.16081401E+000 0.42461198E+000 0.57538802E+000 0.50860010E+000
0.49139990E+000 0.63546436E+000 0.36453564E+000
0.40574392E-001 0.41659419E-001 0.41449052E-001 0.42056951E-001 0.41218207E-001 0.45933974E-001 0.45126757E-001 0.47275017E-001 0.46642919E-001 0.46462630E-001
0.52760872E-001 0.69193142E-001 0.84167666E-001 0.12710514E+000 0.10516927E+000 0.13814816E-001 0.13814816E-001 0.16905036E-001 0.16905036E-001 0.13186316E-001
0.13186316E-001 0.12885275E-001 0.12885275E-001
0.15000000E+002 -.38838184E+005 0.77706368E+005 0.77800779E+005 0.77753115E+005 0.34654346E+005 0.32752000E+005 0.14799273E-012 0.13916482E+005 0.32752000E+005
0.10000000E+001
711
0.10818641E+001 0.11688605E+001 0.10591375E+001 0.11519203E+001 0.11122780E+001 -.10080384E+001 -.10202975E+001 -.10430890E+001 -.10859461E+001 -.96715406E+000
-.55294426E-001 -.30350806E+000 -.55319873E+000 0.17108845E+001 0.79340405E+000 0.80335182E+000 0.19664818E+000 0.42470013E+000 0.57529987E+000 0.48617991E+000
0.51382009E+000 0.60879298E+000 0.39120702E+000
0.41524078E-001 0.43103307E-001 0.41362721E-001 0.42135099E-001 0.41750203E-001 0.43450276E-001 0.44422087E-001 0.44173581E-001 0.47166661E-001 0.42835288E-001
0.50198420E-001 0.68891633E-001 0.82819387E-001 0.11660091E+000 0.10275629E+000 0.13796705E-001 0.13796705E-001 0.16832288E-001 0.16832288E-001 0.12540017E-001
0.12540017E-001 0.12196154E-001 0.12196154E-001
0.15000000E+002 -.38713652E+005 0.77457304E+005 0.77551715E+005 0.77504052E+005 0.34869174E+005 0.32752000E+005 0.22204460E-015 0.13662225E+005 0.32752000E+005
0.10000000E+001
712
-.10644992E+001 -.94923517E+000 -.10901144E+001 -.10212249E+001 -.10918715E+001 0.10742686E+001 0.10217512E+001 0.11270974E+001 0.10814512E+001 0.10683462E+001
0.39001927E-001 -.14460945E+001 -.27511933E+000 0.16337577E+001 0.78625568E+000 0.54677858E+000 0.45322142E+000 0.19060335E+000 0.80939665E+000 0.50974925E+000
0.49025075E+000 0.37216340E+000 0.62783660E+000
0.45994979E-001 0.43268532E-001 0.45610245E-001 0.45413790E-001 0.45376020E-001 0.40764108E-001 0.38850606E-001 0.43054786E-001 0.39439674E-001 0.41789573E-001
0.51069213E-001 0.91984736E-001 0.61012426E-001 0.11855381E+000 0.10390937E+000 0.16671430E-001 0.16671430E-001 0.14190827E-001 0.14190827E-001 0.12762449E-001
0.12762449E-001 0.12268481E-001 0.12268481E-001
0.15000000E+002 -.38809871E+005 0.77649742E+005 0.77744153E+005 0.77696490E+005 0.34668973E+005 0.32752000E+005 0.98143715E-013 0.13902317E+005 0.32752000E+005
0.10000000E+001
713
0.10944918E+001 0.11197991E+001 0.10587293E+001 0.10899538E+001 0.11215323E+001 -.10211470E+001 -.99764640E+000 -.97735828E+000 -.10115961E+001 -.98955671E+000
-.45392646E-001 -.26731994E+000 -.56362626E+000 0.16226219E+001 0.90873121E+000 0.79499509E+000 0.20500491E+000 0.43356516E+000 0.56643484E+000 0.48865379E+000
0.51134621E+000 0.61017927E+000 0.38982073E+000
0.41927984E-001 0.43165166E-001 0.42079358E-001 0.41254781E-001 0.40753004E-001 0.44200884E-001 0.44142135E-001 0.42698307E-001 0.45395758E-001 0.46458351E-001
0.51906938E-001 0.70014191E-001 0.84828463E-001 0.11780392E+000 0.10572564E+000 0.14295594E-001 0.14295594E-001 0.17194534E-001 0.17194534E-001 0.12970052E-001
0.12970052E-001 0.12489013E-001 0.12489013E-001
0.15000000E+002 -.38864310E+005 0.77758620E+005 0.77853030E+005 0.77805367E+005 0.33806953E+005 0.32752000E+005 0.22414270E-004 0.13885767E+005 0.32752000E+005
0.10000000E+001
714
0.10224023E+001 0.10343661E+001 0.10401541E+001 0.10209236E+001 0.10696232E+001 -.10020057E+001 -.10485467E+001 -.10661481E+001 -.10734506E+001 -.11011796E+001
0.43963590E-002 -.36528099E+000 -.39977012E+000 0.21247686E+001 0.67085193E+000 0.85314548E+000 0.14685452E+000 0.40968179E+000 0.59031821E+000 0.50109909E+000
0.49890091E+000 0.63190104E+000 0.36809896E+000
0.41458477E-001 0.41619550E-001 0.40344314E-001 0.39336403E-001 0.41714972E-001 0.44171468E-001 0.45029744E-001 0.47266138E-001 0.48961187E-001 0.47442221E-001
0.51382553E-001 0.69388963E-001 0.81921335E-001 0.13297483E+000 0.10399221E+000 0.13456453E-001 0.13456453E-001 0.16781209E-001 0.16781209E-001 0.12845576E-001
0.12845576E-001 0.12575309E-001 0.12575309E-001
0.15000000E+002 -.38843735E+005 0.77717471E+005 0.77811882E+005 0.77764218E+005 0.34589635E+005 0.32752000E+005 0.87829743E-012 0.14005140E+005 0.32752000E+005
0.10000000E+001
715
0.10941974E+001 0.11354846E+001 0.10985518E+001 0.11409949E+001 0.10717255E+001 -.10605978E+001 -.99726523E+000 -.97790865E+000 -.98445038E+000 -.10239494E+001
-.13813890E+000 -.34253649E+000 -.56261798E+000 0.17798131E+001 0.78813017E+000 0.80803257E+000 0.19196743E+000 0.41519347E+000 0.58480653E+000 0.46552009E+000
0.53447991E+000 0.59806796E+000 0.40193204E+000
0.41561820E-001 0.43423768E-001 0.42148425E-001 0.41339878E-001 0.41082030E-001 0.42993009E-001 0.42834564E-001 0.41596151E-001 0.43523602E-001 0.42646973E-001
0.49396463E-001 0.67865036E-001 0.78524003E-001 0.12061628E+000 0.10262161E+000 0.14675794E-001 0.14675794E-001 0.16478164E-001 0.16478164E-001 0.12290390E-001
0.12290390E-001 0.12578535E-001 0.12578535E-001
0.15000000E+002 -.38821783E+005 0.77673567E+005 0.77767978E+005 0.77720314E+005 0.34722408E+005 0.32752000E+005 0.21427304E-013 0.13868348E+005 0.32752000E+005
0.10000000E+001
716
-.10187423E+001 -.10379119E+001 -.10459877E+001 -.10184101E+001 -.10780929E+001 0.10644537E+001 0.10247978E+001 0.10808113E+001 0.10577003E+001 0.10275268E+001
-.15144797E-001 -.16405316E+001 -.24135606E+000 0.20801190E+001 0.63693724E+000 0.60816071E+000 0.39183929E+000 0.16239274E+000 0.83760726E+000 0.49621387E+000
0.50378613E+000 0.38358899E+000 0.61641101E+000
0.46352509E-001 0.45997796E-001 0.46291929E-001 0.44073586E-001 0.46828478E-001 0.40421014E-001 0.39571609E-001 0.41873914E-001 0.42301738E-001 0.40611488E-001
0.53614643E-001 0.10218134E+000 0.62310810E-001 0.12984941E+000 0.10307819E+000 0.16606659E-001 0.16606659E-001 0.13898842E-001 0.13898842E-001 0.13402892E-001
0.13402892E-001 0.12653892E-001 0.12653892E-001
0.15000000E+002 -.38873859E+005 0.77777718E+005 0.77872128E+005 0.77824465E+005 0.35407806E+005 0.32752000E+005 0.00000000E+000 0.13988029E+005 0.32752000E+005
0.10000000E+001
717
0.10753648E+001 0.10324224E+001 0.10902565E+001 0.10526658E+001 0.10655736E+001 -.10710126E+001 -.10414425E+001 -.10213914E+001 -.10431946E+001 -.10425502E+001
0.45287051E-001 -.22769906E+000 -.41626218E+000 0.18856135E+001 0.62339352E+000 0.83995785E+000 0.16004215E+000 0.44331991E+000 0.55668009E+000 0.51131983E+000
0.48868017E+000 0.64612875E+000 0.35387125E+000
0.40160597E-001 0.39575948E-001 0.40387188E-001 0.39362615E-001 0.39640351E-001 0.46678308E-001 0.44912551E-001 0.46617990E-001 0.45296278E-001 0.45101075E-001
0.51562513E-001 0.67663967E-001 0.84756135E-001 0.12727545E+000 0.10377019E+000 0.13652741E-001 0.13652741E-001 0.16698612E-001 0.16698612E-001 0.12884021E-001
0.12884021E-001 0.12220734E-001 0.12220734E-001
0.15000000E+002 -.38819629E+005 0.77669258E+005 0.77763669E+005 0.77716006E+005 0.34474792E+005 0.32752000E+005 0.18037460E-010 0.13830241E+005 0.32752000E+005
0.10000000E+001
718
0.10405933E+001 0.10260234E+001 0.10710053E+001 0.99045703E+000 0.10506531E+001 -.11001679E+001 -.10913417E+001 -.10512889E+001 -.10272826E+001 -.10409075E+001
-.17164211E-001 -.31702877E+000 -.50172167E+000 0.19092307E+001 0.75250687E+000 0.83092567E+000 0.16907433E+000 0.42140003E+000 0.57859997E+000 0.49570905E+000
0.50429095E+000 0.62440560E+000 0.37559440E+000
0.42981111E-001 0.42917759E-001 0.43675469E-001 0.41016599E-001 0.40892399E-001 0.48020051E-001 0.47925358E-001 0.47139594E-001 0.46041766E-001 0.48352893E-001
0.52870771E-001 0.73916105E-001 0.82174421E-001 0.12738090E+000 0.10560979E+000 0.14011667E-001 0.14011667E-001 0.18022376E-001 0.18022376E-001 0.13216719E-001
0.13216719E-001 0.13582414E-001 0.13582414E-001
0.15000000E+002 -.38855157E+005 0.77740313E+005 0.77834724E+005 0.77787061E+005 0.34902458E+005 0.32752000E+005 0.11102230E-015 0.14081838E+005 0.32752000E+005
0.10000000E+001
719
-.10965467E+001 -.10023002E+001 -.10996470E+001 -.11226042E+001 -.96713829E+000 0.10133893E+001 0.99189243E+000 0.10542451E+001 0.10734185E+001 0.99987538E+000
-.71359204E-001 -.16943869E+001 -.22648387E+000 0.20384982E+001 0.70417282E+000 0.58518887E+000 0.41481113E+000 0.15519980E+000 0.84480020E+000 0.48216777E+000
0.51783223E+000 0.36252667E+000 0.63747333E+000
0.44829126E-001 0.43437928E-001 0.47366749E-001 0.46711278E-001 0.42691290E-001 0.38880431E-001 0.38221256E-001 0.40036297E-001 0.39978524E-001 0.38069812E-001
0.51043933E-001 0.10585808E+000 0.61234618E-001 0.13268251E+000 0.10523657E+000 0.16422601E-001 0.16422601E-001 0.13879351E-001 0.13879351E-001 0.12744752E-001
0.12744752E-001 0.11966461E-001 0.11966461E-001
0.15000000E+002 -.38913176E+005 0.77856352E+005 0.77950763E+005 0.77903100E+005 0.34135045E+005 0.32752000E+005 0.48517598E-007 0.13959707E+005 0.32752000E+005
0.10000000E+001
720
0.10719149E+001 0.10364686E+001 0.10937404E+001 0.10362376E+001 0.11479386E+001 -.97864099E+000 -.10229163E+001 -.10531206E+001 -.10604139E+001 -.10649172E+001
0.98887699E-003 -.39878952E+000 -.38418315E+000 0.20654339E+001 0.64946671E+000 0.84112792E+000 0.15887208E+000 0.40160320E+000 0.59839680E+000 0.50024722E+000
0.49975278E+000 0.62147422E+000 0.37852578E+000
0.39184905E-001 0.38285071E-001 0.41354922E-001 0.39617570E-001 0.42103944E-001 0.43204931E-001 0.44791286E-001 0.44458563E-001 0.44377019E-001 0.45665042E-001
0.50970594E-001 0.68705756E-001 0.78512920E-001 0.12773754E+000 0.10083094E+000 0.13209128E-001 0.13209128E-001 0.16511235E-001 0.16511235E-001 0.12742645E-001
0.12742645E-001 0.11818937E-001 0.11818937E-001
0.15000000E+002 -.38782051E+005 0.77594101E+005 0.77688512E+005 0.77640849E+005 0.34240957E+005 0.32752000E+005 0.48940535E-008 0.13824522E+005 0.32752000E+005
0.10000000E+001
721
-.97697829E+000 -.11004104E+001 -.11085790E+001 -.11267983E+001 -.10451009E+001 0.10161067E+001 0.10639679E+001 0.10315914E+001 0.11035686E+001 0.10420545E+001
0.18681416E-001 -.15400045E+001 -.35061926E+000 0.18382457E+001 0.77503583E+000 0.57401252E+000 0.42598748E+000 0.17653462E+000 0.82346538E+000 0.50467022E+000
0.49532978E+000 0.37712988E+000 0.62287012E+000
0.43380126E-001 0.46701159E-001 0.46722040E-001 0.48124916E-001 0.45677032E-001 0.39378823E-001 0.40587626E-001 0.39986163E-001 0.41094212E-001 0.40211135E-001
0.50267746E-001 0.95652491E-001 0.63845926E-001 0.12201023E+000 0.10306834E+000 0.16634706E-001 0.16634706E-001 0.13905017E-001 0.13905017E-001 0.12565840E-001
0.12565840E-001 0.12307600E-001 0.12307600E-001
0.15000000E+002 -.38794539E+005 0.77619078E+005 0.77713489E+005 0.77665826E+005 0.34442918E+005 0.32752000E+005 0.40437098E-010 0.13848759E+005 0.32752000E+005
0.10000000E+001
722
0.10420446E+001 0.10343704E+001 0.11352768E+001 0.11130094E+001 0.10416705E+001 -.10458853E+001 -.10294724E+001 -.10835154E+001 -.10271579E+001 -.98673588E+000
0.10149220E+000 -.30171440E+000 -.46390205E+000 0.19619171E+001 0.71569726E+000 0.84026521E+000 0.15973479E+000 0.42513844E+000 0.57486156E+000 0.52535129E+000
0.47464871E+000 0.64322583E+000 0.35677417E+000
0.40391572E-001 0.39399948E-001 0.41547607E-001 0.40716905E-001 0.37523967E-001 0.45365525E-001 0.45430686E-001 0.46845162E-001 0.46851801E-001 0.46140781E-001
0.50122281E-001 0.72804067E-001 0.84863818E-001 0.12601740E+000 0.10467494E+000 0.13127229E-001 0.13127229E-001 0.17793004E-001 0.17793004E-001 0.12498357E-001
0.12498357E-001 0.12583359E-001 0.12583359E-001
0.15000000E+002 -.38769420E+005 0.77568840E+005 0.77663251E+005 0.77615588E+005 0.34687206E+005 0.32752000E+005 0.58619776E-013 0.13899002E+005 0.32752000E+005
0.10000000E+001
723
0.10775346E+001 0.11054909E+001 0.10911540E+001 0.11050281E+001 0.10639952E+001 -.10315598E+001 -.99465879E+000 -.10035289E+001 -.99142552E+000 -.10016479E+001
-.89743802E-002 -.40394931E+000 -.61670135E+000 0.20426517E+001 0.92738622E+000 0.83735829E+000 0.16264171E+000 0.40036385E+000 0.59963615E+000 0.49775642E+000
0.50224358E+000 0.61788064E+000 0.38211936E+000
0.41131216E-001 0.42114364E-001 0.42119442E-001 0.42832118E-001 0.40027121E-001 0.45692634E-001 0.44937698E-001 0.44707291E-001 0.43488139E-001 0.44628026E-001
0.51896499E-001 0.69945244E-001 0.81978096E-001 0.12887609E+000 0.10582190E+000 0.13874734E-001 0.13874734E-001 0.16791939E-001 0.16791939E-001 0.12973864E-001
0.12973864E-001 0.12651540E-001 0.12651540E-001
0.15000000E+002 -.38809832E+005 0.77649664E+005 0.77744075E+005 0.77696411E+005 0.34103613E+005 0.32752000E+005 0.93066556E-007 0.13903550E+005 0.32752000E+005
0.10000000E+001
724
0.10720943E+001 0.10516278E+001 0.10963219E+001 0.11661881E+001 0.11339034E+001 -.95322375E+000 -.10076452E+001 -.99834804E+000 -.10385284E+001 -.10101814E+001
-.25678703E-001 -.46821243E+000 -.65441238E+000 0.20577681E+001 0.95130024E+000 0.83055358E+000 0.16944642E+000 0.38503942E+000 0.61496058E+000 0.49358068E+000
0.50641932E+000 0.60493660E+000 0.39506340E+000
0.41254959E-001 0.39995156E-001 0.44335531E-001 0.43270876E-001 0.42439102E-001 0.43207634E-001 0.45300217E-001 0.42017808E-001 0.46180441E-001 0.45318952E-001
0.50808351E-001 0.73362001E-001 0.83799888E-001 0.12899051E+000 0.10535741E+000 0.13724685E-001 0.13724685E-001 0.17370953E-001 0.17370953E-001 0.12699994E-001
0.12699994E-001 0.12667359E-001 0.12667359E-001
0.15000000E+002 -.38761163E+005 0.77552325E+005 0.77646736E+005 0.77599073E+005 0.34160867E+005 0.32752000E+005 0.28127003E-007 0.13789100E+005 0.32752000E+005
0.10000000E+001
725
0.10432435E+001 0.10106636E+001 0.10174273E+001 0.10499810E+001 0.10830412E+001 -.11449231E+001 -.10722032E+001 -.11259852E+001 -.11434351E+001 -.10756265E+001
0.30473483E-001 -.33108634E+000 -.54625058E+000 0.20535600E+001 0.85159383E+000 0.84844719E+000 0.15155281E+000 0.41797632E+000 0.58202368E+000 0.50761778E+000
0.49238222E+000 0.63649099E+000 0.36350901E+000
0.40286328E-001 0.38419036E-001 0.39044396E-001 0.39651370E-001 0.39744168E-001 0.46562416E-001 0.45472587E-001 0.46533286E-001 0.46216177E-001 0.45660598E-001
0.50958345E-001 0.65987158E-001 0.83592938E-001 0.12778669E+000 0.10316048E+000 0.13084662E-001 0.13084662E-001 0.16052836E-001 0.16052836E-001 0.12736629E-001
0.12736629E-001 0.11642754E-001 0.11642754E-001
0.15000000E+002 -.38643045E+005 0.77316089E+005 0.77410500E+005 0.77362837E+005 0.34144668E+005 0.32752000E+005 0.39638680E-007 0.13612527E+005 0.32752000E+005
0.10000000E+001
726
0.11120915E+001 0.11378149E+001 0.10910175E+001 0.10481321E+001 0.11011834E+001 -.10589707E+001 -.10606313E+001 -.10182903E+001 -.98727946E+000 -.10902203E+001
-.43648279E-001 -.32582367E+000 -.44759416E+000 0.19806308E+001 0.72444125E+000 0.83953969E+000 0.16046031E+000 0.41925713E+000 0.58074287E+000 0.48908966E+000
0.51091034E+000 0.62481299E+000 0.37518701E+000
0.41067511E-001 0.41821796E-001 0.41372407E-001 0.39552190E-001 0.40093702E-001 0.44692940E-001 0.45161455E-001 0.43859773E-001 0.42956641E-001 0.46000945E-001
0.49396693E-001 0.67357419E-001 0.80576621E-001 0.12615572E+000 0.10227656E+000 0.13772234E-001 0.13772234E-001 0.16400224E-001 0.16400224E-001 0.12343293E-001
0.12343293E-001 0.12420975E-001 0.12420975E-001
0.15000000E+002 -.38669112E+005 0.77368223E+005 0.77462634E+005 0.77414971E+005 0.34792895E+005 0.32752000E+005 0.26645353E-014 0.13689519E+005 0.32752000E+005
0.10000000E+001
727
0.10825303E+001 0.10762904E+001 0.10559234E+001 0.10178807E+001 0.10696506E+001 -.10223161E+001 -.98524202E+000 -.10310799E+001 -.96797938E+000 -.10226080E+001
-.10352008E+000 -.25034781E+000 -.51620115E+000 0.20990766E+001 0.74895600E+000 0.86397778E+000 0.13602222E+000 0.43773789E+000 0.56226211E+000 0.47414307E+000
0.52585693E+000 0.63983658E+000 0.36016342E+000
0.41508476E-001 0.42369897E-001 0.41164740E-001 0.39852661E-001 0.41561998E-001 0.45667257E-001 0.44367420E-001 0.46010300E-001 0.45471605E-001 0.44937257E-001
0.54422535E-001 0.67178675E-001 0.87042032E-001 0.14083318E+000 0.10672546E+000 0.13545898E-001 0.13545898E-001 0.16534246E-001 0.16534246E-001 0.13569248E-001
0.13569248E-001 0.12396966E-001 0.12396966E-001
0.15000000E+002 -.38909286E+005 0.77848572E+005 0.77942982E+005 0.77895319E+005 0.34459545E+005 0.32752000E+005 0.26584512E-010 0.14007330E+005 0.32752000E+005
0.10000000E+001
728
-.10270207E+001 -.99918573E+000 -.95318249E+000 -.97943130E+000 -.98108347E+000 0.11732876E+001 0.11537260E+001 0.11006011E+001 0.10609792E+001 0.11176887E+001
0.88523875E-001 -.14086676E+001 -.23931423E+000 0.17289171E+001 0.77828867E+000 0.57938506E+000 0.42061494E+000 0.19644430E+000 0.80355570E+000 0.52211653E+000
0.47788347E+000 0.39638400E+000 0.60361600E+000
0.43134246E-001 0.43731421E-001 0.44135831E-001 0.41671193E-001 0.43498720E-001 0.44995510E-001 0.42489555E-001 0.40688905E-001 0.41925737E-001 0.42071352E-001
0.49948879E-001 0.93203673E-001 0.62608287E-001 0.11848060E+000 0.10429673E+000 0.16495527E-001 0.16495527E-001 0.14712567E-001 0.14712567E-001 0.12462788E-001
0.12462788E-001 0.12672221E-001 0.12672221E-001
0.15000000E+002 -.38820059E+005 0.77670119E+005 0.77764529E+005 0.77716866E+005 0.33914566E+005 0.32752000E+005 0.35225754E-005 0.13776535E+005 0.32752000E+005
0.10000000E+001
729
0.10795621E+001 0.11376906E+001 0.11433119E+001 0.11618769E+001 0.10994612E+001 -.10119023E+001 -.10243336E+001 -.10642650E+001 -.96784701E+000 -.10062676E+001
-.10516526E-001 -.37637958E+000 -.60457653E+000 0.17826761E+001 0.87788512E+000 0.80318115E+000 0.19681885E+000 0.40700039E+000 0.59299961E+000 0.49737089E+000
0.50262911E+000 0.60404917E+000 0.39595083E+000
0.41394282E-001 0.42650214E-001 0.42055503E-001 0.41144798E-001 0.41934349E-001 0.43940226E-001 0.44562659E-001 0.45780207E-001 0.43554597E-001 0.43960022E-001
0.49956693E-001 0.69317082E-001 0.80966111E-001 0.11713210E+000 0.10271972E+000 0.14032740E-001 0.14032740E-001 0.16729752E-001 0.16729752E-001 0.12488828E-001
0.12488828E-001 0.12400311E-001 0.12400311E-001
0.15000000E+002 -.38689059E+005 0.77408118E+005 0.77502529E+005 0.77454866E+005 0.34489965E+005 0.32752000E+005 0.12223222E-010 0.13718744E+005 0.32752000E+005
0.10000000E+001
730
0.10734427E+001 0.10102345E+001 0.10826766E+001 0.10253448E+001 0.11235976E+001 -.95140978E+000 -.10135929E+001 -.10515376E+001 -.10447527E+001 -.10422366E+001
0.83167470E-002 -.31628540E+000 -.53422744E+000 0.17788683E+001 0.72808992E+000 0.81192740E+000 0.18807260E+000 0.42158129E+000 0.57841871E+000 0.50207917E+000
0.49792083E+000 0.61756594E+000 0.38243406E+000
0.39412625E-001 0.39822224E-001 0.41452178E-001 0.41070571E-001 0.43358378E-001 0.44654984E-001 0.45177441E-001 0.46040226E-001 0.43678447E-001 0.44491069E-001
0.51719652E-001 0.70458975E-001 0.84155744E-001 0.12346892E+000 0.10535411E+000 0.14365222E-001 0.14365222E-001 0.17181457E-001 0.17181457E-001 0.12929690E-001
0.12929690E-001 0.12556944E-001 0.12556944E-001
0.15000000E+002 -.38932302E+005 0.77894605E+005 0.77989016E+005 0.77941352E+005 0.34182732E+005 0.32752000E+005 0.17601164E-007 0.13978740E+005 0.32752000E+005
0.10000000E+001
731
0.10799119E+001 0.99561917E+000 0.95630584E+000 0.10445006E+001 0.10643276E+001 -.10846723E+001 -.10006221E+001 -.10189986E+001 -.11437888E+001 -.11307700E+001
0.93365575E-002 -.27361603E+000 -.51907259E+000 0.20678784E+001 0.81198009E+000 0.85744906E+000 0.14255094E+000 0.43201958E+000 0.56798042E+000 0.50233412E+000
0.49766588E+000 0.64572732E+000 0.35427268E+000
0.41049301E-001 0.38535418E-001 0.39007553E-001 0.41263921E-001 0.41136051E-001 0.48151036E-001 0.46132015E-001 0.44952108E-001 0.47905172E-001 0.48722357E-001
0.50905263E-001 0.69372215E-001 0.85251655E-001 0.13384657E+000 0.10675840E+000 0.13294884E-001 0.13294884E-001 0.17022461E-001 0.17022461E-001 0.12726038E-001
0.12726038E-001 0.12549136E-001 0.12549136E-001
0.15000000E+002 -.38814241E+005 0.77658482E+005 0.77752893E+005 0.77705229E+005 0.34656251E+005 0.32752000E+005 0.14033219E-012 0.13997482E+005 0.32752000E+005
0.10000000E+001
732
-.10663760E+001 -.10799851E+001 -.11214385E+001 -.10718882E+001 -.10495956E+001 0.10222958E+001 0.10400160E+001 0.10774158E+001 0.97838803E+000 0.99756702E+000
0.16580312E-001 -.17137336E+001 -.34480228E+000 0.18759052E+001 0.82667762E+000 0.54045427E+000 0.45954573E+000 0.15268007E+000 0.84731993E+000 0.50414498E+000
0.49585502E+000 0.34817449E+000 0.65182551E+000
0.46213292E-001 0.47438164E-001 0.48114763E-001 0.47605145E-001 0.45439924E-001 0.39464644E-001 0.39544410E-001 0.41283739E-001 0.38551567E-001 0.39391566E-001
0.52377859E-001 0.10376108E+000 0.61612123E-001 0.12874685E+000 0.10651364E+000 0.16641467E-001 0.16641467E-001 0.13423453E-001 0.13423453E-001 0.13093565E-001
0.13093565E-001 0.12198087E-001 0.12198087E-001
0.15000000E+002 -.38853993E+005 0.77737987E+005 0.77832397E+005 0.77784734E+005 0.34584558E+005 0.32752000E+005 0.10076384E-011 0.13973159E+005 0.32752000E+005
0.10000000E+001
733
-.98887492E+000 -.10243684E+001 -.99669556E+000 -.10184553E+001 -.97556204E+000 0.10713519E+001 0.10884958E+001 0.10996521E+001 0.11015193E+001 0.11023998E+001
0.85668613E-001 -.17009509E+001 -.15925031E+000 0.20124929E+001 0.68681498E+000 0.57726158E+000 0.42273842E+000 0.15434111E+000 0.84565889E+000 0.52140406E+000
0.47859594E+000 0.37485356E+000 0.62514644E+000
0.43204413E-001 0.43333214E-001 0.43521176E-001 0.44652524E-001 0.44431546E-001 0.41861750E-001 0.42865994E-001 0.42463414E-001 0.41470988E-001 0.41121147E-001
0.51856201E-001 0.10850700E+000 0.61326522E-001 0.13261185E+000 0.10559055E+000 0.16363405E-001 0.16363405E-001 0.14162326E-001 0.14162326E-001 0.12940293E-001
0.12940293E-001 0.12614850E-001 0.12614850E-001
0.15000000E+002 -.38828830E+005 0.77687660E+005 0.77782071E+005 0.77734408E+005 0.33776199E+005 0.32752000E+005 0.36947479E-004 0.13947136E+005 0.32752000E+005
0.10000000E+001
734
-.10043735E+001 -.10773952E+001 -.10547577E+001 -.97464268E+000 -.10964214E+001 0.10298375E+001 0.10626857E+001 0.11412386E+001 0.10111473E+001 0.10734776E+001
-.88134212E-003 -.15240428E+001 -.33660664E+000 0.16660910E+001 0.97069616E+000 0.53545246E+000 0.46454754E+000 0.17886697E+000 0.82113303E+000 0.49977966E+000
0.50022034E+000 0.35708115E+000 0.64291885E+000
0.44777487E-001 0.46975351E-001 0.46129185E-001 0.45225698E-001 0.47281131E-001 0.40443299E-001 0.40879977E-001 0.43355958E-001 0.37861260E-001 0.40694668E-001
0.51447218E-001 0.97745197E-001 0.59414535E-001 0.12194272E+000 0.10833568E+000 0.16652008E-001 0.16652008E-001 0.14356187E-001 0.14356187E-001 0.12861802E-001
0.12861802E-001 0.12468593E-001 0.12468593E-001
0.15000000E+002 -.38816007E+005 0.77662014E+005 0.77756424E+005 0.77708761E+005 0.34159484E+005 0.32752000E+005 0.28966789E-007 0.13858958E+005 0.32752000E+005
0.10000000E+001
735
0.10690349E+001 0.10423413E+001 0.10681997E+001 0.10807476E+001 0.10341130E+001 -.10414581E+001 -.10404723E+001 -.10414325E+001 -.10701152E+001 -.10885425E+001
0.26043626E-002 -.29312378E+000 -.53873254E+000 0.18214921E+001 0.79902193E+000 0.82176745E+000 0.17823255E+000 0.42723929E+000 0.57276071E+000 0.50065109E+000
0.49934891E+000 0.62476024E+000 0.37523976E+000
0.40730485E-001 0.41692843E-001 0.41891141E-001 0.41495888E-001 0.40542321E-001 0.46722825E-001 0.43658233E-001 0.45112809E-001 0.46050153E-001 0.47434271E-001
0.52111348E-001 0.70249016E-001 0.84638070E-001 0.12355398E+000 0.10574146E+000 0.14243952E-001 0.14243952E-001 0.17190347E-001 0.17190347E-001 0.13027815E-001
0.13027815E-001 0.12987729E-001 0.12987729E-001
0.15000000E+002 -.38803698E+005 0.77637396E+005 0.77731807E+005 0.77684144E+005 0.34647326E+005 0.32752000E+005 0.17996715E-012 0.13965531E+005 0.32752000E+005
0.10000000E+001
736
0.11339073E+001 0.10710809E+001 0.10863936E+001 0.11426728E+001 0.11065659E+001 -.10223051E+001 -.99083073E+000 -.10004731E+001 -.10198540E+001 -.10053056E+001
-.78572741E-001 -.35675389E+000 -.49154038E+000 0.20945549E+001 0.79528523E+000 0.85040754E+000 0.14959246E+000 0.41174558E+000 0.58825442E+000 0.48036691E+000
0.51963309E+000 0.62246427E+000 0.37753573E+000
0.41341307E-001 0.41342989E-001 0.39087442E-001 0.41506737E-001 0.41079039E-001 0.43295153E-001 0.42055885E-001 0.44300673E-001 0.43737801E-001 0.42176191E-001
0.49624116E-001 0.67250445E-001 0.79254457E-001 0.13514401E+000 0.10270785E+000 0.14013980E-001 0.14013980E-001 0.16288808E-001 0.16288808E-001 0.12386901E-001
0.12386901E-001 0.12253717E-001 0.12253717E-001
0.15000000E+002 -.38729328E+005 0.77488657E+005 0.77583067E+005 0.77535404E+005 0.34352279E+005 0.32752000E+005 0.37259940E-009 0.13758313E+005 0.32752000E+005
0.10000000E+001
737
-.10008122E+001 -.10250086E+001 -.97391081E+000 -.99640736E+000 -.10397655E+001 0.10917929E+001 0.11510096E+001 0.11463077E+001 0.10708087E+001 0.10861692E+001
0.81034231E-001 -.15240978E+001 -.33332615E+000 0.18730898E+001 0.10513647E+001 0.58637311E+000 0.41362689E+000 0.17885888E+000 0.82114112E+000 0.52024748E+000
0.47975252E+000 0.39086714E+000 0.60913286E+000
0.43234765E-001 0.44281391E-001 0.43035267E-001 0.44242307E-001 0.44660521E-001 0.42114108E-001 0.42333370E-001 0.42044122E-001 0.40864078E-001 0.41020944E-001
0.49419125E-001 0.95652923E-001 0.59915062E-001 0.12397754E+000 0.10856222E+000 0.17209514E-001 0.17209514E-001 0.14048390E-001 0.14048390E-001 0.12334521E-001
0.12334521E-001 0.12693789E-001 0.12693789E-001
0.15000000E+002 -.38745977E+005 0.77521953E+005 0.77616364E+005 0.77568701E+005 0.34023244E+005 0.32752000E+005 0.46296432E-006 0.13789498E+005 0.32752000E+005
0.10000000E+001
738
0.10385228E+001 0.10941285E+001 0.11340298E+001 0.10732113E+001 0.10658874E+001 -.10542855E+001 -.99084993E+000 -.10225582E+001 -.10388006E+001 -.98108037E+000
-.14559570E+000 -.27566592E+000 -.53314234E+000 0.19218647E+001 0.87627359E+000 0.83837664E+000 0.16162336E+000 0.43151665E+000 0.56848335E+000 0.46366524E+000
0.53633476E+000 0.62016349E+000 0.37983651E+000
0.41660372E-001 0.41919820E-001 0.42721011E-001 0.40994227E-001 0.41280460E-001 0.43913894E-001 0.44296407E-001 0.45301808E-001 0.46251336E-001 0.42658445E-001
0.51290945E-001 0.65227056E-001 0.84737163E-001 0.12799431E+000 0.10495327E+000 0.14132581E-001 0.14132581E-001 0.16000851E-001 0.16000851E-001 0.12755021E-001
0.12755021E-001 0.12311431E-001 0.12311431E-001
0.15000000E+002 -.38826962E+005 0.77683925E+005 0.77778336E+005 0.77730672E+005 0.34420450E+005 0.32752000E+005 0.70852435E-010 0.13831732E+005 0.32752000E+005
0.10000000E+001
739
-.10034300E+001 -.99161914E+000 -.98133727E+000 -.10653791E+001 -.10858777E+001 0.11016012E+001 0.10696263E+001 0.10491051E+001 0.10513193E+001 0.98809612E+000
0.27871086E-002 -.15352905E+001 -.18201606E+000 0.18427606E+001 0.59704310E+000 0.57626762E+000 0.42373238E+000 0.17722095E+000 0.82277905E+000 0.50069678E+000
0.49930322E+000 0.37702233E+000 0.62297767E+000
0.47230884E-001 0.45233097E-001 0.44582478E-001 0.45539067E-001 0.47422199E-001 0.41271452E-001 0.42277995E-001 0.41719923E-001 0.43198657E-001 0.40726754E-001
0.54192173E-001 0.95270104E-001 0.64074371E-001 0.12435218E+000 0.10332626E+000 0.17136345E-001 0.17136345E-001 0.13891685E-001 0.13891685E-001 0.13548017E-001
0.13548017E-001 0.12673533E-001 0.12673533E-001
0.15000000E+002 -.38950806E+005 0.77931612E+005 0.78026023E+005 0.77978359E+005 0.34749637E+005 0.32752000E+005 0.96589403E-014 0.14032728E+005 0.32752000E+005
0.10000000E+001
740
-.10798678E+001 -.10116725E+001 -.10935668E+001 -.10184257E+001 -.10185138E+001 0.10824961E+001 0.10354729E+001 0.10345711E+001 0.10635298E+001 0.11065842E+001
-.41208876E-001 -.15521381E+001 -.33605996E+000 0.19326088E+001 0.85886861E+000 0.59398662E+000 0.40601338E+000 0.17477767E+000 0.82522233E+000 0.48969924E+000
0.51030076E+000 0.38006397E+000 0.61993603E+000
0.50301527E-001 0.46896838E-001 0.46651891E-001 0.47145333E-001 0.47234521E-001 0.41511486E-001 0.41011162E-001 0.43063794E-001 0.41576912E-001 0.43741022E-001
0.52948162E-001 0.94994599E-001 0.62512678E-001 0.12395150E+000 0.10556885E+000 0.17958413E-001 0.17958413E-001 0.13701112E-001 0.13701112E-001 0.13231422E-001
0.13231422E-001 0.13426248E-001 0.13426248E-001
0.15000000E+002 -.38782658E+005 0.77595316E+005 0.77689727E+005 0.77642063E+005 0.35341794E+005 0.32752000E+005 0.00000000E+000 0.13910202E+005 0.32752000E+005
0.10000000E+001
741
0.10575330E+001 0.10844625E+001 0.10840418E+001 0.11526600E+001 0.11193925E+001 -.10276564E+001 -.98631945E+000 -.92045483E+000 -.97592904E+000 -.10529213E+001
-.29450280E-001 -.24078999E+000 -.46561470E+000 0.17700810E+001 0.67090285E+000 0.82190255E+000 0.17809745E+000 0.44009168E+000 0.55990832E+000 0.49263796E+000
0.50736204E+000 0.62818621E+000 0.37181379E+000
0.42018619E-001 0.41912647E-001 0.40837935E-001 0.43837617E-001 0.42056004E-001 0.45668980E-001 0.45411736E-001 0.43965742E-001 0.44512786E-001 0.47021401E-001
0.53390029E-001 0.67889203E-001 0.84029550E-001 0.12404454E+000 0.10475989E+000 0.14529917E-001 0.14529917E-001 0.16728646E-001 0.16728646E-001 0.13344613E-001
0.13344613E-001 0.12893763E-001 0.12893763E-001
0.15000000E+002 -.38845689E+005 0.77721377E+005 0.77815788E+005 0.77768125E+005 0.34192939E+005 0.32752000E+005 0.14110595E-007 0.13972427E+005 0.32752000E+005
0.10000000E+001
742
0.10255522E+001 0.10565675E+001 0.10252839E+001 0.11154538E+001 0.10390551E+001 -.99474954E+000 -.92693192E+000 -.10100006E+001 -.10775432E+001 -.98186364E+000
-.41749896E-001 -.30307118E+000 -.56346509E+000 0.21102849E+001 0.76596612E+000 0.85902479E+000 0.14097521E+000 0.42480688E+000 0.57519312E+000 0.48956404E+000
0.51043596E+000 0.63738435E+000 0.36261565E+000
0.41469417E-001 0.40443648E-001 0.40477450E-001 0.44067649E-001 0.41364536E-001 0.44798146E-001 0.44643748E-001 0.46209287E-001 0.46276046E-001 0.44764577E-001
0.52836777E-001 0.70960378E-001 0.85977787E-001 0.14061238E+000 0.10755220E+000 0.14111670E-001 0.14111670E-001 0.17338884E-001 0.17338884E-001 0.13203440E-001
0.13203440E-001 0.13329897E-001 0.13329897E-001
0.15000000E+002 -.38974449E+005 0.77978899E+005 0.78073309E+005 0.78025646E+005 0.34441074E+005 0.32752000E+005 0.42353010E-010 0.14102132E+005 0.32752000E+005
0.10000000E+001
743
0.11055961E+001 0.11449727E+001 0.10915721E+001 0.10742917E+001 0.11059293E+001 -.10278807E+001 -.10194574E+001 -.10233223E+001 -.10690904E+001 -.10144004E+001
-.47710666E-001 -.29831931E+000 -.37555440E+000 0.17979359E+001 0.63395303E+000 0.81751729E+000 0.18248271E+000 0.42596839E+000 0.57403161E+000 0.48807460E+000
0.51192540E+000 0.61707346E+000 0.38292654E+000
0.42562234E-001 0.41092691E-001 0.41282840E-001 0.40997208E-001 0.40717022E-001 0.42972154E-001 0.46052304E-001 0.44784490E-001 0.44466856E-001 0.45164686E-001
0.49919337E-001 0.68231033E-001 0.82653902E-001 0.12141056E+000 0.10253117E+000 0.14340239E-001 0.14340239E-001 0.16683806E-001 0.16683806E-001 0.12472735E-001
0.12472735E-001 0.12625786E-001 0.12625786E-001
0.15000000E+002 -.38720944E+005 0.77471888E+005 0.77566299E+005 0.77518635E+005 0.34711835E+005 0.32752000E+005 0.28976821E-013 0.13743958E+005 0.32752000E+005
0.10000000E+001
744
0.10569626E+001 0.11107511E+001 0.10996749E+001 0.11369299E+001 0.10068914E+001 -.94078192E+000 -.10521356E+001 -.98823869E+000 -.10098785E+001 -.96311634E+000
-.52381547E-001 -.38436901E+000 -.46007211E+000 0.19472195E+001 0.70481921E+000 0.82676200E+000 0.17323800E+000 0.40507358E+000 0.59492642E+000 0.48690761E+000
0.51309239E+000 0.61039688E+000 0.38960312E+000
0.40528945E-001 0.41806438E-001 0.41135796E-001 0.41473862E-001 0.40832481E-001 0.42278813E-001 0.46202151E-001 0.43926294E-001 0.45440864E-001 0.41750164E-001
0.50658655E-001 0.69047968E-001 0.84936751E-001 0.12889930E+000 0.10515498E+000 0.14797202E-001 0.14797202E-001 0.16639799E-001 0.16639799E-001 0.12655980E-001
0.12655980E-001 0.12823666E-001 0.12823666E-001
0.15000000E+002 -.38930520E+005 0.77891040E+005 0.77985450E+005 0.77937787E+005 0.33452145E+005 0.32752000E+005 0.32744221E-002 0.13995782E+005 0.32752000E+005
0.10000000E+001
745
0.11335308E+001 0.11341723E+001 0.11072569E+001 0.10214102E+001 0.10626606E+001 -.10239241E+001 -.10606032E+001 -.10589048E+001 -.93216874E+000 -.10882400E+001
-.46560914E-002 -.32710463E+000 -.59525094E+000 0.18701945E+001 0.78395469E+000 0.82391345E+000 0.17608655E+000 0.41894528E+000 0.58105472E+000 0.49883598E+000
0.50116402E+000 0.62095797E+000 0.37904203E+000
0.41772910E-001 0.41037692E-001 0.40081580E-001 0.40342426E-001 0.40893257E-001 0.43279847E-001 0.45555472E-001 0.44675123E-001 0.41403787E-001 0.44606615E-001
0.50600347E-001 0.68411208E-001 0.81930079E-001 0.12271630E+000 0.10418627E+000 0.14001831E-001 0.14001831E-001 0.16653349E-001 0.16653349E-001 0.12650018E-001
0.12650018E-001 0.12425140E-001 0.12425140E-001
0.15000000E+002 -.38750467E+005 0.77530933E+005 0.77625344E+005 0.77577681E+005 0.34487459E+005 0.32752000E+005 0.13037460E-010 0.13780350E+005 0.32752000E+005
0.10000000E+001
746
0.10953336E+001 0.10472896E+001 0.11748092E+001 0.11109592E+001 0.11210581E+001 -.95711606E+000 -.96786796E+000 -.99325826E+000 -.10295460E+001 -.99910797E+000
-.42629040E-001 -.31288735E+000 -.42476702E+000 0.18544453E+001 0.75350454E+000 0.82369109E+000 0.17630891E+000 0.42241013E+000 0.57758987E+000 0.48934435E+000
0.51065565E+000 0.61877470E+000 0.38122530E+000
0.41682078E-001 0.39684594E-001 0.43129394E-001 0.41350125E-001 0.41255306E-001 0.43396185E-001 0.43652712E-001 0.45258655E-001 0.47102183E-001 0.45959605E-001
0.52365447E-001 0.67665685E-001 0.79720270E-001 0.12458938E+000 0.10258817E+000 0.14150639E-001 0.14150639E-001 0.16509061E-001 0.16509061E-001 0.13085416E-001
0.13085416E-001 0.12360212E-001 0.12360212E-001
0.15000000E+002 -.38807593E+005 0.77645186E+005 0.77739597E+005 0.77691933E+005 0.34830947E+005 0.32752000E+005 0.88817842E-015 0.13906552E+005 0.32752000E+005
0.10000000E+001
747
0.10920578E+001 0.10996370E+001 0.11232379E+001 0.10286072E+001 0.10573723E+001 -.99940089E+000 -.97916656E+000 -.10313162E+001 -.94462533E+000 -.95267461E+000
-.85925937E-001 -.34057647E+000 -.61374288E+000 0.16845103E+001 0.85862499E+000 0.79313611E+000 0.20686389E+000 0.41566945E+000 0.58433055E+000 0.47853172E+000
0.52146828E+000 0.59629922E+000 0.40370078E+000
0.43720385E-001 0.44071758E-001 0.45825238E-001 0.42413589E-001 0.43252795E-001 0.45652088E-001 0.44953713E-001 0.45481722E-001 0.42168176E-001 0.43699086E-001
0.53726802E-001 0.70734740E-001 0.85394882E-001 0.12065022E+000 0.10720265E+000 0.15376663E-001 0.15376663E-001 0.17180645E-001 0.17180645E-001 0.13406939E-001
0.13406939E-001 0.13474303E-001 0.13474303E-001
0.15000000E+002 -.39007727E+005 0.78045453E+005 0.78139864E+005 0.78092201E+005 0.34267816E+005 0.32752000E+005 0.26699452E-008 0.14061367E+005 0.32752000E+005
0.10000000E+001
748
0.11829072E+001 0.10579964E+001 0.11464124E+001 0.11741767E+001 0.11484486E+001 -.98360248E+000 -.96894027E+000 -.97104866E+000 -.10352902E+001 -.93926391E+000
-.85397029E-001 -.37307712E+000 -.65291330E+000 0.20718118E+001 0.82724648E+000 0.84536941E+000 0.15463059E+000 0.40779769E+000 0.59220231E+000 0.47866371E+000
0.52133629E+000 0.61724739E+000 0.38275261E+000
0.45577499E-001 0.41659009E-001 0.44303089E-001 0.46005330E-001 0.43401046E-001 0.43858340E-001 0.44037700E-001 0.44325680E-001 0.45562537E-001 0.44611229E-001
0.51568877E-001 0.70207033E-001 0.85250706E-001 0.13235333E+000 0.10505993E+000 0.14035953E-001 0.14035953E-001 0.16954910E-001 0.16954910E-001 0.12868743E-001
0.12868743E-001 0.13155938E-001 0.13155938E-001
0.15000000E+002 -.38666307E+005 0.77362615E+005 0.77457025E+005 0.77409362E+005 0.35987912E+005 0.32752000E+005 0.00000000E+000 0.13913206E+005 0.32752000E+005
0.10000000E+001
749
0.10778764E+001 0.10770783E+001 0.10134759E+001 0.10419384E+001 0.11048668E+001 -.10509549E+001 -.10491050E+001 -.96466871E+000 -.10516401E+001 -.10780923E+001
-.38239719E-001 -.24785585E+000 -.50878811E+000 0.18387247E+001 0.73952571E+000 0.83073830E+000 0.16926170E+000 0.43835132E+000 0.56164868E+000 0.49044123E+000
0.50955877E+000 0.63079408E+000 0.36920592E+000
0.41286070E-001 0.41366183E-001 0.40006004E-001 0.41344789E-001 0.43185022E-001 0.46524667E-001 0.45621671E-001 0.43930381E-001 0.45264617E-001 0.47116941E-001
0.51905270E-001 0.69270053E-001 0.84496746E-001 0.12758819E+000 0.10498523E+000 0.14054582E-001 0.14054582E-001 0.17054248E-001 0.17054248E-001 0.12971575E-001
0.12971575E-001 0.12521607E-001 0.12521607E-001
0.15000000E+002 -.38834887E+005 0.77699775E+005 0.77794185E+005 0.77746522E+005 0.34407599E+005 0.32752000E+005 0.97349129E-010 0.13883217E+005 0.32752000E+005
0.10000000E+001
750
0.10726320E+001 0.10652340E+001 0.10873230E+001 0.10631674E+001 0.10331856E+001 -.10323721E+001 -.97903672E+000 -.10462958E+001 -.10188245E+001 -.10512736E+001
-.63153554E-001 -.33071027E+000 -.50875353E+000 0.20577437E+001 0.81270636E+000 0.84903257E+000 0.15096743E+000 0.41806781E+000 0.58193219E+000 0.48421686E+000
0.51578314E+000 0.62674821E+000 0.37325179E+000
0.40430386E-001 0.39030102E-001 0.41517755E-001 0.40822044E-001 0.38316897E-001 0.43999316E-001 0.44270100E-001 0.44202536E-001 0.43632568E-001 0.45194670E-001
0.50334102E-001 0.69675090E-001 0.84192620E-001 0.13325158E+000 0.10508043E+000 0.13602380E-001 0.13602380E-001 0.16951052E-001 0.16951052E-001 0.12570987E-001
0.12570987E-001 0.12425491E-001 0.12425491E-001
0.15000000E+002 -.38858692E+005 0.77747383E+005 0.77841794E+005 0.77794131E+005 0.33766473E+005 0.32752000E+005 0.43157924E-004 0.13810041E+005 0.32752000E+005
0.10000000E+001
751
-.10640746E+001 -.95776529E+000 -.95753665E+000 -.10726082E+001 -.99806563E+000 0.11306032E+001 0.11230833E+001 0.10252451E+001 0.11846322E+001 0.10777934E+001
0.14170819E+000 -.14140696E+001 -.23124877E+000 0.17642600E+001 0.79191787E+000 0.58666375E+000 0.41333625E+000 0.19559297E+000 0.80440703E+000 0.53536788E+000
0.46463212E+000 0.40495971E+000 0.59504029E+000
0.43911330E-001 0.42542418E-001 0.39745045E-001 0.43750589E-001 0.41391253E-001 0.42480668E-001 0.41961702E-001 0.41965053E-001 0.43563293E-001 0.40977121E-001
0.49333944E-001 0.94471537E-001 0.62157892E-001 0.11990315E+000 0.10310097E+000 0.15979996E-001 0.15979996E-001 0.14863808E-001 0.14863808E-001 0.12271775E-001
0.12271775E-001 0.12269975E-001 0.12269975E-001
0.15000000E+002 -.38816620E+005 0.77663239E+005 0.77757650E+005 0.77709987E+005 0.34066562E+005 0.32752000E+005 0.19713133E-006 0.13891281E+005 0.32752000E+005
0.10000000E+001
752
0.10818557E+001 0.11481371E+001 0.10735184E+001 0.10943946E+001 0.11485917E+001 -.91801380E+000 -.10021184E+001 -.96133315E+000 -.92989656E+000 -.97341789E+000
-.67113549E-001 -.40321603E+000 -.49588505E+000 0.19725935E+001 0.67283490E+000 0.82769485E+000 0.17230515E+000 0.40053990E+000 0.59946010E+000 0.48322791E+000
0.51677209E+000 0.60695309E+000 0.39304691E+000
0.42234635E-001 0.45231400E-001 0.43745785E-001 0.42673806E-001 0.45208617E-001 0.44785286E-001 0.46124710E-001 0.43902815E-001 0.44735726E-001 0.43438859E-001
0.52749478E-001 0.71582970E-001 0.87230225E-001 0.12707153E+000 0.10545069E+000 0.14470833E-001 0.14470833E-001 0.17187621E-001 0.17187621E-001 0.13172531E-001
0.13172531E-001 0.13535511E-001 0.13535511E-001
0.15000000E+002 -.38929332E+005 0.77888663E+005 0.77983074E+005 0.77935411E+005 0.34349869E+005 0.32752000E+005 0.39466097E-009 0.14072495E+005 0.32752000E+005
0.10000000E+001
753
-.10284196E+001 -.11009997E+001 -.10785194E+001 -.10107088E+001 -.10748503E+001 0.10591209E+001 0.10450355E+001 0.10104686E+001 0.11007054E+001 0.10641881E+001
-.27707775E-001 -.16090222E+001 -.17884917E+000 0.20359660E+001 0.53650155E+000 0.60514364E+000 0.39485636E+000 0.16672441E+000 0.83327559E+000 0.49307350E+000
0.50692650E+000 0.38289732E+000 0.61710268E+000
0.44207491E-001 0.45719060E-001 0.46147975E-001 0.43857983E-001 0.45699194E-001 0.41068981E-001 0.41074568E-001 0.39985659E-001 0.41779706E-001 0.40893926E-001
0.49893779E-001 0.10246069E+000 0.63821835E-001 0.12789428E+000 0.10203152E+000 0.16761093E-001 0.16761093E-001 0.14234595E-001 0.14234595E-001 0.12471051E-001
0.12471051E-001 0.12828159E-001 0.12828159E-001
0.15000000E+002 -.38805480E+005 0.77640959E+005 0.77735370E+005 0.77687707E+005 0.34387607E+005 0.32752000E+005 0.15887835E-009 0.13895793E+005 0.32752000E+005
0.10000000E+001
754
0.11451301E+001 0.11020109E+001 0.10675745E+001 0.10672491E+001 0.10857047E+001 -.95759716E+000 -.99527842E+000 -.10276067E+001 -.92085243E+000 -.97531454E+000
-.65606404E-001 -.26216833E+000 -.68348765E+000 0.18665837E+001 0.89586171E+000 0.83263459E+000 0.16736541E+000 0.43483076E+000 0.56516924E+000 0.48360428E+000
0.51639572E+000 0.62721039E+000 0.37278961E+000
0.45366458E-001 0.43977436E-001 0.42685665E-001 0.42100489E-001 0.42863872E-001 0.44553579E-001 0.44723983E-001 0.46984828E-001 0.43908693E-001 0.45949333E-001
0.53624244E-001 0.68472746E-001 0.89157736E-001 0.12782362E+000 0.10936509E+000 0.14360195E-001 0.14360195E-001 0.16827381E-001 0.16827381E-001 0.13391646E-001
0.13391646E-001 0.12996757E-001 0.12996757E-001
0.15000000E+002 -.38893306E+005 0.77816613E+005 0.77911024E+005 0.77863360E+005 0.34420616E+005 0.32752000E+005 0.70561224E-010 0.14073658E+005 0.32752000E+005
0.10000000E+001
755
0.10853911E+001 0.10984669E+001 0.10566942E+001 0.11296012E+001 0.11023096E+001 -.10099213E+001 -.10105339E+001 -.98755683E+000 -.10862783E+001 -.10348190E+001
0.10802544E-001 -.36788456E+000 -.45269646E+000 0.17790939E+001 0.62761988E+000 0.80395662E+000 0.19604338E+000 0.40905228E+000 0.59094772E+000 0.50270061E+000
0.49729939E+000 0.60757094E+000 0.39242906E+000
0.41809933E-001 0.43555213E-001 0.39883886E-001 0.42801291E-001 0.42357375E-001 0.44789306E-001 0.43284117E-001 0.45477470E-001 0.47111205E-001 0.45931000E-001
0.51580248E-001 0.70220652E-001 0.83210368E-001 0.11952308E+000 0.10219869E+000 0.14616585E-001 0.14616585E-001 0.16974334E-001 0.16974334E-001 0.12894686E-001
0.12894686E-001 0.13037706E-001 0.13037706E-001
0.15000000E+002 -.38796314E+005 0.77622627E+005 0.77717038E+005 0.77669375E+005 0.34761078E+005 0.32752000E+005 0.69944051E-014 0.13876061E+005 0.32752000E+005
0.10000000E+001
756
-.98792125E+000 -.10510739E+001 -.10513620E+001 -.10390928E+001 -.10193198E+001 0.10967401E+001 0.10183676E+001 0.11013687E+001 0.10546276E+001 0.10771788E+001
0.34546389E-001 -.15388668E+001 -.32167225E+000 0.19025769E+001 0.75102903E+000 0.58993825E+000 0.41006175E+000 0.17670007E+000 0.82329993E+000 0.50863574E+000
0.49136426E+000 0.38688778E+000 0.61311222E+000
0.44554284E-001 0.45832775E-001 0.46253902E-001 0.43805828E-001 0.44522680E-001 0.41616103E-001 0.39646695E-001 0.41014971E-001 0.41027650E-001 0.41665268E-001
0.51157748E-001 0.94445301E-001 0.60260067E-001 0.12348282E+000 0.10360483E+000 0.17159175E-001 0.17159175E-001 0.13739634E-001 0.13739634E-001 0.12785622E-001
0.12785622E-001 0.12611370E-001 0.12611370E-001
0.15000000E+002 -.38855963E+005 0.77741926E+005 0.77836337E+005 0.77788673E+005 0.34650793E+005 0.32752000E+005 0.16342483E-012 0.13854406E+005 0.32752000E+005
0.10000000E+001
757
0.10605732E+001 0.10884638E+001 0.10686017E+001 0.10830522E+001 0.10804658E+001 -.10295831E+001 -.98906983E+000 -.10512515E+001 -.10331459E+001 -.10235917E+001
-.20723380E-001 -.27150369E+000 -.46405017E+000 0.18754964E+001 0.74230981E+000 0.83257568E+000 0.16742432E+000 0.43253798E+000 0.56746202E+000 0.49481934E+000
0.50518066E+000 0.63048437E+000 0.36951563E+000
0.41484083E-001 0.41783526E-001 0.42263305E-001 0.41758218E-001 0.40666403E-001 0.44796071E-001 0.45590491E-001 0.46408543E-001 0.46885999E-001 0.45836274E-001
0.52305608E-001 0.68546936E-001 0.82341662E-001 0.12559063E+000 0.10419950E+000 0.14106921E-001 0.14106921E-001 0.16824768E-001 0.16824768E-001 0.13074998E-001
0.13074998E-001 0.12886132E-001 0.12886132E-001
0.15000000E+002 -.38823409E+005 0.77676819E+005 0.77771229E+005 0.77723566E+005 0.34774470E+005 0.32752000E+005 0.46629367E-014 0.13866996E+005 0.32752000E+005
0.10000000E+001
758
0.11247737E+001 0.10739582E+001 0.11156627E+001 0.10843010E+001 0.11598767E+001 -.98911869E+000 -.10505597E+001 -.11205389E+001 -.10297811E+001 -.10459327E+001
-.43843513E-001 -.27996871E+000 -.57070583E+000 0.17681686E+001 0.84900291E+000 0.81580793E+000 0.18419207E+000 0.43046145E+000 0.56953855E+000 0.48904088E+000
0.51095912E+000 0.61891163E+000 0.38108837E+000
0.41261389E-001 0.38716519E-001 0.41453807E-001 0.40888717E-001 0.42514031E-001 0.42871109E-001 0.45509136E-001 0.45052783E-001 0.42344457E-001 0.43828926E-001
0.48603936E-001 0.66523997E-001 0.80981579E-001 0.11875962E+000 0.10268928E+000 0.14018904E-001 0.14018904E-001 0.16309315E-001 0.16309315E-001 0.12145146E-001
0.12145146E-001 0.12109121E-001 0.12109121E-001
0.15000000E+002 -.38636370E+005 0.77302740E+005 0.77397151E+005 0.77349488E+005 0.34934780E+005 0.32752000E+005 0.00000000E+000 0.13664198E+005 0.32752000E+005
0.10000000E+001
759
0.10730958E+001 0.10725668E+001 0.10317668E+001 0.10503483E+001 0.10652961E+001 -.99876433E+000 -.10625123E+001 -.99548665E+000 -.10190176E+001 -.97313115E+000
-.46271797E-001 -.29191460E+000 -.47332946E+000 0.17535930E+001 0.71883902E+000 0.81178925E+000 0.18821075E+000 0.42753521E+000 0.57246479E+000 0.48843411E+000
0.51156589E+000 0.61521799E+000 0.38478201E+000
0.40713357E-001 0.43115503E-001 0.40591962E-001 0.42066259E-001 0.41454300E-001 0.45172448E-001 0.45308927E-001 0.44937067E-001 0.44445094E-001 0.43356439E-001
0.51740506E-001 0.69005881E-001 0.83333755E-001 0.12262645E+000 0.10503717E+000 0.14615523E-001 0.14615523E-001 0.16889110E-001 0.16889110E-001 0.12928205E-001
0.12928205E-001 0.12710074E-001 0.12710074E-001
0.15000000E+002 -.38993383E+005 0.78016766E+005 0.78111177E+005 0.78063513E+005 0.33693365E+005 0.32752000E+005 0.13315343E-003 0.13967409E+005 0.32752000E+005
0.10000000E+001
760
-.10074503E+001 -.10652628E+001 -.10045069E+001 -.10679229E+001 -.10010835E+001 0.10831689E+001 0.10416277E+001 0.11158623E+001 0.10598918E+001 0.10971668E+001
-.45862999E-001 -.14143062E+001 -.25759648E+000 0.17002462E+001 0.76861855E+000 0.57100189E+000 0.42899811E+000 0.19555575E+000 0.80444425E+000 0.48853626E+000
0.51146374E+000 0.37897480E+000 0.62102520E+000
0.45822871E-001 0.46990208E-001 0.46273666E-001 0.45128467E-001 0.46170840E-001 0.40514716E-001 0.40179698E-001 0.41654524E-001 0.42075397E-001 0.41426335E-001
0.52257441E-001 0.90215049E-001 0.62259611E-001 0.11813964E+000 0.10458601E+000 0.16914383E-001 0.16914383E-001 0.14192063E-001 0.14192063E-001 0.13057493E-001
0.13057493E-001 0.12510458E-001 0.12510458E-001
0.15000000E+002 -.38824122E+005 0.77678245E+005 0.77772655E+005 0.77724992E+005 0.33805120E+005 0.32752000E+005 0.23100390E-004 0.13882586E+005 0.32752000E+005
0.10000000E+001
761
-.98078379E+000 -.97117881E+000 -.98490035E+000 -.10377556E+001 -.10119467E+001 0.10800314E+001 0.10953129E+001 0.11492440E+001 0.11054354E+001 0.10583812E+001
0.90982590E-001 -.15005941E+001 -.17377978E+000 0.18761980E+001 0.57942258E+000 0.59281237E+000 0.40718763E+000 0.18233693E+000 0.81766307E+000 0.52272997E+000
0.47727003E+000 0.39690475E+000 0.60309525E+000
0.42284635E-001 0.42441561E-001 0.43137974E-001 0.45062763E-001 0.43544963E-001 0.42169980E-001 0.41313714E-001 0.42793022E-001 0.41356805E-001 0.40295362E-001
0.50862276E-001 0.99957828E-001 0.62223829E-001 0.12577345E+000 0.10231305E+000 0.16446159E-001 0.16446159E-001 0.14902730E-001 0.14902730E-001 0.12689291E-001
0.12689291E-001 0.12743135E-001 0.12743135E-001
0.15000000E+002 -.38890632E+005 0.77811265E+005 0.77905676E+005 0.77858012E+005 0.33841670E+005 0.32752000E+005 0.12553277E-004 0.13919147E+005 0.32752000E+005
0.10000000E+001
762
0.10503060E+001 0.11173230E+001 0.11072698E+001 0.10073807E+001 0.10353810E+001 -.10072665E+001 -.10545399E+001 -.10315761E+001 -.10346041E+001 -.10499929E+001
-.59100736E-001 -.27804419E+000 -.57860107E+000 0.18087348E+001 0.83297134E+000 0.82210733E+000 0.17789267E+000 0.43093333E+000 0.56906667E+000 0.48522912E+000
0.51477088E+000 0.62074235E+000 0.37925765E+000
0.42248517E-001 0.43007056E-001 0.41255064E-001 0.39759971E-001 0.40375348E-001 0.42410351E-001 0.45180128E-001 0.45084317E-001 0.45046375E-001 0.45299252E-001
0.50169492E-001 0.68079347E-001 0.82321652E-001 0.12379411E+000 0.10438346E+000 0.14354939E-001 0.14354939E-001 0.16695084E-001 0.16695084E-001 0.12531427E-001
0.12531427E-001 0.12526187E-001 0.12526187E-001
0.15000000E+002 -.38859438E+005 0.77748875E+005 0.77843286E+005 0.77795623E+005 0.34711107E+005 0.32752000E+005 0.29642955E-013 0.14038723E+005 0.32752000E+005
0.10000000E+001
763
0.10747975E+001 0.10118947E+001 0.10782345E+001 0.10359075E+001 0.10077792E+001 -.10412103E+001 -.99158786E+000 -.10183942E+001 -.98151360E+000 -.10059429E+001
-.54695072E-001 -.39852938E+000 -.49357979E+000 0.20993151E+001 0.74445816E+000 0.84563732E+000 0.15436268E+000 0.40166572E+000 0.59833428E+000 0.48632964E+000
0.51367036E+000 0.61758227E+000 0.38241773E+000
0.42216640E-001 0.40607706E-001 0.41993163E-001 0.40794436E-001 0.41619816E-001 0.47095733E-001 0.44254428E-001 0.47047740E-001 0.45252890E-001 0.43719079E-001
0.51662488E-001 0.72895544E-001 0.92398706E-001 0.13279097E+000 0.10905112E+000 0.13671041E-001 0.13671041E-001 0.17519013E-001 0.17519013E-001 0.12905967E-001
0.12905967E-001 0.13097315E-001 0.13097315E-001
0.15000000E+002 -.39014818E+005 0.78059635E+005 0.78154046E+005 0.78106383E+005 0.33505167E+005 0.32752000E+005 0.17327384E-002 0.13997154E+005 0.32752000E+005
0.10000000E+001
764
-.10593952E+001 -.10303577E+001 -.98495878E+000 -.10295483E+001 -.11597070E+001 0.10883100E+001 0.10173743E+001 0.10865308E+001 0.10406046E+001 0.10312767E+001
0.61722247E-001 -.17000345E+001 -.31943678E+000 0.19567124E+001 0.91852799E+000 0.56381947E+000 0.43618053E+000 0.15446076E+000 0.84553924E+000 0.51542566E+000
0.48457434E+000 0.36545475E+000 0.63454525E+000
0.45888474E-001 0.45253633E-001 0.44570185E-001 0.44264081E-001 0.46938163E-001 0.42020957E-001 0.38940834E-001 0.41644129E-001 0.40796243E-001 0.41027284E-001
0.48855551E-001 0.10708971E+000 0.61358158E-001 0.12905638E+000 0.10677293E+000 0.17064504E-001 0.17064504E-001 0.13986198E-001 0.13986198E-001 0.12202263E-001
0.12202263E-001 0.13039364E-001 0.13039364E-001
0.15000000E+002 -.38805741E+005 0.77641482E+005 0.77735893E+005 0.77688230E+005 0.34250450E+005 0.32752000E+005 0.39549640E-008 0.13847368E+005 0.32752000E+005
0.10000000E+001
765
0.10609591E+001 0.10881366E+001 0.10747238E+001 0.11069462E+001 0.10667372E+001 -.10703962E+001 -.10451743E+001 -.10360201E+001 -.10172803E+001 -.93845841E+000
-.80048141E-001 -.24593775E+000 -.56184497E+000 0.16588016E+001 0.81376776E+000 0.80421725E+000 0.19578275E+000 0.43882361E+000 0.56117639E+000 0.47999864E+000
0.52000136E+000 0.61421206E+000 0.38578794E+000
0.41202419E-001 0.42924564E-001 0.42473537E-001 0.42594774E-001 0.41588502E-001 0.45230800E-001 0.44318567E-001 0.43602592E-001 0.44627256E-001 0.42954752E-001
0.51999182E-001 0.66678344E-001 0.81872798E-001 0.12045288E+000 0.10418904E+000 0.15168874E-001 0.15168874E-001 0.16420039E-001 0.16420039E-001 0.12978993E-001
0.12978993E-001 0.12829997E-001 0.12829997E-001
0.15000000E+002 -.38873008E+005 0.77776015E+005 0.77870426E+005 0.77822763E+005 0.34997312E+005 0.32752000E+005 0.00000000E+000 0.14029890E+005 0.32752000E+005
0.10000000E+001
766
0.10460014E+001 0.11074471E+001 0.11299703E+001 0.11241166E+001 0.11092399E+001 -.98790459E+000 -.97481801E+000 -.99536600E+000 -.10631805E+001 -.97754484E+000
-.46235766E-001 -.44086021E+000 -.58810181E+000 0.19898402E+001 0.82497881E+000 0.82476636E+000 0.17523364E+000 0.39153602E+000 0.60846398E+000 0.48844312E+000
0.51155688E+000 0.60314440E+000 0.39685560E+000
0.40914072E-001 0.43394001E-001 0.43385985E-001 0.42693496E-001 0.42511436E-001 0.44395138E-001 0.42640641E-001 0.44034972E-001 0.46030515E-001 0.44514471E-001
0.50949630E-001 0.69842243E-001 0.86476768E-001 0.12468685E+000 0.10540120E+000 0.14032217E-001 0.14032217E-001 0.16638906E-001 0.16638906E-001 0.12730603E-001
0.12730603E-001 0.12603772E-001 0.12603772E-001
0.15000000E+002 -.38798030E+005 0.77626060E+005 0.77720471E+005 0.77672808E+005 0.34110512E+005 0.32752000E+005 0.80761907E-007 0.13912952E+005 0.32752000E+005
0.10000000E+001
767
-.10124576E+001 -.10651137E+001 -.94463394E+000 -.11194227E+001 -.10667624E+001 0.10600858E+001 0.10349514E+001 0.10219463E+001 0.10220414E+001 0.10513365E+001
0.80679627E-002 -.16242649E+001 -.25934265E+000 0.18363147E+001 0.70885483E+000 0.55281471E+000 0.44718529E+000 0.16461753E+000 0.83538247E+000 0.50201698E+000
0.49798302E+000 0.35949911E+000 0.64050089E+000
0.45034403E-001 0.45573077E-001 0.42988159E-001 0.48426219E-001 0.48925859E-001 0.40513722E-001 0.42295986E-001 0.39579644E-001 0.41009498E-001 0.39520737E-001
0.51328004E-001 0.10114837E+000 0.65371368E-001 0.12664731E+000 0.10607341E+000 0.16826074E-001 0.16826074E-001 0.13909782E-001 0.13909782E-001 0.12831792E-001
0.12831792E-001 0.12394396E-001 0.12394396E-001
0.15000000E+002 -.38919992E+005 0.77869983E+005 0.77964394E+005 0.77916731E+005 0.34170385E+005 0.32752000E+005 0.22953548E-007 0.14133981E+005 0.32752000E+005
0.10000000E+001
768
0.10271900E+001 0.11036905E+001 0.10928780E+001 0.10617670E+001 0.11144312E+001 -.10685718E+001 -.10492216E+001 -.10402956E+001 -.10492610E+001 -.10099469E+001
-.52582616E-001 -.44770451E+000 -.56963343E+000 0.20884465E+001 0.80724254E+000 0.83763588E+000 0.16236412E+000 0.38990668E+000 0.61009332E+000 0.48685737E+000
0.51314263E+000 0.60788694E+000 0.39211306E+000
0.40858435E-001 0.41965487E-001 0.41020142E-001 0.39894321E-001 0.40338929E-001 0.42377009E-001 0.42506079E-001 0.44432034E-001 0.44086531E-001 0.43730773E-001
0.49628472E-001 0.67568616E-001 0.82934468E-001 0.12800722E+000 0.10307749E+000 0.13709852E-001 0.13709852E-001 0.16073186E-001 0.16073186E-001 0.12398546E-001
0.12398546E-001 0.11943062E-001 0.11943062E-001
0.15000000E+002 -.38745563E+005 0.77521127E+005 0.77615537E+005 0.77567874E+005 0.33939520E+005 0.32752000E+005 0.22423029E-005 0.13767924E+005 0.32752000E+005
0.10000000E+001
769
0.10766533E+001 0.10733482E+001 0.10911842E+001 0.10777489E+001 0.10492905E+001 -.10193763E+001 -.10386552E+001 -.10326925E+001 -.10546994E+001 -.98911894E+000
-.67883295E-001 -.30912476E+000 -.47188015E+000 0.18572408E+001 0.73465237E+000 0.82464146E+000 0.17535854E+000 0.42332839E+000 0.57667161E+000 0.48303569E+000
0.51696431E+000 0.61717692E+000 0.38282308E+000
0.41048280E-001 0.40504867E-001 0.40686233E-001 0.40759780E-001 0.39443730E-001 0.42405450E-001 0.43736457E-001 0.44507263E-001 0.43696497E-001 0.43610824E-001
0.49536594E-001 0.66582127E-001 0.80649936E-001 0.12278109E+000 0.10461359E+000 0.14052282E-001 0.14052282E-001 0.16254126E-001 0.16254126E-001 0.12369893E-001
0.12369893E-001 0.12117139E-001 0.12117139E-001
0.15000000E+002 -.38862120E+005 0.77754239E+005 0.77848650E+005 0.77800987E+005 0.34319622E+005 0.32752000E+005 0.80704154E-009 0.13898165E+005 0.32752000E+005
0.10000000E+001
770
0.10844279E+001 0.11207703E+001 0.10548497E+001 0.11262663E+001 0.10927575E+001 -.96998903E+000 -.10966241E+001 -.99256983E+000 -.99800196E+000 -.10327326E+001
-.85639335E-001 -.35739052E+000 -.56508879E+000 0.19299080E+001 0.86761153E+000 0.82814220E+000 0.17185780E+000 0.41159139E+000 0.58840861E+000 0.47860324E+000
0.52139676E+000 0.61095396E+000 0.38904604E+000
0.40870076E-001 0.43252802E-001 0.40218517E-001 0.43844249E-001 0.41074229E-001 0.43029766E-001 0.44580854E-001 0.44604572E-001 0.43600320E-001 0.45207906E-001
0.51449358E-001 0.68039821E-001 0.84536404E-001 0.12569546E+000 0.10494871E+000 0.14198249E-001 0.14198249E-001 0.16478150E-001 0.16478150E-001 0.12838785E-001
0.12838785E-001 0.12567157E-001 0.12567157E-001
0.15000000E+002 -.38769712E+005 0.77569423E+005 0.77663834E+005 0.77616171E+005 0.34088328E+005 0.32752000E+005 0.12713104E-006 0.13890279E+005 0.32752000E+005
0.10000000E+001
771
0.98614159E+000 0.11177954E+001 0.10904389E+001 0.11070461E+001 0.10688889E+001 -.97967529E+000 -.98648141E+000 -.10509483E+001 -.10899055E+001 -.10636895E+001
0.15072017E-001 -.25445324E+000 -.58003916E+000 0.18312383E+001 0.90123864E+000 0.82874873E+000 0.17125127E+000 0.43672771E+000 0.56327229E+000 0.50376793E+000
0.49623207E+000 0.63421533E+000 0.36578467E+000
0.38758451E-001 0.40239923E-001 0.40769394E-001 0.41394593E-001 0.39790337E-001 0.43202793E-001 0.44606350E-001 0.45307188E-001 0.46182784E-001 0.46375523E-001
0.50008082E-001 0.70758079E-001 0.87100801E-001 0.12365730E+000 0.10702362E+000 0.13771096E-001 0.13771096E-001 0.17406248E-001 0.17406248E-001 0.12501311E-001
0.12501311E-001 0.12705701E-001 0.12705701E-001
0.15000000E+002 -.38797686E+005 0.77625371E+005 0.77719782E+005 0.77672119E+005 0.34015048E+005 0.32752000E+005 0.54256487E-006 0.13784945E+005 0.32752000E+005
0.10000000E+001
772
0.10728565E+001 0.10485823E+001 0.11476272E+001 0.10732974E+001 0.10791064E+001 -.10687804E+001 -.10184600E+001 -.10488196E+001 -.10692917E+001 -.10412011E+001
-.54270376E-001 -.23448077E+000 -.45516280E+000 0.16804996E+001 0.75377236E+000 0.80938497E+000 0.19061503E+000 0.44164692E+000 0.55835308E+000 0.48643573E+000
0.51356427E+000 0.62052785E+000 0.37947215E+000
0.40600781E-001 0.41598174E-001 0.41960943E-001 0.42093496E-001 0.42513958E-001 0.47080403E-001 0.43535958E-001 0.45855482E-001 0.46926573E-001 0.44836825E-001
0.49604709E-001 0.66828940E-001 0.81455358E-001 0.11898717E+000 0.10395622E+000 0.14694715E-001 0.14694715E-001 0.16479677E-001 0.16479677E-001 0.12392050E-001
0.12392050E-001 0.12610723E-001 0.12610723E-001
0.15000000E+002 -.38738798E+005 0.77507595E+005 0.77602006E+005 0.77554343E+005 0.34386870E+005 0.32752000E+005 0.16175494E-009 0.13896300E+005 0.32752000E+005
0.10000000E+001
773
0.10705918E+001 0.10964554E+001 0.11136690E+001 0.10989264E+001 0.11137661E+001 -.96126781E+000 -.10196340E+001 -.99125800E+000 -.98033432E+000 -.96751452E+000
-.92099341E-001 -.26275694E+000 -.49763156E+000 0.17091820E+001 0.69642990E+000 0.80944764E+000 0.19055236E+000 0.43468611E+000 0.56531389E+000 0.47699143E+000
0.52300857E+000 0.61344415E+000 0.38655585E+000
0.40293263E-001 0.43120658E-001 0.41788819E-001 0.41350713E-001 0.41609639E-001 0.42737792E-001 0.42350473E-001 0.42847882E-001 0.43661494E-001 0.43129945E-001
0.49117641E-001 0.68694558E-001 0.81812165E-001 0.12137799E+000 0.10419527E+000 0.14644315E-001 0.14644315E-001 0.16880595E-001 0.16880595E-001 0.12253408E-001
0.12253408E-001 0.12562556E-001 0.12562556E-001
0.15000000E+002 -.38936198E+005 0.77902396E+005 0.77996806E+005 0.77949143E+005 0.33869208E+005 0.32752000E+005 0.78337183E-005 0.14065210E+005 0.32752000E+005
0.10000000E+001
774
0.11083079E+001 0.10715536E+001 0.10309368E+001 0.10111411E+001 0.10098322E+001 -.11195678E+001 -.10394806E+001 -.10062427E+001 -.97153546E+000 -.10355499E+001
0.42002972E-001 -.23265828E+000 -.56062850E+000 0.18869154E+001 0.77054211E+000 0.83946559E+000 0.16053441E+000 0.44209639E+000 0.55790361E+000 0.51049920E+000
0.48950080E+000 0.64495305E+000 0.35504695E+000
0.41826921E-001 0.40263335E-001 0.40370718E-001 0.40042267E-001 0.39601103E-001 0.48912259E-001 0.47317737E-001 0.44489476E-001 0.43915308E-001 0.46514249E-001
0.51151095E-001 0.72891943E-001 0.91029789E-001 0.12721084E+000 0.10878315E+000 0.13233005E-001 0.13233005E-001 0.17978592E-001 0.17978592E-001 0.12782135E-001
0.12782135E-001 0.12695061E-001 0.12695061E-001
0.15000000E+002 -.38900579E+005 0.77831157E+005 0.77925568E+005 0.77877905E+005 0.34549397E+005 0.32752000E+005 0.25840441E-011 0.14074904E+005 0.32752000E+005
0.10000000E+001
775
0.11210566E+001 0.10692564E+001 0.11334674E+001 0.11211286E+001 0.11026630E+001 -.10160341E+001 -.90607790E+000 -.98317584E+000 -.94717038E+000 -.93758402E+000
-.23959567E-001 -.40122210E+000 -.48481280E+000 0.19649309E+001 0.69798284E+000 0.82688489E+000 0.17311511E+000 0.40101875E+000 0.59898125E+000 0.49401039E+000
0.50598961E+000 0.61140105E+000 0.38859895E+000
0.43230493E-001 0.39407862E-001 0.43745022E-001 0.42898009E-001 0.41732907E-001 0.46475002E-001 0.44466895E-001 0.43899956E-001 0.42770270E-001 0.43252643E-001
0.53169133E-001 0.71275520E-001 0.83781257E-001 0.12871384E+000 0.10484057E+000 0.14297818E-001 0.14297818E-001 0.17120573E-001 0.17120573E-001 0.13290376E-001
0.13290376E-001 0.12896415E-001 0.12896415E-001
0.15000000E+002 -.38903873E+005 0.77837747E+005 0.77932157E+005 0.77884494E+005 0.33960375E+005 0.32752000E+005 0.15272707E-005 0.13951586E+005 0.32752000E+005
0.10000000E+001
776
0.11319805E+001 0.11083083E+001 0.11601819E+001 0.10832220E+001 0.11598828E+001 -.93968796E+000 -.99294762E+000 -.10061147E+001 -.94200952E+000 -.99270658E+000
-.15537044E+000 -.30936116E+000 -.49280118E+000 0.17709404E+001 0.69313346E+000 0.81177410E+000 0.18822590E+000 0.42327068E+000 0.57672932E+000 0.46123534E+000
0.53876466E+000 0.60246219E+000 0.39753781E+000
0.43890030E-001 0.44310223E-001 0.46367089E-001 0.43890535E-001 0.43941835E-001 0.44846870E-001 0.43709757E-001 0.44412816E-001 0.43550272E-001 0.46953433E-001
0.52709452E-001 0.68667357E-001 0.87390332E-001 0.12295325E+000 0.10435720E+000 0.14735080E-001 0.14735080E-001 0.16762568E-001 0.16762568E-001 0.13098157E-001
0.13098157E-001 0.13007501E-001 0.13007501E-001
0.15000000E+002 -.38819515E+005 0.77669029E+005 0.77763440E+005 0.77715777E+005 0.34130904E+005 0.32752000E+005 0.52905471E-007 0.13887478E+005 0.32752000E+005
0.10000000E+001
777
-.10662253E+001 -.10205365E+001 -.10311282E+001 -.10310507E+001 -.10403933E+001 0.10740684E+001 0.10361080E+001 0.10577353E+001 0.11115901E+001 0.10180472E+001
0.59845145E-001 -.16669838E+001 -.26471324E+000 0.20141319E+001 0.81759351E+000 0.58592583E+000 0.41407417E+000 0.15882673E+000 0.84117327E+000 0.51495682E+000
0.48504318E+000 0.37876432E+000 0.62123568E+000
0.46377670E-001 0.44243706E-001 0.44476578E-001 0.45931556E-001 0.44621984E-001 0.40667312E-001 0.41657285E-001 0.41970652E-001 0.41588850E-001 0.41570814E-001
0.52815905E-001 0.10411648E+000 0.60173067E-001 0.13098766E+000 0.10534859E+000 0.16721719E-001 0.16721719E-001 0.13910045E-001 0.13910045E-001 0.13192161E-001
0.13192161E-001 0.12633447E-001 0.12633447E-001
0.15000000E+002 -.38838285E+005 0.77706571E+005 0.77800981E+005 0.77753318E+005 0.34084794E+005 0.32752000E+005 0.13657591E-006 0.13884418E+005 0.32752000E+005
0.10000000E+001
778
0.10151827E+001 0.10960032E+001 0.10295467E+001 0.10679025E+001 0.10720413E+001 -.96507086E+000 -.94494905E+000 -.10418598E+001 -.10310699E+001 -.10329779E+001
-.36782338E-001 -.24498975E+000 -.55353145E+000 0.18841480E+001 0.75095212E+000 0.83742037E+000 0.16257963E+000 0.43905707E+000 0.56094293E+000 0.49080545E+000
0.50919455E+000 0.63457595E+000 0.36542405E+000
0.40887561E-001 0.41359567E-001 0.41162452E-001 0.41817396E-001 0.41635207E-001 0.43152248E-001 0.44314842E-001 0.45528634E-001 0.46426093E-001 0.45963010E-001
0.52773370E-001 0.71131045E-001 0.87160251E-001 0.12846007E+000 0.10757209E+000 0.13670259E-001 0.13670259E-001 0.17518578E-001 0.17518578E-001 0.13188881E-001
0.13188881E-001 0.12830226E-001 0.12830226E-001
0.15000000E+002 -.38979878E+005 0.77989757E+005 0.78084168E+005 0.78036504E+005 0.34522205E+005 0.32752000E+005 0.52922111E-011 0.14110145E+005 0.32752000E+005
0.10000000E+001
779
0.11186248E+001 0.10788485E+001 0.11107786E+001 0.10809645E+001 0.10262558E+001 -.99191307E+000 -.10146812E+001 -.10388274E+001 -.96477903E+000 -.97298690E+000
-.34948776E-001 -.22698240E+000 -.48652191E+000 0.17723208E+001 0.75780940E+000 0.82423943E+000 0.17576057E+000 0.44349679E+000 0.55650321E+000 0.49126370E+000
0.50873630E+000 0.63054182E+000 0.36945818E+000
0.42833529E-001 0.41806576E-001 0.42929395E-001 0.41123642E-001 0.40684225E-001 0.45583229E-001 0.46864305E-001 0.46575854E-001 0.45069156E-001 0.44682694E-001
0.52581673E-001 0.71696059E-001 0.85334809E-001 0.12479619E+000 0.10647423E+000 0.14046813E-001 0.14046813E-001 0.17695117E-001 0.17695117E-001 0.13141405E-001
0.13141405E-001 0.13083224E-001 0.13083224E-001
0.15000000E+002 -.38894371E+005 0.77818742E+005 0.77913152E+005 0.77865489E+005 0.34756784E+005 0.32752000E+005 0.78825835E-014 0.13960277E+005 0.32752000E+005
0.10000000E+001
780
0.11325169E+001 0.11627967E+001 0.11742492E+001 0.11101749E+001 0.10896055E+001 -.97079110E+000 -.97291029E+000 -.97107370E+000 -.91949197E+000 -.97449870E+000
-.84770563E-001 -.28900658E+000 -.67791904E+000 0.17566546E+001 0.85534463E+000 0.81269963E+000 0.18730037E+000 0.42824709E+000 0.57175291E+000 0.47882004E+000
0.52117996E+000 0.61233067E+000 0.38766933E+000
0.43423275E-001 0.44800100E-001 0.45118057E-001 0.42262907E-001 0.42034571E-001 0.42304905E-001 0.42324238E-001 0.43199580E-001 0.42878925E-001 0.43075563E-001
0.51068937E-001 0.68300962E-001 0.84458779E-001 0.12112247E+000 0.10563283E+000 0.14555245E-001 0.14555245E-001 0.16723594E-001 0.16723594E-001 0.12744325E-001
0.12744325E-001 0.12763293E-001 0.12763293E-001
0.15000000E+002 -.38834015E+005 0.77698031E+005 0.77792442E+005 0.77744778E+005 0.34457312E+005 0.32752000E+005 0.28131608E-010 0.13947121E+005 0.32752000E+005
0.10000000E+001
781
-.10557043E+001 -.11256852E+001 -.10237622E+001 -.10316600E+001 -.10392230E+001 0.11182472E+001 0.10877191E+001 0.10651100E+001 0.11026397E+001 0.10793321E+001
0.77862601E-001 -.13740517E+001 -.29013965E+000 0.16705928E+001 0.82728544E+000 0.57359674E+000 0.42640326E+000 0.20196601E+000 0.79803399E+000 0.51945582E+000
0.48054418E+000 0.39501176E+000 0.60498824E+000
0.43922066E-001 0.44798385E-001 0.42872076E-001 0.43201730E-001 0.43403075E-001 0.41354946E-001 0.42089542E-001 0.39664453E-001 0.40863215E-001 0.40709938E-001
0.48785951E-001 0.89482588E-001 0.58151693E-001 0.11596344E+000 0.10248804E+000 0.16531533E-001 0.16531533E-001 0.14422423E-001 0.14422423E-001 0.12178021E-001
0.12178021E-001 0.12347833E-001 0.12347833E-001
0.15000000E+002 -.38733323E+005 0.77496646E+005 0.77591056E+005 0.77543393E+005 0.34607594E+005 0.32752000E+005 0.53879123E-012 0.13727749E+005 0.32752000E+005
0.10000000E+001
782
0.10878874E+001 0.10686476E+001 0.10353746E+001 0.10687684E+001 0.10739112E+001 -.99736543E+000 -.10125136E+001 -.10411183E+001 -.10339825E+001 -.10595978E+001
-.21034716E-001 -.38223667E+000 -.45243668E+000 0.19343749E+001 0.77584393E+000 0.82522235E+000 0.17477765E+000 0.40558755E+000 0.59441245E+000 0.49474151E+000
0.50525849E+000 0.61319831E+000 0.38680169E+000
0.42322600E-001 0.43041827E-001 0.42438050E-001 0.42071238E-001 0.42609028E-001 0.46235840E-001 0.45956168E-001 0.47095581E-001 0.48498936E-001 0.49109802E-001
0.54124939E-001 0.73592648E-001 0.81257384E-001 0.12669585E+000 0.10353648E+000 0.13943605E-001 0.13943605E-001 0.17742179E-001 0.17742179E-001 0.13529738E-001
0.13529738E-001 0.13337302E-001 0.13337302E-001
0.15000000E+002 -.38836130E+005 0.77702259E+005 0.77796670E+005 0.77749006E+005 0.35225887E+005 0.32752000E+005 0.00000000E+000 0.13980045E+005 0.32752000E+005
0.10000000E+001
783
0.10582895E+001 0.11088226E+001 0.10542298E+001 0.10034409E+001 0.10695561E+001 -.10188050E+001 -.10483338E+001 -.94414384E+000 -.96786620E+000 -.10131461E+001
0.25216495E-001 -.27508720E+000 -.72968776E+000 0.18985996E+001 0.95818609E+000 0.83527897E+000 0.16472103E+000 0.43165862E+000 0.56834138E+000 0.50630379E+000
0.49369621E+000 0.63601313E+000 0.36398687E+000
0.41433480E-001 0.43980482E-001 0.41114609E-001 0.41016555E-001 0.41839842E-001 0.46742372E-001 0.46823715E-001 0.44047442E-001 0.44755286E-001 0.46798351E-001
0.53940509E-001 0.71156122E-001 0.94112989E-001 0.12935138E+000 0.11221273E+000 0.14165152E-001 0.14165152E-001 0.17456693E-001 0.17456693E-001 0.13482984E-001
0.13482984E-001 0.13144604E-001 0.13144604E-001
0.15000000E+002 -.38936459E+005 0.77902917E+005 0.77997328E+005 0.77949665E+005 0.34324765E+005 0.32752000E+005 0.71525053E-009 0.14014202E+005 0.32752000E+005
0.10000000E+001
784
-.97858151E+000 -.96238538E+000 -.10336639E+001 -.10079032E+001 -.10272068E+001 0.11478209E+001 0.10770754E+001 0.11512670E+001 0.11099308E+001 0.11224646E+001
0.94245372E-001 -.14753483E+001 -.26432066E+000 0.18065840E+001 0.85974681E+000 0.58206003E+000 0.41793997E+000 0.18613106E+000 0.81386894E+000 0.52354392E+000
0.47645608E+000 0.39341727E+000 0.60658273E+000
0.42674958E-001 0.43302637E-001 0.43383612E-001 0.44543634E-001 0.43569596E-001 0.42761193E-001 0.39635640E-001 0.43362550E-001 0.42392644E-001 0.43504771E-001
0.51361776E-001 0.93808461E-001 0.59429779E-001 0.12101639E+000 0.10479314E+000 0.16586249E-001 0.16586249E-001 0.14210696E-001 0.14210696E-001 0.12811973E-001
0.12811973E-001 0.12525652E-001 0.12525652E-001
0.15000000E+002 -.38750250E+005 0.77530501E+005 0.77624912E+005 0.77577248E+005 0.34608429E+005 0.32752000E+005 0.52668980E-012 0.13887878E+005 0.32752000E+005
0.10000000E+001
785
0.11134009E+001 0.10548273E+001 0.11013091E+001 0.10986266E+001 0.10860880E+001 -.10093527E+001 -.97393027E+000 -.10430375E+001 -.99865212E+000 -.10520164E+001
-.28023349E-001 -.28742542E+000 -.41039143E+000 0.17783395E+001 0.60903889E+000 0.81621543E+000 0.18378457E+000 0.42863428E+000 0.57136572E+000 0.49299462E+000
0.50700538E+000 0.61970971E+000 0.38029029E+000
0.41667413E-001 0.39612163E-001 0.42129306E-001 0.40664243E-001 0.42961908E-001 0.44855766E-001 0.44490236E-001 0.45469641E-001 0.44930667E-001 0.43990385E-001
0.51128866E-001 0.69998028E-001 0.80106277E-001 0.12219041E+000 0.10315097E+000 0.14370511E-001 0.14370511E-001 0.17143002E-001 0.17143002E-001 0.12779707E-001
0.12779707E-001 0.12906326E-001 0.12906326E-001
0.15000000E+002 -.38840258E+005 0.77710516E+005 0.77804927E+005 0.77757263E+005 0.34092541E+005 0.32752000E+005 0.11669678E-006 0.13861530E+005 0.32752000E+005
0.10000000E+001
786
0.11257913E+001 0.10949002E+001 0.10572107E+001 0.10823702E+001 0.11622205E+001 -.97482810E+000 -.94974414E+000 -.10211349E+001 -.99618723E+000 -.10239133E+001
-.96945681E-001 -.33015445E+000 -.58452396E+000 0.18136815E+001 0.79823269E+000 0.81510473E+000 0.18489527E+000 0.41820304E+000 0.58179696E+000 0.47578254E+000
0.52421746E+000 0.60704194E+000 0.39295806E+000
0.42558268E-001 0.41893192E-001 0.42169806E-001 0.43077632E-001 0.43679254E-001 0.43296425E-001 0.43665607E-001 0.43202449E-001 0.44402897E-001 0.43926899E-001
0.50520386E-001 0.68387042E-001 0.81789865E-001 0.12263882E+000 0.10468292E+000 0.14489345E-001 0.14489345E-001 0.16639200E-001 0.16639200E-001 0.12600467E-001
0.12600467E-001 0.12594488E-001 0.12594488E-001
0.15000000E+002 -.38850138E+005 0.77730277E+005 0.77824687E+005 0.77777024E+005 0.34011170E+005 0.32752000E+005 0.58467925E-006 0.13977117E+005 0.32752000E+005
0.10000000E+001
787
-.97944064E+000 -.95801347E+000 -.98783946E+000 -.93961983E+000 -.10067961E+001 0.11231643E+001 0.10876101E+001 0.11021758E+001 0.11095566E+001 0.11422507E+001
0.10546298E+000 -.15923296E+001 -.23755964E+000 0.19174676E+001 0.88933775E+000 0.58057592E+000 0.41942408E+000 0.16905639E+000 0.83094361E+000 0.52634133E+000
0.47365867E+000 0.38565613E+000 0.61434387E+000
0.44253879E-001 0.41867280E-001 0.44312577E-001 0.44272362E-001 0.44859463E-001 0.43099795E-001 0.43170883E-001 0.42721886E-001 0.41481524E-001 0.43784747E-001
0.52650805E-001 0.99722851E-001 0.60472953E-001 0.12789981E+000 0.10647946E+000 0.17373704E-001 0.17373704E-001 0.14008700E-001 0.14008700E-001 0.13126169E-001
0.13126169E-001 0.13075304E-001 0.13075304E-001
0.15000000E+002 -.38844421E+005 0.77718841E+005 0.77813252E+005 0.77765589E+005 0.34096189E+005 0.32752000E+005 0.10833217E-006 0.13970614E+005 0.32752000E+005
0.10000000E+001
788
0.10081604E+001 0.10440366E+001 0.10846050E+001 0.10846857E+001 0.10371222E+001 -.10460945E+001 -.10050978E+001 -.99759654E+000 -.10762358E+001 -.11038193E+001
-.89510704E-002 -.25317782E+000 -.42690768E+000 0.19119172E+001 0.75557107E+000 0.84006870E+000 0.15993130E+000 0.43704148E+000 0.56295852E+000 0.49776225E+000
0.50223775E+000 0.63765322E+000 0.36234678E+000
0.39154851E-001 0.40913397E-001 0.40189422E-001 0.40799525E-001 0.40948645E-001 0.46102943E-001 0.44072097E-001 0.46074303E-001 0.47391360E-001 0.46344549E-001
0.49673487E-001 0.68552024E-001 0.84529824E-001 0.12820991E+000 0.10581156E+000 0.13697136E-001 0.13697136E-001 0.16866281E-001 0.16866281E-001 0.12418123E-001
0.12418123E-001 0.12228882E-001 0.12228882E-001
0.15000000E+002 -.38846641E+005 0.77723282E+005 0.77817693E+005 0.77770029E+005 0.34222074E+005 0.32752000E+005 0.74496170E-008 0.13866743E+005 0.32752000E+005
0.10000000E+001
789
-.11049628E+001 -.10236155E+001 -.10563486E+001 -.10613377E+001 -.10809683E+001 0.10909055E+001 0.98974130E+000 0.10810243E+001 0.10459347E+001 0.10517954E+001
-.64729481E-001 -.15184130E+001 -.29712479E+000 0.18913166E+001 0.80580004E+000 0.59216041E+000 0.40783959E+000 0.17969533E+000 0.82030467E+000 0.48382328E+000
0.51617672E+000 0.37925553E+000 0.62074447E+000
0.46288560E-001 0.43708463E-001 0.46709081E-001 0.46360474E-001 0.49029402E-001 0.41533682E-001 0.39493486E-001 0.41074126E-001 0.40950995E-001 0.39728553E-001
0.50268790E-001 0.91275572E-001 0.65191283E-001 0.12012891E+000 0.10365192E+000 0.17231852E-001 0.17231852E-001 0.13454468E-001 0.13454468E-001 0.12554043E-001
0.12554043E-001 0.12479564E-001 0.12479564E-001
0.15000000E+002 -.38788792E+005 0.77607584E+005 0.77701995E+005 0.77654332E+005 0.34559281E+005 0.32752000E+005 0.19863000E-011 0.13912583E+005 0.32752000E+005
0.10000000E+001
790
-.10122224E+001 -.10772472E+001 -.10646673E+001 -.96763208E+000 -.10201171E+001 0.10690961E+001 0.10980517E+001 0.11420744E+001 0.11489375E+001 0.10687156E+001
0.51959951E-002 -.16752606E+001 -.22889865E+000 0.20534998E+001 0.69335093E+000 0.59344834E+000 0.40655166E+000 0.15772406E+000 0.84227594E+000 0.50129900E+000
0.49870100E+000 0.37615221E+000 0.62384779E+000
0.43719192E-001 0.44845110E-001 0.45357504E-001 0.43208754E-001 0.44193645E-001 0.39226312E-001 0.41457459E-001 0.41710437E-001 0.41207954E-001 0.40515197E-001
0.49172866E-001 0.10055221E+000 0.59893985E-001 0.12806003E+000 0.10139476E+000 0.16568354E-001 0.16568354E-001 0.13358077E-001 0.13358077E-001 0.12293133E-001
0.12293133E-001 0.11907618E-001 0.11907618E-001
0.15000000E+002 -.38670615E+005 0.77371231E+005 0.77465642E+005 0.77417978E+005 0.34467163E+005 0.32752000E+005 0.21909918E-010 0.13853149E+005 0.32752000E+005
0.10000000E+001
791
0.10522653E+001 0.10776974E+001 0.98543503E+000 0.10252847E+001 0.11281374E+001 -.10773621E+001 -.10492922E+001 -.10407762E+001 -.10702086E+001 -.10773693E+001
-.26886729E-002 -.35974877E+000 -.42569416E+000 0.18847583E+001 0.65562813E+000 0.82127498E+000 0.17872502E+000 0.41102038E+000 0.58897962E+000 0.49932783E+000
0.50067217E+000 0.61587192E+000 0.38412808E+000
0.39352542E-001 0.40491892E-001 0.39200309E-001 0.39970646E-001 0.40319300E-001 0.44762662E-001 0.44170084E-001 0.43220442E-001 0.43846787E-001 0.45829213E-001
0.49692162E-001 0.66007228E-001 0.80717960E-001 0.12320864E+000 0.10165733E+000 0.14414397E-001 0.14414397E-001 0.15979203E-001 0.15979203E-001 0.12423018E-001
0.12423018E-001 0.12139102E-001 0.12139102E-001
0.15000000E+002 -.38832334E+005 0.77694668E+005 0.77789078E+005 0.77741415E+005 0.33938570E+005 0.32752000E+005 0.22815178E-005 0.13843882E+005 0.32752000E+005
0.10000000E+001
792
0.11024678E+001 0.11106555E+001 0.11099286E+001 0.10911609E+001 0.10997165E+001 -.10357361E+001 -.10420304E+001 -.10163403E+001 -.10167774E+001 -.11031257E+001
-.32138761E-001 -.32977536E+000 -.50789211E+000 0.19525721E+001 0.72150195E+000 0.83518047E+000 0.16481953E+000 0.41829528E+000 0.58170472E+000 0.49196600E+000
0.50803400E+000 0.62338862E+000 0.37661138E+000
0.39461588E-001 0.40398634E-001 0.40172630E-001 0.40915366E-001 0.40354776E-001 0.44088778E-001 0.43242051E-001 0.42285830E-001 0.41431007E-001 0.45383875E-001
0.48236784E-001 0.65989326E-001 0.80963300E-001 0.12294903E+000 0.10159262E+000 0.13415529E-001 0.13415529E-001 0.16056809E-001 0.16056809E-001 0.12056083E-001
0.12056083E-001 0.11721016E-001 0.11721016E-001
0.15000000E+002 -.38663812E+005 0.77357623E+005 0.77452034E+005 0.77404371E+005 0.33755812E+005 0.32752000E+005 0.51096046E-004 0.13579930E+005 0.32752000E+005
0.10000000E+001
793
-.10165888E+001 -.10461352E+001 -.97391002E+000 -.95857409E+000 -.97038837E+000 0.11100085E+001 0.10718431E+001 0.10698158E+001 0.11197133E+001 0.11386257E+001
0.55914264E-002 -.15517526E+001 -.19545357E+000 0.19840717E+001 0.63619897E+000 0.60642731E+000 0.39357269E+000 0.17483328E+000 0.82516672E+000 0.50139785E+000
0.49860215E+000 0.39123360E+000 0.60876640E+000
0.45268207E-001 0.45792492E-001 0.44277386E-001 0.46160111E-001 0.45450955E-001 0.43567560E-001 0.43671475E-001 0.43042096E-001 0.42417951E-001 0.43333342E-001
0.52072460E-001 0.98468969E-001 0.66144664E-001 0.12532551E+000 0.10388696E+000 0.17248783E-001 0.17248783E-001 0.14205784E-001 0.14205784E-001 0.13018013E-001
0.13018013E-001 0.13328448E-001 0.13328448E-001
0.15000000E+002 -.38825271E+005 0.77680542E+005 0.77774953E+005 0.77727289E+005 0.34912876E+005 0.32752000E+005 0.11102230E-015 0.14043287E+005 0.32752000E+005
0.10000000E+001
794
0.10856696E+001 0.11527615E+001 0.10648823E+001 0.11559350E+001 0.11429239E+001 -.97377664E+000 -.10009346E+001 -.93535113E+000 -.99526182E+000 -.96690498E+000
-.71022737E-001 -.36558707E+000 -.60622766E+000 0.19018909E+001 0.89644005E+000 0.82292677E+000 0.17707323E+000 0.40960777E+000 0.59039223E+000 0.48225178E+000
0.51774822E+000 0.60893159E+000 0.39106841E+000
0.40302306E-001 0.43484283E-001 0.41176074E-001 0.43073048E-001 0.42441702E-001 0.42543545E-001 0.43869630E-001 0.42631617E-001 0.43862630E-001 0.42685518E-001
0.49987925E-001 0.68549046E-001 0.83392537E-001 0.12615897E+000 0.10601656E+000 0.14613290E-001 0.14613290E-001 0.16577164E-001 0.16577164E-001 0.12481235E-001
0.12481235E-001 0.12618469E-001 0.12618469E-001
0.15000000E+002 -.38824847E+005 0.77679694E+005 0.77774104E+005 0.77726441E+005 0.33919659E+005 0.32752000E+005 0.32145609E-005 0.13779247E+005 0.32752000E+005
0.10000000E+001
795
-.10208687E+001 -.10768356E+001 -.10456664E+001 -.10679270E+001 -.10841832E+001 0.10733101E+001 0.10614088E+001 0.10916650E+001 0.10407857E+001 0.10986265E+001
-.11335688E-001 -.17333926E+001 -.31668429E+000 0.20346849E+001 0.77951370E+000 0.57475840E+000 0.42524160E+000 0.15015414E+000 0.84984586E+000 0.49716611E+000
0.50283389E+000 0.36125299E+000 0.63874701E+000
0.46485964E-001 0.48292800E-001 0.44722059E-001 0.45398495E-001 0.47275696E-001 0.40562222E-001 0.39062629E-001 0.41977362E-001 0.41067441E-001 0.41259336E-001
0.49675030E-001 0.10727698E+000 0.58935655E-001 0.13094508E+000 0.10567078E+000 0.17233245E-001 0.17233245E-001 0.13689388E-001 0.13689388E-001 0.12418358E-001
0.12418358E-001 0.12966887E-001 0.12966887E-001
0.15000000E+002 -.38687460E+005 0.77404919E+005 0.77499330E+005 0.77451667E+005 0.35473990E+005 0.32752000E+005 0.00000000E+000 0.13979542E+005 0.32752000E+005
0.10000000E+001
796
0.10571090E+001 0.10491068E+001 0.10098718E+001 0.10850170E+001 0.11022942E+001 -.10030943E+001 -.10096386E+001 -.94458830E+000 -.10432594E+001 -.10227764E+001
-.75985456E-001 -.23399513E+000 -.42215623E+000 0.16966349E+001 0.64785928E+000 0.81193610E+000 0.18806390E+000 0.44176668E+000 0.55823332E+000 0.48101277E+000
0.51898723E+000 0.61982290E+000 0.38017710E+000
0.43438928E-001 0.41631696E-001 0.42594146E-001 0.44595027E-001 0.44754096E-001 0.47282504E-001 0.48741239E-001 0.44455476E-001 0.48185997E-001 0.47540501E-001
0.53698051E-001 0.70251808E-001 0.88273985E-001 0.12125205E+000 0.10673405E+000 0.15287444E-001 0.15287444E-001 0.17324720E-001 0.17324720E-001 0.13405154E-001
0.13405154E-001 0.14095573E-001 0.14095573E-001
0.15000000E+002 -.38989679E+005 0.78009357E+005 0.78103768E+005 0.78056105E+005 0.34885570E+005 0.32752000E+005 0.11102230E-015 0.14173956E+005 0.32752000E+005
0.10000000E+001
797
0.10832586E+001 0.11061494E+001 0.10140427E+001 0.97404311E+000 0.10301792E+001 -.10086986E+001 -.10626441E+001 -.10241365E+001 -.10136785E+001 -.10526083E+001
0.10783715E-001 -.31980540E+000 -.45275424E+000 0.20159092E+001 0.79016682E+000 0.84502518E+000 0.15497482E+000 0.42072318E+000 0.57927682E+000 0.50269590E+000
0.49730410E+000 0.63401805E+000 0.36598195E+000
0.41435739E-001 0.44439133E-001 0.39734440E-001 0.40188715E-001 0.42216071E-001 0.47895067E-001 0.47928715E-001 0.48126876E-001 0.46133472E-001 0.47222286E-001
0.53974836E-001 0.71585825E-001 0.81290255E-001 0.13191901E+000 0.10689959E+000 0.13727047E-001 0.13727047E-001 0.17446553E-001 0.17446553E-001 0.13493317E-001
0.13493317E-001 0.13081959E-001 0.13081959E-001
0.15000000E+002 -.38902077E+005 0.77834155E+005 0.77928565E+005 0.77880902E+005 0.34234347E+005 0.32752000E+005 0.56726079E-008 0.13989055E+005 0.32752000E+005
0.10000000E+001
798
-.10154907E+001 -.10685506E+001 -.97856293E+000 -.10466275E+001 -.10912340E+001 0.10441246E+001 0.10889367E+001 0.10828494E+001 0.10927812E+001 0.10830830E+001
0.89924585E-001 -.17536112E+001 -.31790786E+000 0.19983530E+001 0.95027262E+000 0.56088186E+000 0.43911814E+000 0.14759230E+000 0.85240770E+000 0.52246601E+000
0.47753399E+000 0.36352204E+000 0.63647796E+000
0.44911305E-001 0.44520983E-001 0.45381143E-001 0.45479809E-001 0.46364511E-001 0.39946550E-001 0.42917696E-001 0.39096105E-001 0.41201462E-001 0.41622256E-001
0.50776768E-001 0.10799753E+000 0.60951490E-001 0.13159525E+000 0.10721900E+000 0.16265661E-001 0.16265661E-001 0.13587041E-001 0.13587041E-001 0.12668564E-001
0.12668564E-001 0.12245694E-001 0.12245694E-001
0.15000000E+002 -.38717795E+005 0.77465590E+005 0.77560001E+005 0.77512338E+005 0.34412259E+005 0.32752000E+005 0.86778029E-010 0.13881407E+005 0.32752000E+005
0.10000000E+001
799
-.10637420E+001 -.10353499E+001 -.11326036E+001 -.10613250E+001 -.10143007E+001 0.10350735E+001 0.10877102E+001 0.11145772E+001 0.10711213E+001 0.10583865E+001
0.44739091E-001 -.15941453E+001 -.20792987E+000 0.18442256E+001 0.69913825E+000 0.56219626E+000 0.43780374E+000 0.16880148E+000 0.83119852E+000 0.51118291E+000
0.48881709E+000 0.36989817E+000 0.63010183E+000
0.42664054E-001 0.43076645E-001 0.44983201E-001 0.43253663E-001 0.43368797E-001 0.39534377E-001 0.39350707E-001 0.41107477E-001 0.39825540E-001 0.37960621E-001
0.48432389E-001 0.96854951E-001 0.61174474E-001 0.12342667E+000 0.10294712E+000 0.16442974E-001 0.16442974E-001 0.13589480E-001 0.13589480E-001 0.12102040E-001
0.12102040E-001 0.11762875E-001 0.11762875E-001
0.15000000E+002 -.38741019E+005 0.77512038E+005 0.77606449E+005 0.77558785E+005 0.33955216E+005 0.32752000E+005 0.16803917E-005 0.13752748E+005 0.32752000E+005
0.10000000E+001
800
0.98475383E+000 0.10213574E+001 0.10175040E+001 0.97978481E+000 0.10359449E+001 -.11312074E+001 -.11477520E+001 -.11624054E+001 -.10569130E+001 -.10930932E+001
0.11030801E+000 -.21300634E+000 -.40439302E+000 0.18774432E+001 0.71529117E+000 0.84083270E+000 0.15916730E+000 0.44694885E+000 0.55305115E+000 0.52754907E+000
0.47245093E+000 0.65474191E+000 0.34525809E+000
0.37208351E-001 0.39195095E-001 0.39171448E-001 0.38037358E-001 0.37745304E-001 0.47745724E-001 0.47056448E-001 0.46719852E-001 0.45842738E-001 0.47781532E-001
0.48708360E-001 0.67229845E-001 0.82446034E-001 0.12715699E+000 0.10597500E+000 0.13786601E-001 0.13786601E-001 0.16618248E-001 0.16618248E-001 0.12140123E-001
0.12140123E-001 0.12067508E-001 0.12067508E-001
0.15000000E+002 -.38815172E+005 0.77660344E+005 0.77754755E+005 0.77707092E+005 0.34664594E+005 0.32752000E+005 0.11102230E-012 0.13927206E+005 0.32752000E+005
0.10000000E+001
801
0.10907922E+001 0.10764587E+001 0.11130827E+001 0.10951306E+001 0.11387286E+001 -.10230652E+001 -.94872398E+000 -.10546459E+001 -.98358460E+000 -.10372696E+001
0.41956828E-002 -.39380611E+000 -.53050903E+000 0.17332396E+001 0.79560917E+000 0.79239676E+000 0.20760324E+000 0.40280139E+000 0.59719861E+000 0.50104892E+000
0.49895108E+000 0.59800773E+000 0.40199227E+000
0.42742211E-001 0.40085017E-001 0.42802802E-001 0.41883861E-001 0.42049942E-001 0.43464874E-001 0.43728957E-001 0.44275639E-001 0.43387569E-001 0.45305105E-001
0.50617773E-001 0.69528825E-001 0.80599612E-001 0.11719072E+000 0.10259949E+000 0.14829208E-001 0.14829208E-001 0.16725328E-001 0.16725328E-001 0.12654388E-001
0.12654388E-001 0.12815526E-001 0.12815526E-001
0.15000000E+002 -.38825857E+005 0.77681713E+005 0.77776124E+005 0.77728461E+005 0.34112653E+005 0.32752000E+005 0.77274160E-007 0.13965868E+005 0.32752000E+005
0.10000000E+001
802
0.10585879E+001 0.10767821E+001 0.10829240E+001 0.11062858E+001 0.10855813E+001 -.10292707E+001 -.10193318E+001 -.10032848E+001 -.99249306E+000 -.10541789E+001
-.48344641E-001 -.40701784E+000 -.41341149E+000 0.21576292E+001 0.62183497E+000 0.85202990E+000 0.14797010E+000 0.39962740E+000 0.60037260E+000 0.48791619E+000
0.51208381E+000 0.62036190E+000 0.37963810E+000
0.41234790E-001 0.40450267E-001 0.40524460E-001 0.41017906E-001 0.40062700E-001 0.42786328E-001 0.44251397E-001 0.43895098E-001 0.43288134E-001 0.45841557E-001
0.49803259E-001 0.67667618E-001 0.82525561E-001 0.13314483E+000 0.10229165E+000 0.13560096E-001 0.13560096E-001 0.16235176E-001 0.16235176E-001 0.12443543E-001
0.12443543E-001 0.12098863E-001 0.12098863E-001
0.15000000E+002 -.38807793E+005 0.77645587E+005 0.77739998E+005 0.77692334E+005 0.34394781E+005 0.32752000E+005 0.13335077E-009 0.13820441E+005 0.32752000E+005
0.10000000E+001
803
-.10321214E+001 -.10050932E+001 -.10985904E+001 -.97318531E+000 -.10669352E+001 0.10833026E+001 0.10328251E+001 0.10086966E+001 0.10723767E+001 0.10960823E+001
0.62967849E-002 -.16268170E+001 -.23761309E+000 0.19396063E+001 0.62328483E+000 0.57756595E+000 0.42243405E+000 0.16426687E+000 0.83573313E+000 0.50157419E+000
0.49842581E+000 0.37156702E+000 0.62843298E+000
0.44672030E-001 0.45186994E-001 0.45296169E-001 0.43932873E-001 0.46407723E-001 0.40576940E-001 0.39308413E-001 0.40823496E-001 0.40193516E-001 0.41313138E-001
0.49543961E-001 0.10003256E+000 0.62697165E-001 0.12588705E+000 0.10310247E+000 0.17126387E-001 0.17126387E-001 0.13732796E-001 0.13732796E-001 0.12385867E-001
0.12385867E-001 0.12682917E-001 0.12682917E-001
0.15000000E+002 -.38877928E+005 0.77785856E+005 0.77880267E+005 0.77832604E+005 0.34249142E+005 0.32752000E+005 0.40730431E-008 0.13865181E+005 0.32752000E+005
0.10000000E+001
804
-.10820146E+001 -.10466058E+001 -.10316837E+001 -.11156507E+001 -.10539234E+001 0.99412101E+000 0.10193175E+001 0.10104620E+001 0.10101351E+001 0.10150983E+001
-.15217012E-001 -.18073219E+001 -.34417149E+000 0.21473127E+001 0.79056270E+000 0.58418829E+000 0.41581171E+000 0.14096211E+000 0.85903789E+000 0.49619582E+000
0.50380418E+000 0.36088909E+000 0.63911091E+000
0.48190885E-001 0.48113791E-001 0.47723563E-001 0.46157664E-001 0.45553046E-001 0.38058581E-001 0.38773559E-001 0.37936422E-001 0.41644804E-001 0.40292757E-001
0.49287023E-001 0.10873020E+000 0.63402697E-001 0.13585858E+000 0.10837646E+000 0.17788716E-001 0.17788716E-001 0.13166335E-001 0.13166335E-001 0.12321042E-001
0.12321042E-001 0.12824639E-001 0.12824639E-001
0.15000000E+002 -.38923346E+005 0.77876692E+005 0.77971102E+005 0.77923439E+005 0.33542457E+005 0.32752000E+005 0.10826381E-002 0.13968252E+005 0.32752000E+005
0.10000000E+001
805
0.10498216E+001 0.10799121E+001 0.11408341E+001 0.11139900E+001 0.11397963E+001 -.10375782E+001 -.10327545E+001 -.10335143E+001 -.10392450E+001 -.99664055E+000
-.33125410E-001 -.27284859E+000 -.55362802E+000 0.18639152E+001 0.76785180E+000 0.83076612E+000 0.16923388E+000 0.43220790E+000 0.56779210E+000 0.49171940E+000
0.50828060E+000 0.62818671E+000 0.37181329E+000
0.39909199E-001 0.40385774E-001 0.41429928E-001 0.40549841E-001 0.39940807E-001 0.42532307E-001 0.43289689E-001 0.45039948E-001 0.44178549E-001 0.42979414E-001
0.49919182E-001 0.66150614E-001 0.85416004E-001 0.12370046E+000 0.10511755E+000 0.13744794E-001 0.13744794E-001 0.16233641E-001 0.16233641E-001 0.12476373E-001
0.12476373E-001 0.11902145E-001 0.11902145E-001
0.15000000E+002 -.38703975E+005 0.77437949E+005 0.77532360E+005 0.77484697E+005 0.34382080E+005 0.32752000E+005 0.18174584E-009 0.13715039E+005 0.32752000E+005
0.10000000E+001
806
0.11003197E+001 0.10701486E+001 0.11119656E+001 0.10774961E+001 0.11319417E+001 -.10269576E+001 -.98334442E+000 -.10176742E+001 -.10377649E+001 -.10423350E+001
-.12067757E-001 -.33894261E+000 -.66846503E+000 0.18286154E+001 0.81977293E+000 0.81602916E+000 0.18397084E+000 0.41606635E+000 0.58393365E+000 0.49698310E+000
0.50301690E+000 0.61484111E+000 0.38515889E+000
0.40876649E-001 0.41309684E-001 0.41440349E-001 0.41953141E-001 0.42605567E-001 0.44076734E-001 0.42840506E-001 0.43439776E-001 0.42848320E-001 0.43921346E-001
0.48951638E-001 0.68942337E-001 0.86034078E-001 0.11913383E+000 0.10567525E+000 0.13713697E-001 0.13713697E-001 0.16749895E-001 0.16749895E-001 0.12237464E-001
0.12237464E-001 0.12187244E-001 0.12187244E-001
0.15000000E+002 -.38767299E+005 0.77564597E+005 0.77659008E+005 0.77611344E+005 0.33972376E+005 0.32752000E+005 0.12211576E-005 0.13780094E+005 0.32752000E+005
0.10000000E+001
807
-.99033210E+000 -.93811920E+000 -.10183400E+001 -.10357459E+001 -.96091059E+000 0.10395946E+001 0.10485912E+001 0.11026848E+001 0.10462947E+001 0.11169224E+001
0.67259048E-001 -.15891757E+001 -.19381735E+000 0.18975600E+001 0.70086707E+000 0.57649084E+000 0.42350916E+000 0.16949990E+000 0.83050010E+000 0.51680843E+000
0.48319157E+000 0.37983625E+000 0.62016375E+000
0.44337524E-001 0.43374389E-001 0.47799613E-001 0.43755184E-001 0.45897514E-001 0.42077706E-001 0.42336300E-001 0.42334007E-001 0.43582244E-001 0.41753050E-001
0.52575991E-001 0.10127999E+000 0.64960995E-001 0.12826646E+000 0.10618725E+000 0.17151020E-001 0.17151020E-001 0.14257152E-001 0.14257152E-001 0.13129144E-001
0.13129144E-001 0.12944013E-001 0.12944013E-001
0.15000000E+002 -.38972921E+005 0.77975843E+005 0.78070254E+005 0.78022590E+005 0.34436325E+005 0.32752000E+005 0.47704507E-010 0.14115079E+005 0.32752000E+005
0.10000000E+001
808
0.10816143E+001 0.10026636E+001 0.10378049E+001 0.10510739E+001 0.10457239E+001 -.10312959E+001 -.10086887E+001 -.10256195E+001 -.10434817E+001 -.99274126E+000
0.36007150E-001 -.45762143E+000 -.41387334E+000 0.23728708E+001 0.64233850E+000 0.87160773E+000 0.12839227E+000 0.38755024E+000 0.61244976E+000 0.50900082E+000
0.49099918E+000 0.63393590E+000 0.36606410E+000
0.41658239E-001 0.39463142E-001 0.39263318E-001 0.40391789E-001 0.39708363E-001 0.46071051E-001 0.45371231E-001 0.45363619E-001 0.45573354E-001 0.44648500E-001
0.51882610E-001 0.71541440E-001 0.85762610E-001 0.14601049E+000 0.10503356E+000 0.13272804E-001 0.13272804E-001 0.16980722E-001 0.16980722E-001 0.12966449E-001
0.12966449E-001 0.12470250E-001 0.12470250E-001
0.15000000E+002 -.38904248E+005 0.77838497E+005 0.77932908E+005 0.77885244E+005 0.34213276E+005 0.32752000E+005 0.90456479E-008 0.13932945E+005 0.32752000E+005
0.10000000E+001
809
0.10972407E+001 0.11345232E+001 0.11049607E+001 0.10613408E+001 0.10767131E+001 -.93937774E+000 -.10576993E+001 -.99537866E+000 -.10224128E+001 -.97482549E+000
-.24248460E-001 -.36657049E+000 -.59338711E+000 0.18202290E+001 0.73834178E+000 0.81056085E+000 0.18943915E+000 0.40936997E+000 0.59063003E+000 0.49393818E+000
0.50606182E+000 0.60753346E+000 0.39246654E+000
0.41038457E-001 0.44816221E-001 0.42867430E-001 0.41885979E-001 0.42646163E-001 0.42628555E-001 0.45519727E-001 0.43402524E-001 0.44279381E-001 0.43566961E-001
0.51250973E-001 0.70242211E-001 0.84365706E-001 0.12219991E+000 0.10486258E+000 0.14686025E-001 0.14686025E-001 0.16983597E-001 0.16983597E-001 0.12810860E-001
0.12810860E-001 0.13010289E-001 0.13010289E-001
0.15000000E+002 -.38869226E+005 0.77768452E+005 0.77862863E+005 0.77815200E+005 0.34214813E+005 0.32752000E+005 0.87446674E-008 0.13973714E+005 0.32752000E+005
0.10000000E+001
810
0.10407139E+001 0.10600372E+001 0.10358724E+001 0.10192896E+001 0.96754907E+000 -.10649793E+001 -.10615387E+001 -.10735678E+001 -.10443581E+001 -.10422045E+001
0.68431091E-002 -.27412719E+000 -.44185934E+000 0.19605543E+001 0.73612706E+000 0.84375372E+000 0.15624628E+000 0.43189416E+000 0.56810584E+000 0.50171077E+000
0.49828923E+000 0.63852853E+000 0.36147147E+000
0.41645083E-001 0.39615022E-001 0.40321259E-001 0.41490907E-001 0.38284879E-001 0.45740578E-001 0.48325719E-001 0.48717022E-001 0.45001664E-001 0.47784631E-001
0.51492148E-001 0.71994715E-001 0.82960474E-001 0.12962600E+000 0.10492309E+000 0.13370634E-001 0.13370634E-001 0.17664738E-001 0.17664738E-001 0.12872886E-001
0.12872886E-001 0.12735529E-001 0.12735529E-001
0.15000000E+002 -.38918631E+005 0.77867262E+005 0.77961673E+005 0.77914009E+005 0.34308371E+005 0.32752000E+005 0.10497533E-008 0.13953325E+005 0.32752000E+005
0.10000000E+001
811
0.10382360E+001 0.10907495E+001 0.10853489E+001 0.10919210E+001 0.10718236E+001 -.98772891E+000 -.10228422E+001 -.98989498E+000 -.99084381E+000 -.10822239E+001
-.36814160E-001 -.31550491E+000 -.58877361E+000 0.19899719E+001 0.95064732E+000 0.84217047E+000 0.15782953E+000 0.42177163E+000 0.57822837E+000 0.49079750E+000
0.50920250E+000 0.62810233E+000 0.37189767E+000
0.40488706E-001 0.42067204E-001 0.42061358E-001 0.42355857E-001 0.41673734E-001 0.45507076E-001 0.46407121E-001 0.44734715E-001 0.46289473E-001 0.47461434E-001
0.53289219E-001 0.68258186E-001 0.84641600E-001 0.12767273E+000 0.10643186E+000 0.13535613E-001 0.13535613E-001 0.16646828E-001 0.16646828E-001 0.13317792E-001
0.13317792E-001 0.12565181E-001 0.12565181E-001
0.15000000E+002 -.38817218E+005 0.77664435E+005 0.77758846E+005 0.77711183E+005 0.35647488E+005 0.32752000E+005 0.00000000E+000 0.13986159E+005 0.32752000E+005
0.10000000E+001
812
-.10037773E+001 -.10834441E+001 -.10404471E+001 -.10460845E+001 -.10343167E+001 0.10255616E+001 0.10363823E+001 0.10780778E+001 0.10820552E+001 0.11077719E+001
-.32061403E-001 -.15480301E+001 -.22110355E+000 0.18126339E+001 0.65699279E+000 0.56576766E+000 0.43423234E+000 0.17537096E+000 0.82462904E+000 0.49198534E+000
0.50801466E+000 0.36744041E+000 0.63255959E+000
0.43498340E-001 0.45114948E-001 0.46817940E-001 0.45826760E-001 0.45807515E-001 0.40293337E-001 0.40747345E-001 0.38883853E-001 0.39695301E-001 0.41530968E-001
0.50479800E-001 0.97505374E-001 0.61763890E-001 0.12352658E+000 0.10361393E+000 0.16782832E-001 0.16782832E-001 0.14100836E-001 0.14100836E-001 0.12616707E-001
0.12616707E-001 0.12397943E-001 0.12397943E-001
0.15000000E+002 -.38839976E+005 0.77709951E+005 0.77804362E+005 0.77756699E+005 0.34629370E+005 0.32752000E+005 0.29620750E-012 0.13848436E+005 0.32752000E+005
0.10000000E+001
813
0.10648511E+001 0.10600581E+001 0.10023768E+001 0.10069999E+001 0.10552594E+001 -.10002393E+001 -.10416747E+001 -.10153525E+001 -.99694665E+000 -.10445682E+001
-.65033993E-001 -.31009099E+000 -.50466942E+000 0.20613590E+001 0.71051482E+000 0.85211267E+000 0.14788733E+000 0.42309253E+000 0.57690747E+000 0.48374723E+000
0.51625277E+000 0.63062983E+000 0.36937017E+000
0.41596687E-001 0.41832175E-001 0.39417316E-001 0.38828663E-001 0.41655811E-001 0.44835285E-001 0.45098459E-001 0.44643950E-001 0.43918374E-001 0.44703678E-001
0.52369369E-001 0.69746035E-001 0.81574739E-001 0.13786716E+000 0.10615184E+000 0.14089038E-001 0.14089038E-001 0.17023978E-001 0.17023978E-001 0.13078509E-001
0.13078509E-001 0.12794448E-001 0.12794448E-001
0.15000000E+002 -.38989856E+005 0.78009712E+005 0.78104123E+005 0.78056460E+005 0.33974466E+005 0.32752000E+005 0.11742666E-005 0.14173367E+005 0.32752000E+005
0.10000000E+001
814
0.10447495E+001 0.10722382E+001 0.10558781E+001 0.10936881E+001 0.11395847E+001 -.10387081E+001 -.11013910E+001 -.94520415E+000 -.10698884E+001 -.10267801E+001
-.15052548E-001 -.22314514E+000 -.60706567E+000 0.19224921E+001 0.87915216E+000 0.84544943E+000 0.15455057E+000 0.44444405E+000 0.55555595E+000 0.49623693E+000
0.50376307E+000 0.64343773E+000 0.35656227E+000
0.40786817E-001 0.40985315E-001 0.39991084E-001 0.40591198E-001 0.41552942E-001 0.44712938E-001 0.46320939E-001 0.42717308E-001 0.47475764E-001 0.46119701E-001
0.50263363E-001 0.69382537E-001 0.86508404E-001 0.12922595E+000 0.10659435E+000 0.13336067E-001 0.13336067E-001 0.17131488E-001 0.17131488E-001 0.12565129E-001
0.12565129E-001 0.12278823E-001 0.12278823E-001
0.15000000E+002 -.38724204E+005 0.77478408E+005 0.77572819E+005 0.77525156E+005 0.33953581E+005 0.32752000E+005 0.17319154E-005 0.13814776E+005 0.32752000E+005
0.10000000E+001
815
0.10674980E+001 0.10543323E+001 0.10803813E+001 0.11021339E+001 0.10395157E+001 -.10056444E+001 -.96198718E+000 -.10186541E+001 -.10724006E+001 -.10234228E+001
0.26012500E-001 -.16783672E+000 -.58286110E+000 0.16929523E+001 0.78250890E+000 0.82129055E+000 0.17870945E+000 0.45813904E+000 0.54186096E+000 0.50650276E+000
0.49349724E+000 0.64207628E+000 0.35792372E+000
0.41581069E-001 0.41277033E-001 0.41037326E-001 0.42122008E-001 0.40424889E-001 0.44603867E-001 0.44602043E-001 0.45625551E-001 0.48514920E-001 0.46577222E-001
0.52741643E-001 0.68598527E-001 0.89136505E-001 0.12051548E+000 0.10746637E+000 0.13861205E-001 0.13861205E-001 0.17029424E-001 0.17029424E-001 0.13183181E-001
0.13183181E-001 0.12523371E-001 0.12523371E-001
0.15000000E+002 -.38888045E+005 0.77806090E+005 0.77900501E+005 0.77852838E+005 0.34515756E+005 0.32752000E+005 0.62638783E-011 0.14051780E+005 0.32752000E+005
0.10000000E+001
816
-.10392259E+001 -.10721180E+001 -.10148769E+001 -.98784208E+000 -.98938498E+000 0.11136987E+001 0.11450519E+001 0.11121965E+001 0.10685334E+001 0.11101968E+001
0.61278037E-001 -.14429423E+001 -.23318526E+000 0.18288956E+001 0.59851395E+000 0.59530816E+000 0.40469184E+000 0.19109013E+000 0.80890987E+000 0.51531472E+000
0.48468528E+000 0.39938963E+000 0.60061037E+000
0.44028296E-001 0.42686437E-001 0.44612378E-001 0.42758144E-001 0.43814842E-001 0.41456534E-001 0.42766139E-001 0.39594598E-001 0.40315057E-001 0.41335818E-001
0.49686859E-001 0.91147907E-001 0.61078984E-001 0.11903512E+000 0.99966729E-001 0.16431115E-001 0.16431115E-001 0.14089160E-001 0.14089160E-001 0.12410061E-001
0.12410061E-001 0.12213855E-001 0.12213855E-001
0.15000000E+002 -.38763726E+005 0.77557452E+005 0.77651862E+005 0.77604199E+005 0.34194393E+005 0.32752000E+005 0.13671532E-007 0.13689488E+005 0.32752000E+005
0.10000000E+001
817
0.10290557E+001 0.10467247E+001 0.10708517E+001 0.10572635E+001 0.10186100E+001 -.97626736E+000 -.98904896E+000 -.10362344E+001 -.10197699E+001 -.10578745E+001
0.51081149E-001 -.39011411E+000 -.51063644E+000 0.22475534E+001 0.81537200E+000 0.86499820E+000 0.13500180E+000 0.40368983E+000 0.59631017E+000 0.51276751E+000
0.48723249E+000 0.64023377E+000 0.35976623E+000
0.39153525E-001 0.41144360E-001 0.40261026E-001 0.40985766E-001 0.40423188E-001 0.46729048E-001 0.44437873E-001 0.47405743E-001 0.45161690E-001 0.45224781E-001
0.49653452E-001 0.71803401E-001 0.85939668E-001 0.14172918E+000 0.10704650E+000 0.13566365E-001 0.13566365E-001 0.17284827E-001 0.17284827E-001 0.12405269E-001
0.12405269E-001 0.12676974E-001 0.12676974E-001
0.15000000E+002 -.38905752E+005 0.77841505E+005 0.77935916E+005 0.77888252E+005 0.33253053E+005 0.32752000E+005 0.25562972E-001 0.13925945E+005 0.32752000E+005
0.10000000E+001
818
0.11059247E+001 0.11266470E+001 0.10975944E+001 0.11105027E+001 0.10571838E+001 -.95645145E+000 -.10062848E+001 -.10169583E+001 -.93153630E+000 -.90956640E+000
-.52629621E-001 -.31606705E+000 -.49534277E+000 0.17649826E+001 0.66543366E+000 0.80983148E+000 0.19016852E+000 0.42163454E+000 0.57836546E+000 0.48684563E+000
0.51315437E+000 0.61062652E+000 0.38937348E+000
0.41635412E-001 0.42729717E-001 0.42782262E-001 0.42123548E-001 0.40223473E-001 0.44446082E-001 0.44730842E-001 0.44281901E-001 0.42492273E-001 0.41709985E-001
0.52260918E-001 0.71490071E-001 0.83133042E-001 0.12337024E+000 0.10464009E+000 0.14226261E-001 0.14226261E-001 0.17433487E-001 0.17433487E-001 0.13056186E-001
0.13056186E-001 0.12653716E-001 0.12653716E-001
0.15000000E+002 -.38976849E+005 0.77983699E+005 0.78078109E+005 0.78030446E+005 0.33616331E+005 0.32752000E+005 0.40339175E-003 0.13995504E+005 0.32752000E+005
0.10000000E+001
819
0.98263918E+000 0.99148683E+000 0.10061189E+001 0.10027668E+001 0.10216733E+001 -.11117825E+001 -.10924870E+001 -.10072718E+001 -.10902270E+001 -.11266329E+001
0.22960267E-001 -.22547469E+000 -.37038874E+000 0.18166091E+001 0.65018301E+000 0.83077564E+000 0.16922436E+000 0.44386893E+000 0.55613107E+000 0.50573981E+000
0.49426019E+000 0.63954306E+000 0.36045694E+000
0.40964918E-001 0.40303916E-001 0.40976991E-001 0.39583729E-001 0.40022373E-001 0.46802345E-001 0.47776936E-001 0.45650438E-001 0.49062627E-001 0.49814853E-001
0.53233479E-001 0.68760426E-001 0.79869405E-001 0.12797961E+000 0.10576583E+000 0.14507037E-001 0.14507037E-001 0.16973463E-001 0.16973463E-001 0.13306616E-001
0.13306616E-001 0.12941704E-001 0.12941704E-001
0.15000000E+002 -.38954355E+005 0.77938710E+005 0.78033120E+005 0.77985457E+005 0.33913311E+005 0.32752000E+005 0.36026733E-005 0.14028327E+005 0.32752000E+005
0.10000000E+001
820
0.10780732E+001 0.10277567E+001 0.11421722E+001 0.11637556E+001 0.10443088E+001 -.10715813E+001 -.10347370E+001 -.10062783E+001 -.10729111E+001 -.97791241E+000
-.33522028E-001 -.29681630E+000 -.47111980E+000 0.18890099E+001 0.81723663E+000 0.83092450E+000 0.16907550E+000 0.42633595E+000 0.57366405E+000 0.49162028E+000
0.50837972E+000 0.62523988E+000 0.37476012E+000
0.42082772E-001 0.40258311E-001 0.42354253E-001 0.42449891E-001 0.40649415E-001 0.46430595E-001 0.45453448E-001 0.45546918E-001 0.47707748E-001 0.43565165E-001
0.52552504E-001 0.68791927E-001 0.81316228E-001 0.12606919E+000 0.10347891E+000 0.13781997E-001 0.13781997E-001 0.16824690E-001 0.16824690E-001 0.13134436E-001
0.13134436E-001 0.12416936E-001 0.12416936E-001
0.15000000E+002 -.38726414E+005 0.77482828E+005 0.77577238E+005 0.77529575E+005 0.34971885E+005 0.32752000E+005 0.00000000E+000 0.13901072E+005 0.32752000E+005
0.10000000E+001
821
-.10341896E+001 -.92692834E+000 -.96726325E+000 -.92190777E+000 -.94854573E+000 0.11650230E+001 0.11102677E+001 0.10214788E+001 0.11207456E+001 0.10976339E+001
0.15617085E+000 -.14601321E+001 -.18543391E+000 0.17365922E+001 0.65926364E+000 0.56867815E+000 0.43132185E+000 0.18844712E+000 0.81155288E+000 0.53896355E+000
0.46103645E+000 0.39337779E+000 0.60662221E+000
0.44766930E-001 0.41475597E-001 0.42149516E-001 0.41997237E-001 0.42568207E-001 0.44615142E-001 0.42661426E-001 0.40812862E-001 0.42477834E-001 0.41516890E-001
0.51631619E-001 0.99094537E-001 0.61824571E-001 0.12584542E+000 0.10503208E+000 0.16791435E-001 0.16791435E-001 0.15155003E-001 0.15155003E-001 0.12829520E-001
0.12829520E-001 0.12791378E-001 0.12791378E-001
0.15000000E+002 -.38996787E+005 0.78023574E+005 0.78117984E+005 0.78070321E+005 0.34222569E+005 0.32752000E+005 0.73686095E-008 0.14047708E+005 0.32752000E+005
0.10000000E+001
822
0.10701897E+001 0.10657557E+001 0.10372621E+001 0.11043547E+001 0.10584768E+001 -.10310355E+001 -.98787150E+000 -.95980813E+000 -.99456797E+000 -.10408581E+001
0.49059431E-001 -.37589994E+000 -.47917516E+000 0.19393815E+001 0.87988115E+000 0.82685236E+000 0.17314764E+000 0.40711616E+000 0.59288384E+000 0.51226240E+000
0.48773760E+000 0.62213123E+000 0.37786877E+000
0.41236155E-001 0.41122018E-001 0.40340585E-001 0.40293281E-001 0.42141233E-001 0.48075929E-001 0.45654042E-001 0.45870064E-001 0.47947142E-001 0.45713413E-001
0.55765147E-001 0.72992806E-001 0.80764497E-001 0.12703919E+000 0.10508960E+000 0.13670786E-001 0.13670786E-001 0.17618463E-001 0.17618463E-001 0.13932901E-001
0.13932901E-001 0.12882094E-001 0.12882094E-001
0.15000000E+002 -.38901671E+005 0.77833343E+005 0.77927753E+005 0.77880090E+005 0.34199233E+005 0.32752000E+005 0.12303738E-007 0.13954745E+005 0.32752000E+005
0.10000000E+001
823
-.99908055E+000 -.10427318E+001 -.10061884E+001 -.11089532E+001 -.10715144E+001 0.10747354E+001 0.10828041E+001 0.10615255E+001 0.11460929E+001 0.10523329E+001
-.50159226E-002 -.15132793E+001 -.32002071E+000 0.18653037E+001 0.81608687E+000 0.58710842E+000 0.41289158E+000 0.18045331E+000 0.81954669E+000 0.49874602E+000
0.50125398E+000 0.38327093E+000 0.61672907E+000
0.45999583E-001 0.46194580E-001 0.45454442E-001 0.47474652E-001 0.47225296E-001 0.40518454E-001 0.41459161E-001 0.40876024E-001 0.43295822E-001 0.41134140E-001
0.51784149E-001 0.91415291E-001 0.62462147E-001 0.11975271E+000 0.10271787E+000 0.17003568E-001 0.17003568E-001 0.13519400E-001 0.13519400E-001 0.12945956E-001
0.12945956E-001 0.12555531E-001 0.12555531E-001
0.15000000E+002 -.38726562E+005 0.77483125E+005 0.77577536E+005 0.77529872E+005 0.35088881E+005 0.32752000E+005 0.00000000E+000 0.13890586E+005 0.32752000E+005
0.10000000E+001
824
-.10408625E+001 -.10441792E+001 -.99583062E+000 -.10780910E+001 -.10580474E+001 0.91677979E+000 0.10073738E+001 0.10024458E+001 0.10544906E+001 0.10913932E+001
-.12090507E-001 -.17126388E+001 -.30286937E+000 0.19258691E+001 0.74840115E+000 0.55310652E+000 0.44689348E+000 0.15282177E+000 0.84717823E+000 0.49697741E+000
0.50302259E+000 0.35175425E+000 0.64824575E+000
0.44797398E-001 0.47610940E-001 0.45732134E-001 0.49952470E-001 0.48616428E-001 0.39385342E-001 0.39765994E-001 0.39139195E-001 0.39779434E-001 0.41780052E-001
0.51093082E-001 0.10377503E+000 0.67438270E-001 0.13033859E+000 0.10893772E+000 0.17424165E-001 0.17424165E-001 0.13435470E-001 0.13435470E-001 0.12772804E-001
0.12772804E-001 0.12553840E-001 0.12553840E-001
0.15000000E+002 -.38998647E+005 0.78027294E+005 0.78121705E+005 0.78074041E+005 0.33934657E+005 0.32752000E+005 0.24502546E-005 0.14060352E+005 0.32752000E+005
0.10000000E+001
825
0.10437750E+001 0.10136707E+001 0.10383544E+001 0.10919769E+001 0.10270947E+001 -.97434361E+000 -.10608006E+001 -.10808075E+001 -.10421131E+001 -.11261531E+001
-.40217784E-001 -.41110784E+000 -.46378168E+000 0.21551140E+001 0.79404931E+000 0.85119520E+000 0.14880480E+000 0.39864651E+000 0.60135349E+000 0.48994691E+000
0.51005309E+000 0.62037135E+000 0.37962865E+000
0.39909575E-001 0.39402456E-001 0.41311459E-001 0.41448728E-001 0.40831617E-001 0.43977218E-001 0.45626997E-001 0.45190796E-001 0.44939870E-001 0.48037935E-001
0.54066354E-001 0.68893864E-001 0.81265256E-001 0.13582559E+000 0.10330264E+000 0.13714778E-001 0.13714778E-001 0.16515752E-001 0.16515752E-001 0.13511124E-001
0.13511124E-001 0.12473290E-001 0.12473290E-001
0.15000000E+002 -.38825324E+005 0.77680649E+005 0.77775060E+005 0.77727396E+005 0.34881534E+005 0.32752000E+005 0.22204460E-015 0.14002633E+005 0.32752000E+005
0.10000000E+001
826
0.11195388E+001 0.11523461E+001 0.11336088E+001 0.11574181E+001 0.11470112E+001 -.91529121E+000 -.99240566E+000 -.98033212E+000 -.10016187E+001 -.91612195E+000
-.99132071E-001 -.47993359E+000 -.70423911E+000 0.20878553E+001 0.88910174E+000 0.83312264E+000 0.16687736E+000 0.38226781E+000 0.61773219E+000 0.47523726E+000
0.52476274E+000 0.59653082E+000 0.40346918E+000
0.41755810E-001 0.42677316E-001 0.42182666E-001 0.44111290E-001 0.42123692E-001 0.39352262E-001 0.42139545E-001 0.41724268E-001 0.41660575E-001 0.42473278E-001
0.51168574E-001 0.68349415E-001 0.84019525E-001 0.13053860E+000 0.10442712E+000 0.14267729E-001 0.14267729E-001 0.16139971E-001 0.16139971E-001 0.12760767E-001
0.12760767E-001 0.12249888E-001 0.12249888E-001
0.15000000E+002 -.38782463E+005 0.77594926E+005 0.77689337E+005 0.77641674E+005 0.34424325E+005 0.32752000E+005 0.64351413E-010 0.13886325E+005 0.32752000E+005
0.10000000E+001
827
0.11192169E+001 0.10660880E+001 0.10305962E+001 0.10518363E+001 0.10735807E+001 -.10920698E+001 -.10935117E+001 -.10646539E+001 -.10027999E+001 -.10417258E+001
-.29086761E-001 -.35731338E+000 -.36615223E+000 0.19145512E+001 0.80054901E+000 0.82595664E+000 0.17404336E+000 0.41161007E+000 0.58838993E+000 0.49272882E+000
0.50727118E+000 0.61577057E+000 0.38422943E+000
0.40946591E-001 0.39362906E-001 0.39478019E-001 0.39303066E-001 0.40604783E-001 0.46428223E-001 0.47330513E-001 0.44566632E-001 0.42653518E-001 0.43866670E-001
0.48580204E-001 0.67991692E-001 0.80233935E-001 0.12248423E+000 0.10286943E+000 0.14052184E-001 0.14052184E-001 0.16466719E-001 0.16466719E-001 0.12142483E-001
0.12142483E-001 0.12427884E-001 0.12427884E-001
0.15000000E+002 -.38760556E+005 0.77551113E+005 0.77645524E+005 0.77597860E+005 0.34661561E+005 0.32752000E+005 0.12090329E-012 0.13890263E+005 0.32752000E+005
0.10000000E+001
828
0.11853793E+001 0.11581596E+001 0.11078159E+001 0.11471414E+001 0.10548014E+001 -.10000186E+001 -.93632095E+000 -.96395328E+000 -.99344638E+000 -.90972335E+000
-.10381738E+000 -.33152771E+000 -.49753110E+000 0.18305871E+001 0.72145786E+000 0.81743415E+000 0.18256585E+000 0.41786895E+000 0.58213105E+000 0.47406894E+000
0.52593106E+000 0.60729040E+000 0.39270960E+000
0.43507199E-001 0.44709966E-001 0.44234831E-001 0.43727324E-001 0.41732225E-001 0.46530640E-001 0.43977441E-001 0.42433438E-001 0.45850949E-001 0.41226673E-001
0.53356029E-001 0.68348681E-001 0.85274395E-001 0.12478166E+000 0.10487052E+000 0.14850747E-001 0.14850747E-001 0.16626124E-001 0.16626124E-001 0.13303130E-001
0.13303130E-001 0.13096661E-001 0.13096661E-001
0.15000000E+002 -.38841844E+005 0.77713687E+005 0.77808098E+005 0.77760435E+005 0.34773725E+005 0.32752000E+005 0.47739590E-014 0.13919653E+005 0.32752000E+005
0.10000000E+001
829
-.94445460E+000 -.98237907E+000 -.98135989E+000 -.95110102E+000 -.97427825E+000 0.11116152E+001 0.11145807E+001 0.10914211E+001 0.10605960E+001 0.11178265E+001
0.75986569E-001 -.14937304E+001 -.17631043E+000 0.18513039E+001 0.66529648E+000 0.58845292E+000 0.41154708E+000 0.18336247E+000 0.81663753E+000 0.51898751E+000
0.48101249E+000 0.39359935E+000 0.60640065E+000
0.43050429E-001 0.44005736E-001 0.45832037E-001 0.42367449E-001 0.42135836E-001 0.43134855E-001 0.44223270E-001 0.40972160E-001 0.42239841E-001 0.44836951E-001
0.50923410E-001 0.99144282E-001 0.63277909E-001 0.12470199E+000 0.10545812E+000 0.16841923E-001 0.16841923E-001 0.14845932E-001 0.14845932E-001 0.12712493E-001
0.12712493E-001 0.13022732E-001 0.13022732E-001
0.15000000E+002 -.38967600E+005 0.77965200E+005 0.78059611E+005 0.78011947E+005 0.33937980E+005 0.32752000E+005 0.23062565E-005 0.14033205E+005 0.32752000E+005
0.10000000E+001
830
0.10903496E+001 0.11778409E+001 0.11353303E+001 0.10247838E+001 0.11095096E+001 -.99094809E+000 -.10318424E+001 -.10356729E+001 -.99890124E+000 -.10888709E+001
-.10632422E+000 -.29675118E+000 -.47099891E+000 0.18026951E+001 0.70266608E+000 0.81845932E+000 0.18154068E+000 0.42635188E+000 0.57364812E+000 0.47344396E+000
0.52655604E+000 0.61199277E+000 0.38800723E+000
0.42149240E-001 0.43963916E-001 0.42358855E-001 0.40177939E-001 0.42592065E-001 0.42729386E-001 0.44445357E-001 0.44667968E-001 0.43218117E-001 0.45208352E-001
0.50410265E-001 0.64779688E-001 0.78598977E-001 0.11997129E+000 0.10137819E+000 0.14051872E-001 0.14051872E-001 0.15843554E-001 0.15843554E-001 0.12567016E-001
0.12567016E-001 0.11920623E-001 0.11920623E-001
0.15000000E+002 -.38712641E+005 0.77455282E+005 0.77549692E+005 0.77502029E+005 0.34396114E+005 0.32752000E+005 0.12907198E-009 0.13812602E+005 0.32752000E+005
0.10000000E+001
831
-.10365135E+001 -.10019839E+001 -.10824422E+001 -.10126496E+001 -.10635691E+001 0.10817619E+001 0.10676623E+001 0.10697909E+001 0.10782735E+001 0.11063318E+001
0.66545011E-001 -.15569009E+001 -.20420079E+000 0.19045455E+001 0.61777579E+000 0.58604629E+000 0.41395371E+000 0.17409180E+000 0.82590820E+000 0.51663012E+000
0.48336988E+000 0.38691990E+000 0.61308010E+000
0.45055256E-001 0.44464965E-001 0.45592194E-001 0.44098095E-001 0.43381936E-001 0.40392306E-001 0.40130447E-001 0.40974043E-001 0.40841824E-001 0.43512716E-001
0.49941031E-001 0.94906930E-001 0.63222012E-001 0.12429445E+000 0.10205748E+000 0.17148219E-001 0.17148219E-001 0.13646083E-001 0.13646083E-001 0.12471446E-001
0.12471446E-001 0.12468691E-001 0.12468691E-001
0.15000000E+002 -.38794212E+005 0.77618423E+005 0.77712834E+005 0.77665170E+005 0.34376317E+005 0.32752000E+005 0.20900426E-009 0.13814256E+005 0.32752000E+005
0.10000000E+001
832
0.10387765E+001 0.11022540E+001 0.11055448E+001 0.10181051E+001 0.10478254E+001 -.98258332E+000 -.99695243E+000 -.10637784E+001 -.10388506E+001 -.98007322E+000
0.53478790E-002 -.26190976E+000 -.57344972E+000 0.18418836E+001 0.75342044E+000 0.82920082E+000 0.17079918E+000 0.43489430E+000 0.56510570E+000 0.50133697E+000
0.49866303E+000 0.63257474E+000 0.36742526E+000
0.40033947E-001 0.43388111E-001 0.43630838E-001 0.40186437E-001 0.42315022E-001 0.45457551E-001 0.44829317E-001 0.47336846E-001 0.46273231E-001 0.44383776E-001
0.53370386E-001 0.67984127E-001 0.88496469E-001 0.12690543E+000 0.10749927E+000 0.14350868E-001 0.14350868E-001 0.16707864E-001 0.16707864E-001 0.13342501E-001
0.13342501E-001 0.12693480E-001 0.12693480E-001
0.15000000E+002 -.38917697E+005 0.77865394E+005 0.77959804E+005 0.77912141E+005 0.34404081E+005 0.32752000E+005 0.10615453E-009 0.14019448E+005 0.32752000E+005
0.10000000E+001
833
0.10322947E+001 0.98179848E+000 0.10626917E+001 0.10073690E+001 0.10795430E+001 -.97155574E+000 -.10154813E+001 -.10511700E+001 -.10135284E+001 -.10818005E+001
-.14168465E-001 -.31689738E+000 -.50401080E+000 0.20432483E+001 0.80706615E+000 0.84894506E+000 0.15105494E+000 0.42143207E+000 0.57856793E+000 0.49645794E+000
0.50354206E+000 0.63367429E+000 0.36632571E+000
0.39077149E-001 0.37722062E-001 0.40734505E-001 0.40643888E-001 0.41826156E-001 0.45056911E-001 0.45362078E-001 0.45636972E-001 0.44398769E-001 0.46219840E-001
0.51025945E-001 0.70663450E-001 0.85503323E-001 0.13254138E+000 0.10770663E+000 0.13618975E-001 0.13618975E-001 0.17229663E-001 0.17229663E-001 0.12755846E-001
0.12755846E-001 0.12707116E-001 0.12707116E-001
0.15000000E+002 -.38979120E+005 0.77988240E+005 0.78082650E+005 0.78034987E+005 0.33797929E+005 0.32752000E+005 0.25989332E-004 0.13965415E+005 0.32752000E+005
0.10000000E+001
834
0.10763889E+001 0.10591750E+001 0.10513710E+001 0.10449752E+001 0.10917753E+001 -.98355258E+000 -.96751517E+000 -.10499854E+001 -.10797138E+001 -.10847686E+001
0.80068072E-002 -.27844079E+000 -.53633126E+000 0.19631910E+001 0.79780545E+000 0.84353251E+000 0.15646749E+000 0.43083608E+000 0.56916392E+000 0.50200169E+000
0.49799831E+000 0.63801038E+000 0.36198962E+000
0.41200827E-001 0.40128423E-001 0.41698105E-001 0.39979012E-001 0.42259950E-001 0.45882079E-001 0.45424050E-001 0.46548054E-001 0.48859143E-001 0.47895156E-001
0.53540854E-001 0.70666427E-001 0.85479754E-001 0.12949405E+000 0.10564463E+000 0.13442456E-001 0.13442456E-001 0.17328563E-001 0.17328563E-001 0.13384999E-001
0.13384999E-001 0.12755106E-001 0.12755106E-001
0.15000000E+002 -.38812059E+005 0.77654118E+005 0.77748529E+005 0.77700866E+005 0.35037103E+005 0.32752000E+005 0.00000000E+000 0.14062603E+005 0.32752000E+005
0.10000000E+001
835
-.10419287E+001 -.10461291E+001 -.10049845E+001 -.10337217E+001 -.10215007E+001 0.11119773E+001 0.11366576E+001 0.10753396E+001 0.10678585E+001 0.10349492E+001
0.30283319E-001 -.15032934E+001 -.30094239E+000 0.20015804E+001 0.95727510E+000 0.62205668E+000 0.37794332E+000 0.18193484E+000 0.81806516E+000 0.50757025E+000
0.49242975E+000 0.40532759E+000 0.59467241E+000
0.44531614E-001 0.46799813E-001 0.43902376E-001 0.42625714E-001 0.44097267E-001 0.43072070E-001 0.42084694E-001 0.41454819E-001 0.42991306E-001 0.41420949E-001
0.49914893E-001 0.94584261E-001 0.60462490E-001 0.12267343E+000 0.10507516E+000 0.17118506E-001 0.17118506E-001 0.14077406E-001 0.14077406E-001 0.12475863E-001
0.12475863E-001 0.13052707E-001 0.13052707E-001
0.15000000E+002 -.38769072E+005 0.77568144E+005 0.77662555E+005 0.77614891E+005 0.34083699E+005 0.32752000E+005 0.13963864E-006 0.13751327E+005 0.32752000E+005
0.10000000E+001
836
-.11011564E+001 -.10016310E+001 -.10674715E+001 -.10686132E+001 -.10380175E+001 0.10124868E+001 0.10519818E+001 0.11093162E+001 0.10899591E+001 0.10941074E+001
0.32601112E-001 -.16775588E+001 -.46436194E+000 0.19822923E+001 0.10463266E+001 0.57559926E+000 0.42440074E+000 0.15741900E+000 0.84258100E+000 0.50814956E+000
0.49185044E+000 0.36991711E+000 0.63008289E+000
0.46783106E-001 0.44061831E-001 0.46918172E-001 0.46581525E-001 0.45894775E-001 0.39193461E-001 0.40118540E-001 0.40643043E-001 0.42048466E-001 0.40415409E-001
0.51514338E-001 0.10103710E+000 0.63256738E-001 0.12672788E+000 0.10551118E+000 0.16676094E-001 0.16676094E-001 0.13401384E-001 0.13401384E-001 0.12875163E-001
0.12875163E-001 0.12448266E-001 0.12448266E-001
0.15000000E+002 -.38698309E+005 0.77426618E+005 0.77521029E+005 0.77473365E+005 0.35814785E+005 0.32752000E+005 0.00000000E+000 0.13912296E+005 0.32752000E+005
0.10000000E+001
837
-.11312440E+001 -.10540721E+001 -.10507708E+001 -.10157497E+001 -.10175296E+001 0.99065528E+000 0.10519591E+001 0.10228542E+001 0.10404973E+001 0.10710163E+001
0.57788378E-002 -.16640688E+001 -.41926976E+000 0.19512828E+001 0.81661887E+000 0.57131393E+000 0.42868607E+000 0.15921656E+000 0.84078344E+000 0.50144471E+000
0.49855529E+000 0.36586061E+000 0.63413939E+000
0.48140675E-001 0.49930220E-001 0.46711675E-001 0.46144776E-001 0.47538403E-001 0.40586957E-001 0.39563094E-001 0.41534100E-001 0.40886422E-001 0.41939972E-001
0.52695570E-001 0.10492557E+000 0.64643157E-001 0.13016217E+000 0.10621333E+000 0.17150190E-001 0.17150190E-001 0.14046035E-001 0.14046035E-001 0.13173783E-001
0.13173783E-001 0.13018155E-001 0.13018155E-001
0.15000000E+002 -.38867411E+005 0.77764821E+005 0.77859232E+005 0.77811569E+005 0.34940626E+005 0.32752000E+005 0.00000000E+000 0.14123489E+005 0.32752000E+005
0.10000000E+001
838
-.10093621E+001 -.99300046E+000 -.11066112E+001 -.10104013E+001 -.10872031E+001 0.10176196E+001 0.10885797E+001 0.10591920E+001 0.11070703E+001 0.11415131E+001
0.20065898E-001 -.15737693E+001 -.35463515E+000 0.19635327E+001 0.10520682E+001 0.59622574E+000 0.40377426E+000 0.17167972E+000 0.82832028E+000 0.50501631E+000
0.49498369E+000 0.38608238E+000 0.61391762E+000
0.43611037E-001 0.44096572E-001 0.44637683E-001 0.43626985E-001 0.46945967E-001 0.39782013E-001 0.40522133E-001 0.41944202E-001 0.42052888E-001 0.42043810E-001
0.51145841E-001 0.97381365E-001 0.59676048E-001 0.12329573E+000 0.10504501E+000 0.16213432E-001 0.16213432E-001 0.13848194E-001 0.13848194E-001 0.12785173E-001
0.12785173E-001 0.12290219E-001 0.12290219E-001
0.15000000E+002 -.38721810E+005 0.77473620E+005 0.77568030E+005 0.77520367E+005 0.34864054E+005 0.32752000E+005 0.33306691E-015 0.13923696E+005 0.32752000E+005
0.10000000E+001
839
0.10996431E+001 0.10901018E+001 0.10629276E+001 0.11345750E+001 0.10899242E+001 -.10850846E+001 -.10771286E+001 -.98616653E+000 -.10453125E+001 -.99762277E+000
-.14190430E-001 -.29229163E+000 -.50945402E+000 0.17539012E+001 0.70177716E+000 0.81177873E+000 0.18822127E+000 0.42744293E+000 0.57255707E+000 0.49645245E+000
0.50354755E+000 0.61824738E+000 0.38175262E+000
0.41998045E-001 0.40904442E-001 0.39197412E-001 0.43343949E-001 0.40883168E-001 0.45464109E-001 0.45912484E-001 0.44500599E-001 0.44692982E-001 0.44633113E-001
0.52026241E-001 0.71074344E-001 0.83181895E-001 0.12005341E+000 0.10301852E+000 0.13648112E-001 0.13648112E-001 0.17394413E-001 0.17394413E-001 0.13005905E-001
0.13005905E-001 0.12471710E-001 0.12471710E-001
0.15000000E+002 -.38729442E+005 0.77488883E+005 0.77583294E+005 0.77535631E+005 0.33942720E+005 0.32752000E+005 0.21148167E-005 0.13721043E+005 0.32752000E+005
0.10000000E+001
840
0.10412983E+001 0.10539023E+001 0.10804419E+001 0.11160174E+001 0.10992811E+001 -.99430537E+000 -.98664683E+000 -.10656137E+001 -.10318808E+001 -.10429557E+001
-.59861451E-001 -.31066508E+000 -.42835845E+000 0.17461808E+001 0.78074095E+000 0.80775928E+000 0.19224072E+000 0.42295241E+000 0.57704759E+000 0.48503910E+000
0.51496090E+000 0.60959879E+000 0.39040121E+000
0.41027818E-001 0.38917041E-001 0.40758132E-001 0.42046829E-001 0.42438970E-001 0.43539316E-001 0.45209515E-001 0.46320344E-001 0.45858958E-001 0.45237246E-001
0.52740543E-001 0.69596733E-001 0.84803999E-001 0.11917054E+000 0.10365704E+000 0.13843342E-001 0.13843342E-001 0.16986034E-001 0.16986034E-001 0.13173331E-001
0.13173331E-001 0.12414498E-001 0.12414498E-001
0.15000000E+002 -.38867558E+005 0.77765116E+005 0.77859527E+005 0.77811864E+005 0.35181238E+005 0.32752000E+005 0.00000000E+000 0.14042862E+005 0.32752000E+005
0.10000000E+001
841
-.98832579E+000 -.10361206E+001 -.98062914E+000 -.10227534E+001 -.10311199E+001 0.11311944E+001 0.10847115E+001 0.10990004E+001 0.11324297E+001 0.10824364E+001
0.99283075E-001 -.13150821E+001 -.14323170E+000 0.15913571E+001 0.72950417E+000 0.56863276E+000 0.43136724E+000 0.21163767E+000 0.78836233E+000 0.52480040E+000
0.47519960E+000 0.39898884E+000 0.60101116E+000
0.42850329E-001 0.43339179E-001 0.43391000E-001 0.44278960E-001 0.43804078E-001 0.44541900E-001 0.43363287E-001 0.42559230E-001 0.42384514E-001 0.42841789E-001
0.50945840E-001 0.90724515E-001 0.59928813E-001 0.11622124E+000 0.10400736E+000 0.16762123E-001 0.16762123E-001 0.15137128E-001 0.15137128E-001 0.12705125E-001
0.12705125E-001 0.12958914E-001 0.12958914E-001
0.15000000E+002 -.38830272E+005 0.77690544E+005 0.77784955E+005 0.77737291E+005 0.34732038E+005 0.32752000E+005 0.16209256E-013 0.13931961E+005 0.32752000E+005
0.10000000E+001
842
0.10239119E+001 0.10919352E+001 0.10716715E+001 0.10553381E+001 0.10940966E+001 -.10177756E+001 -.10326143E+001 -.10403305E+001 -.10169849E+001 -.10341262E+001
-.42403783E-001 -.32110844E+000 -.50446836E+000 0.20518401E+001 0.75650842E+000 0.84950599E+000 0.15049401E+000 0.42040564E+000 0.57959436E+000 0.48940064E+000
0.51059936E+000 0.63040762E+000 0.36959238E+000
0.39208680E-001 0.41519808E-001 0.40715257E-001 0.39942398E-001 0.40468404E-001 0.45342683E-001 0.44261809E-001 0.44868309E-001 0.44265074E-001 0.44508854E-001
0.51605261E-001 0.65742302E-001 0.83728799E-001 0.13173345E+000 0.10385732E+000 0.13510840E-001 0.13510840E-001 0.16019081E-001 0.16019081E-001 0.12895518E-001
0.12895518E-001 0.11790259E-001 0.11790259E-001
0.15000000E+002 -.38831259E+005 0.77692519E+005 0.77786929E+005 0.77739266E+005 0.34114994E+005 0.32752000E+005 0.73627850E-007 0.13885452E+005 0.32752000E+005
0.10000000E+001
843
-.10377318E+001 -.99333157E+000 -.10077147E+001 -.10271820E+001 -.98070212E+000 0.11236857E+001 0.10757766E+001 0.11493211E+001 0.10096308E+001 0.10856400E+001
0.99726778E-001 -.14385562E+001 -.27963808E+000 0.17779439E+001 0.75637415E+000 0.58404179E+000 0.41595821E+000 0.19176903E+000 0.80823097E+000 0.52491105E+000
0.47508895E+000 0.39767734E+000 0.60232266E+000
0.44991130E-001 0.42748417E-001 0.43620138E-001 0.42378321E-001 0.41475564E-001 0.42053257E-001 0.41164352E-001 0.42584278E-001 0.39661168E-001 0.41779920E-001
0.51266323E-001 0.92721686E-001 0.61792053E-001 0.12019196E+000 0.10232000E+000 0.16332928E-001 0.16332928E-001 0.14371274E-001 0.14371274E-001 0.12784767E-001
0.12784767E-001 0.12241597E-001 0.12241597E-001
0.15000000E+002 -.38885842E+005 0.77801683E+005 0.77896094E+005 0.77848431E+005 0.34054997E+005 0.32752000E+005 0.24822025E-006 0.13972963E+005 0.32752000E+005
0.10000000E+001
844
0.10898195E+001 0.11006124E+001 0.11285673E+001 0.11145269E+001 0.10746219E+001 -.99426174E+000 -.10400253E+001 -.10034155E+001 -.99889223E+000 -.10075175E+001
-.41950792E-001 -.13737847E+000 -.59089528E+000 0.16193868E+001 0.90197319E+000 0.81487573E+000 0.18512427E+000 0.46570930E+000 0.53429070E+000 0.48951384E+000
0.51048616E+000 0.63663110E+000 0.36336890E+000
0.42794630E-001 0.42822298E-001 0.42129522E-001 0.41028930E-001 0.41039210E-001 0.44731202E-001 0.45759852E-001 0.46457055E-001 0.45989946E-001 0.45918055E-001
0.52453442E-001 0.67647099E-001 0.89096636E-001 0.12061370E+000 0.10746928E+000 0.14532337E-001 0.14532337E-001 0.16832232E-001 0.16832232E-001 0.13107593E-001
0.13107593E-001 0.12796745E-001 0.12796745E-001
0.15000000E+002 -.38778656E+005 0.77587312E+005 0.77681723E+005 0.77634059E+005 0.34882489E+005 0.32752000E+005 0.22204460E-015 0.13852743E+005 0.32752000E+005
0.10000000E+001
845
0.97009132E+000 0.10188132E+001 0.99024030E+000 0.10222975E+001 0.10054412E+001 -.11106031E+001 -.10694303E+001 -.11075447E+001 -.10071141E+001 -.10638342E+001
0.21549226E-001 -.41081124E+000 -.51910019E+000 0.20579205E+001 0.76385537E+000 0.83849998E+000 0.16150002E+000 0.39871762E+000 0.60128238E+000 0.50538710E+000
0.49461290E+000 0.62097795E+000 0.37902205E+000
0.39704454E-001 0.41914149E-001 0.40203428E-001 0.41281583E-001 0.40164957E-001 0.47092104E-001 0.46760231E-001 0.48246554E-001 0.43991819E-001 0.47119396E-001
0.52652535E-001 0.71000048E-001 0.88564093E-001 0.12891581E+000 0.10634474E+000 0.13899946E-001 0.13899946E-001 0.17021685E-001 0.17021685E-001 0.13161606E-001
0.13161606E-001 0.13048948E-001 0.13048948E-001
0.15000000E+002 -.38964769E+005 0.77959539E+005 0.78053950E+005 0.78006286E+005 0.34339610E+005 0.32752000E+005 0.50373117E-009 0.14159729E+005 0.32752000E+005
0.10000000E+001
846
0.11024223E+001 0.10633074E+001 0.10900789E+001 0.10400896E+001 0.10332362E+001 -.10271420E+001 -.10752627E+001 -.10439330E+001 -.98789670E+000 -.10019791E+001
-.71637332E-001 -.26724563E+000 -.53872237E+000 0.18024427E+001 0.86097346E+000 0.82276544E+000 0.17723456E+000 0.43358341E+000 0.56641659E+000 0.48209832E+000
0.51790168E+000 0.62120741E+000 0.37879259E+000
0.41345394E-001 0.40530202E-001 0.41438285E-001 0.40733489E-001 0.41256455E-001 0.45700883E-001 0.45356284E-001 0.45011603E-001 0.44202423E-001 0.42446283E-001
0.51892705E-001 0.65635704E-001 0.83830557E-001 0.12395465E+000 0.10525266E+000 0.14478343E-001 0.14478343E-001 0.16119396E-001 0.16119396E-001 0.12956546E-001
0.12956546E-001 0.12319155E-001 0.12319155E-001
0.15000000E+002 -.38879112E+005 0.77788223E+005 0.77882634E+005 0.77834971E+005 0.34243739E+005 0.32752000E+005 0.45984269E-008 0.14028378E+005 0.32752000E+005
0.10000000E+001
847
0.98118441E+000 0.10757577E+001 0.10910511E+001 0.10127515E+001 0.11128864E+001 -.90402656E+000 -.10497802E+001 -.10198952E+001 -.10023202E+001 -.10335391E+001
-.62178227E-001 -.35126913E+000 -.48955556E+000 0.18208867E+001 0.78108973E+000 0.81299925E+000 0.18700075E+000 0.41307469E+000 0.58692531E+000 0.48446045E+000
0.51553955E+000 0.60682232E+000 0.39317768E+000
0.38034457E-001 0.43591163E-001 0.41907863E-001 0.41775995E-001 0.43924369E-001 0.44422565E-001 0.44959597E-001 0.46687616E-001 0.43458074E-001 0.45528721E-001
0.51786493E-001 0.73306809E-001 0.82899342E-001 0.12481632E+000 0.10588595E+000 0.14750885E-001 0.14750885E-001 0.17772795E-001 0.17772795E-001 0.12934118E-001
0.12934118E-001 0.13555695E-001 0.13555695E-001
0.15000000E+002 -.39018796E+005 0.78067591E+005 0.78162002E+005 0.78114339E+005 0.34689669E+005 0.32752000E+005 0.54622973E-013 0.14033488E+005 0.32752000E+005
0.10000000E+001
848
0.11188624E+001 0.10690258E+001 0.10471749E+001 0.11554003E+001 0.10752986E+001 -.99938270E+000 -.10678352E+001 -.10185203E+001 -.10522983E+001 -.10403393E+001
-.41485483E-002 -.22681275E+000 -.58731511E+000 0.17504917E+001 0.77749046E+000 0.82107958E+000 0.17892042E+000 0.44353866E+000 0.55646134E+000 0.49896286E+000
0.50103714E+000 0.63191756E+000 0.36808244E+000
0.40892844E-001 0.41124827E-001 0.40733546E-001 0.42988474E-001 0.40680768E-001 0.45379111E-001 0.44391773E-001 0.44455445E-001 0.45733650E-001 0.45323346E-001
0.50858842E-001 0.71113690E-001 0.85964737E-001 0.12007880E+000 0.10530260E+000 0.13434518E-001 0.13434518E-001 0.17551720E-001 0.17551720E-001 0.12714656E-001
0.12714656E-001 0.12597956E-001 0.12597956E-001
0.15000000E+002 -.38740989E+005 0.77511978E+005 0.77606389E+005 0.77558725E+005 0.34542949E+005 0.32752000E+005 0.30656588E-011 0.13780767E+005 0.32752000E+005
0.10000000E+001
849
-.11168644E+001 -.11130570E+001 -.10764030E+001 -.10516960E+001 -.10538441E+001 0.11042293E+001 0.10428040E+001 0.10525386E+001 0.11004618E+001 0.10496429E+001
-.14195787E-002 -.15728034E+001 -.26290526E+000 0.19496596E+001 0.59520155E+000 0.59311464E+000 0.40688536E+000 0.17181711E+000 0.82818289E+000 0.49964511E+000
0.50035489E+000 0.38231636E+000 0.61768364E+000
0.45448899E-001 0.46501986E-001 0.43642849E-001 0.43994488E-001 0.44802079E-001 0.40854763E-001 0.38529113E-001 0.39657324E-001 0.40349362E-001 0.37726776E-001
0.48242943E-001 0.94110959E-001 0.61695371E-001 0.12168190E+000 0.10030056E+000 0.16317828E-001 0.16317828E-001 0.13391612E-001 0.13391612E-001 0.12060730E-001
0.12060730E-001 0.11738917E-001 0.11738917E-001
0.15000000E+002 -.38686837E+005 0.77403673E+005 0.77498084E+005 0.77450421E+005 0.33943540E+005 0.32752000E+005 0.20832480E-005 0.13661540E+005 0.32752000E+005
0.10000000E+001
850
0.10890705E+001 0.10787378E+001 0.10477062E+001 0.10399263E+001 0.10941667E+001 -.10341303E+001 -.10466470E+001 -.98954868E+000 -.99807603E+000 -.10231830E+001
-.42575522E-001 -.28805996E+000 -.46013496E+000 0.17738956E+001 0.73720410E+000 0.81545240E+000 0.18454760E+000 0.42847889E+000 0.57152111E+000 0.48935773E+000
0.51064227E+000 0.61784737E+000 0.38215263E+000
0.40744418E-001 0.40563344E-001 0.41001047E-001 0.41882522E-001 0.41644283E-001 0.46593315E-001 0.46333013E-001 0.43383896E-001 0.42681574E-001 0.45851770E-001
0.52105441E-001 0.69504585E-001 0.84933069E-001 0.12273271E+000 0.10498797E+000 0.14428872E-001 0.14428872E-001 0.17020612E-001 0.17020612E-001 0.13020459E-001
0.13020459E-001 0.12844927E-001 0.12844927E-001
0.15000000E+002 -.38916611E+005 0.77863223E+005 0.77957634E+005 0.77909970E+005 0.34154077E+005 0.32752000E+005 0.32491176E-007 0.13993108E+005 0.32752000E+005
0.10000000E+001
851
-.10245451E+001 -.10462792E+001 -.11007414E+001 -.10486044E+001 -.10621942E+001 0.10677653E+001 0.10120257E+001 0.10750882E+001 0.10553452E+001 0.10572147E+001
0.12847197E-001 -.15980191E+001 -.22030279E+000 0.18514924E+001 0.67027992E+000 0.56303122E+000 0.43696878E+000 0.16825865E+000 0.83174135E+000 0.50321176E+000
0.49678824E+000 0.36691285E+000 0.63308715E+000
0.44647550E-001 0.45601094E-001 0.48070583E-001 0.45639547E-001 0.46294726E-001 0.41936540E-001 0.40858442E-001 0.41201135E-001 0.40826358E-001 0.41169379E-001
0.53122710E-001 0.98934778E-001 0.63785797E-001 0.12526435E+000 0.10398472E+000 0.16520464E-001 0.16520464E-001 0.13845692E-001 0.13845692E-001 0.13280129E-001
0.13280129E-001 0.12307423E-001 0.12307423E-001
0.15000000E+002 -.38823487E+005 0.77676975E+005 0.77771386E+005 0.77723722E+005 0.34388137E+005 0.32752000E+005 0.15683832E-009 0.13915565E+005 0.32752000E+005
0.10000000E+001
852
-.97383289E+000 -.98693127E+000 -.97998959E+000 -.94977656E+000 -.10381512E+001 0.10783893E+001 0.10801522E+001 0.10861484E+001 0.10947143E+001 0.11539814E+001
0.10588427E+000 -.14476481E+001 -.24328815E+000 0.18238809E+001 0.82614510E+000 0.59296417E+000 0.40703583E+000 0.19036378E+000 0.80963622E+000 0.52644636E+000
0.47355364E+000 0.40231129E+000 0.59768871E+000
0.43535515E-001 0.44294083E-001 0.42665023E-001 0.45536298E-001 0.47336112E-001 0.43718885E-001 0.43838570E-001 0.44812080E-001 0.41597381E-001 0.44865480E-001
0.54091204E-001 0.96428771E-001 0.65189666E-001 0.12580561E+000 0.10516622E+000 0.17036377E-001 0.17036377E-001 0.14862124E-001 0.14862124E-001 0.13484969E-001
0.13484969E-001 0.13028139E-001 0.13028139E-001
0.15000000E+002 -.38892676E+005 0.77815353E+005 0.77909764E+005 0.77862100E+005 0.33826021E+005 0.32752000E+005 0.16335206E-004 0.14019360E+005 0.32752000E+005
0.10000000E+001
853
0.10934574E+001 0.11364764E+001 0.11106032E+001 0.11645561E+001 0.10934539E+001 -.96179591E+000 -.97390725E+000 -.91838397E+000 -.95401847E+000 -.94158624E+000
-.93374430E-001 -.25421017E+000 -.39758726E+000 0.17213154E+001 0.58669686E+000 0.81261699E+000 0.18738301E+000 0.43678751E+000 0.56321249E+000 0.47667334E+000
0.52332666E+000 0.61593540E+000 0.38406460E+000
0.41872275E-001 0.44604952E-001 0.42496774E-001 0.42840094E-001 0.42876015E-001 0.44930108E-001 0.43291044E-001 0.43820615E-001 0.45582438E-001 0.43900322E-001
0.52065230E-001 0.71362217E-001 0.82625003E-001 0.12273308E+000 0.10349343E+000 0.14531970E-001 0.14531970E-001 0.17555404E-001 0.17555404E-001 0.12987977E-001
0.12987977E-001 0.13233530E-001 0.13233530E-001
0.15000000E+002 -.38935843E+005 0.77901686E+005 0.77996097E+005 0.77948434E+005 0.34216151E+005 0.32752000E+005 0.84905620E-008 0.13943215E+005 0.32752000E+005
0.10000000E+001
854
0.10197523E+001 0.10684476E+001 0.99823730E+000 0.10958388E+001 0.11567622E+001 -.10002764E+001 -.10875948E+001 -.10677305E+001 -.10261076E+001 -.10860078E+001
-.28412813E-001 -.34290701E+000 -.59980289E+000 0.19107519E+001 0.89806513E+000 0.82747616E+000 0.17252384E+000 0.41510350E+000 0.58489650E+000 0.49289727E+000
0.50710273E+000 0.61836086E+000 0.38163914E+000
0.39916772E-001 0.40863427E-001 0.38747641E-001 0.39402177E-001 0.42836535E-001 0.42940689E-001 0.43769145E-001 0.44562913E-001 0.45072651E-001 0.44593648E-001
0.49562054E-001 0.68527853E-001 0.82326269E-001 0.12295732E+000 0.10407002E+000 0.13658466E-001 0.13658466E-001 0.16638055E-001 0.16638055E-001 0.12388013E-001
0.12388013E-001 0.12151026E-001 0.12151026E-001
0.15000000E+002 -.38765642E+005 0.77561284E+005 0.77655695E+005 0.77608031E+005 0.34598768E+005 0.32752000E+005 0.68545170E-012 0.13865721E+005 0.32752000E+005
0.10000000E+001
855
0.11241342E+001 0.10491383E+001 0.10327193E+001 0.11103439E+001 0.11311500E+001 -.10195560E+001 -.98115415E+000 -.10549179E+001 -.10002582E+001 -.10670596E+001
-.98083275E-001 -.30728603E+000 -.58060005E+000 0.17252793E+001 0.75396494E+000 0.80502363E+000 0.19497637E+000 0.42377732E+000 0.57622268E+000 0.47549882E+000
0.52450118E+000 0.60505949E+000 0.39494051E+000
0.42865195E-001 0.41714824E-001 0.41807105E-001 0.43868705E-001 0.43852553E-001 0.44708150E-001 0.43028812E-001 0.43409274E-001 0.42998451E-001 0.44940123E-001
0.50953623E-001 0.67077656E-001 0.80638366E-001 0.12039429E+000 0.10353070E+000 0.15040933E-001 0.15040933E-001 0.16379700E-001 0.16379700E-001 0.12707818E-001
0.12707818E-001 0.12785551E-001 0.12785551E-001
0.15000000E+002 -.38826056E+005 0.77682112E+005 0.77776523E+005 0.77728859E+005 0.34776802E+005 0.32752000E+005 0.43298698E-014 0.13895401E+005 0.32752000E+005
0.10000000E+001
856
-.11124207E+001 -.10468130E+001 -.10449440E+001 -.10955109E+001 -.10939217E+001 0.10937246E+001 0.10603390E+001 0.10173293E+001 0.10070985E+001 0.10252186E+001
-.44968946E-001 -.17126250E+001 -.32305606E+000 0.20364432E+001 0.85056301E+000 0.58025450E+000 0.41974550E+000 0.15282356E+000 0.84717644E+000 0.48875966E+000
0.51124034E+000 0.36173456E+000 0.63826544E+000
0.47700797E-001 0.44648869E-001 0.44222460E-001 0.44523056E-001 0.45595168E-001 0.39594674E-001 0.38518952E-001 0.38417535E-001 0.38695558E-001 0.38239994E-001
0.48992408E-001 0.98720021E-001 0.61150452E-001 0.12674996E+000 0.10477405E+000 0.16814009E-001 0.16814009E-001 0.12781135E-001 0.12781135E-001 0.12241912E-001
0.12241912E-001 0.11700626E-001 0.11700626E-001
0.15000000E+002 -.38774011E+005 0.77578021E+005 0.77672432E+005 0.77624768E+005 0.34270887E+005 0.32752000E+005 0.24896502E-008 0.13880545E+005 0.32752000E+005
0.10000000E+001
857
0.10974819E+001 0.10556673E+001 0.11224765E+001 0.10868040E+001 0.11137255E+001 -.10198915E+001 -.10132853E+001 -.10304125E+001 -.98054543E+000 -.10771753E+001
-.10205603E+000 -.35486565E+000 -.53648794E+000 0.19573285E+001 0.87266328E+000 0.83236232E+000 0.16763768E+000 0.41220301E+000 0.58779699E+000 0.47450811E+000
0.52549189E+000 0.61157202E+000 0.38842798E+000
0.42252446E-001 0.41515313E-001 0.42434081E-001 0.40927017E-001 0.42133829E-001 0.44227211E-001 0.42725239E-001 0.44377282E-001 0.43792902E-001 0.45905844E-001
0.51754180E-001 0.65919699E-001 0.80811198E-001 0.12610251E+000 0.10273059E+000 0.14132717E-001 0.14132717E-001 0.15971795E-001 0.15971795E-001 0.12904913E-001
0.12904913E-001 0.12308312E-001 0.12308312E-001
0.15000000E+002 -.38749626E+005 0.77529252E+005 0.77623663E+005 0.77575999E+005 0.33379631E+005 0.32752000E+005 0.73560081E-002 0.13762752E+005 0.32752000E+005
0.10000000E+001
858
0.11610298E+001 0.10835339E+001 0.11002751E+001 0.10702174E+001 0.10185288E+001 -.10117967E+001 -.10277491E+001 -.10271481E+001 -.10070885E+001 -.94411572E+000
-.21352335E-001 -.33194149E+000 -.50417289E+000 0.19436271E+001 0.78878191E+000 0.83364528E+000 0.16635472E+000 0.41776830E+000 0.58223170E+000 0.49466212E+000
0.50533788E+000 0.62348689E+000 0.37651311E+000
0.43772814E-001 0.41283035E-001 0.40055852E-001 0.41447943E-001 0.39992240E-001 0.44575186E-001 0.44884865E-001 0.47327495E-001 0.44439483E-001 0.43179510E-001
0.52279033E-001 0.68768375E-001 0.83212640E-001 0.12894178E+000 0.10422424E+000 0.14103832E-001 0.14103832E-001 0.16727078E-001 0.16727078E-001 0.13068269E-001
0.13068269E-001 0.12485748E-001 0.12485748E-001
0.15000000E+002 -.38840859E+005 0.77711719E+005 0.77806129E+005 0.77758466E+005 0.34160764E+005 0.32752000E+005 0.28188515E-007 0.13871810E+005 0.32752000E+005
0.10000000E+001
859
0.10367614E+001 0.10532777E+001 0.10027746E+001 0.11093450E+001 0.10826737E+001 -.10084129E+001 -.10682529E+001 -.10005075E+001 -.10182123E+001 -.10942174E+001
0.34217143E-001 -.32058613E+000 -.54410120E+000 0.18909162E+001 0.88715973E+000 0.82783065E+000 0.17216935E+000 0.42053291E+000 0.57946709E+000 0.50855345E+000
0.49144655E+000 0.62766558E+000 0.37233442E+000
0.41217952E-001 0.40886144E-001 0.40600200E-001 0.41661764E-001 0.42178870E-001 0.45566786E-001 0.47888170E-001 0.45294692E-001 0.47330032E-001 0.48058074E-001
0.53226547E-001 0.71631229E-001 0.83857889E-001 0.12532840E+000 0.10663754E+000 0.13897145E-001 0.13897145E-001 0.17455455E-001 0.17455455E-001 0.13302743E-001
0.13302743E-001 0.13014281E-001 0.13014281E-001
0.15000000E+002 -.38839681E+005 0.77709362E+005 0.77803772E+005 0.77756109E+005 0.33975023E+005 0.32752000E+005 0.11620650E-005 0.13934433E+005 0.32752000E+005
0.10000000E+001
860
0.11117162E+001 0.10283869E+001 0.10940275E+001 0.11083754E+001 0.10758521E+001 -.10654326E+001 -.10354381E+001 -.10738001E+001 -.10442423E+001 -.10388998E+001
-.97096027E-001 -.22573211E+000 -.52311661E+000 0.16877938E+001 0.78695490E+000 0.81184780E+000 0.18815220E+000 0.44380539E+000 0.55619461E+000 0.47574505E+000
0.52425495E+000 0.61889974E+000 0.38110026E+000
0.41144045E-001 0.39394430E-001 0.40195511E-001 0.39926313E-001 0.39550019E-001 0.43783597E-001 0.42443106E-001 0.42699416E-001 0.43802355E-001 0.43193689E-001
0.48418235E-001 0.65254066E-001 0.79994694E-001 0.11905949E+000 0.10171021E+000 0.14137199E-001 0.14137199E-001 0.16107455E-001 0.16107455E-001 0.12076074E-001
0.12076074E-001 0.11690659E-001 0.11690659E-001
0.15000000E+002 -.38772998E+005 0.77575996E+005 0.77670407E+005 0.77622743E+005 0.34263429E+005 0.32752000E+005 0.29496829E-008 0.13762641E+005 0.32752000E+005
0.10000000E+001
861
0.10905234E+001 0.10431924E+001 0.10891695E+001 0.10908456E+001 0.10368938E+001 -.10395244E+001 -.98158492E+000 -.10604594E+001 -.94777517E+000 -.99356519E+000
-.42316544E-001 -.29739084E+000 -.53316313E+000 0.19519245E+001 0.78985512E+000 0.83950284E+000 0.16049716E+000 0.42619544E+000 0.57380456E+000 0.48942244E+000
0.51057756E+000 0.62847736E+000 0.37152264E+000
0.44343896E-001 0.41349766E-001 0.43041819E-001 0.40500292E-001 0.40662723E-001 0.44636859E-001 0.44744467E-001 0.47642931E-001 0.45337892E-001 0.47268968E-001
0.52780546E-001 0.70670317E-001 0.85894204E-001 0.12983750E+000 0.10642653E+000 0.13680836E-001 0.13680836E-001 0.17282630E-001 0.17282630E-001 0.13189231E-001
0.13189231E-001 0.12697322E-001 0.12697322E-001
0.15000000E+002 -.38892832E+005 0.77815663E+005 0.77910074E+005 0.77862411E+005 0.34737069E+005 0.32752000E+005 0.13988810E-013 0.14089496E+005 0.32752000E+005
0.10000000E+001
862
0.10542102E+001 0.10822389E+001 0.99708907E+000 0.10733670E+001 0.10398516E+001 -.10710292E+001 -.97466652E+000 -.11110248E+001 -.10722362E+001 -.10483083E+001
0.43132291E-001 -.17859082E+000 -.52271507E+000 0.16686690E+001 0.86062265E+000 0.81609001E+000 0.18390999E+000 0.45547059E+000 0.54452941E+000 0.51078140E+000
0.48921860E+000 0.63966828E+000 0.36033172E+000
0.40884073E-001 0.40172075E-001 0.39866976E-001 0.40080244E-001 0.39262933E-001 0.45922396E-001 0.45679960E-001 0.46285602E-001 0.47925283E-001 0.46495587E-001
0.52101019E-001 0.67608804E-001 0.82935303E-001 0.11984317E+000 0.10606338E+000 0.13819364E-001 0.13819364E-001 0.16768142E-001 0.16768142E-001 0.13019199E-001
0.13019199E-001 0.12035344E-001 0.12035344E-001
0.15000000E+002 -.38852312E+005 0.77734624E+005 0.77829035E+005 0.77781372E+005 0.34522290E+005 0.32752000E+005 0.52804427E-011 0.13912725E+005 0.32752000E+005
0.10000000E+001
863
-.99738770E+000 -.10390415E+001 -.98960991E+000 -.10001718E+001 -.97253213E+000 0.10838074E+001 0.11200215E+001 0.10832392E+001 0.10656001E+001 0.11484391E+001
0.38059518E-001 -.15663113E+001 -.22101420E+000 0.19526183E+001 0.76267157E+000 0.59539337E+000 0.40460663E+000 0.17274289E+000 0.82725711E+000 0.50951373E+000
0.49048627E+000 0.38808911E+000 0.61191089E+000
0.42374739E-001 0.44707399E-001 0.44696713E-001 0.45445165E-001 0.43857074E-001 0.41533023E-001 0.42727401E-001 0.40259136E-001 0.39073913E-001 0.41647369E-001
0.52349415E-001 0.95606017E-001 0.61279754E-001 0.12626443E+000 0.10361164E+000 0.16784509E-001 0.16784509E-001 0.13662366E-001 0.13662366E-001 0.13082616E-001
0.13082616E-001 0.12118071E-001 0.12118071E-001
0.15000000E+002 -.38822271E+005 0.77674542E+005 0.77768953E+005 0.77721289E+005 0.34197169E+005 0.32752000E+005 0.12870011E-007 0.13898111E+005 0.32752000E+005
0.10000000E+001
864
0.10109999E+001 0.10133852E+001 0.10187185E+001 0.93669555E+000 0.10351480E+001 -.11191722E+001 -.11091641E+001 -.10870273E+001 -.10542736E+001 -.11349125E+001
0.57792727E-001 -.29366079E+000 -.36849330E+000 0.19788139E+001 0.68423912E+000 0.84358568E+000 0.15641432E+000 0.42710788E+000 0.57289212E+000 0.51444416E+000
0.48555584E+000 0.64136245E+000 0.35863755E+000
0.37918088E-001 0.37827715E-001 0.39897200E-001 0.37965739E-001 0.38774774E-001 0.47675095E-001 0.47329331E-001 0.45598411E-001 0.43315851E-001 0.46853759E-001
0.49804247E-001 0.69732403E-001 0.83456435E-001 0.12913968E+000 0.10432642E+000 0.13486178E-001 0.13486178E-001 0.17062594E-001 0.17062594E-001 0.12440671E-001
0.12440671E-001 0.12214557E-001 0.12214557E-001
0.15000000E+002 -.38894607E+005 0.77819214E+005 0.77913625E+005 0.77865962E+005 0.33862341E+005 0.32752000E+005 0.88197181E-005 0.13951132E+005 0.32752000E+005
0.10000000E+001
865
-.98237965E+000 -.10186232E+001 -.99999677E+000 -.96490814E+000 -.99968754E+000 0.10893168E+001 0.11382024E+001 0.11165807E+001 0.10690061E+001 0.10745645E+001
0.42137193E-001 -.16847315E+001 -.19343001E+000 0.20092917E+001 0.76290836E+000 0.58043522E+000 0.41956478E+000 0.15646996E+000 0.84353004E+000 0.51053274E+000
0.48946726E+000 0.37291810E+000 0.62708190E+000
0.43313433E-001 0.45130824E-001 0.43887486E-001 0.45357594E-001 0.44836354E-001 0.41991831E-001 0.43278861E-001 0.43457440E-001 0.39465735E-001 0.41996055E-001
0.50268015E-001 0.10612119E+000 0.62280416E-001 0.12985542E+000 0.10679483E+000 0.16948946E-001 0.16948946E-001 0.14006629E-001 0.14006629E-001 0.12561427E-001
0.12561427E-001 0.12985384E-001 0.12985384E-001
0.15000000E+002 -.38823357E+005 0.77676714E+005 0.77771125E+005 0.77723461E+005 0.34095272E+005 0.32752000E+005 0.11037920E-006 0.13884898E+005 0.32752000E+005
0.10000000E+001
866
-.10465719E+001 -.10064038E+001 -.97136190E+000 -.10448608E+001 -.10013185E+001 0.10800167E+001 0.10677428E+001 0.10448656E+001 0.10976167E+001 0.10582043E+001
0.35167266E-001 -.16067470E+001 -.19209591E+000 0.20019179E+001 0.61425507E+000 0.59752687E+000 0.40247313E+000 0.16704074E+000 0.83295926E+000 0.50879091E+000
0.49120909E+000 0.38606817E+000 0.61393183E+000
0.46053369E-001 0.44185882E-001 0.45442265E-001 0.46739757E-001 0.46195197E-001 0.43758142E-001 0.43449897E-001 0.41736685E-001 0.43526433E-001 0.41482228E-001
0.53101711E-001 0.10345206E+000 0.58112433E-001 0.12901104E+000 0.10608149E+000 0.17505438E-001 0.17505438E-001 0.14394127E-001 0.14394127E-001 0.13271324E-001
0.13271324E-001 0.13730087E-001 0.13730087E-001
0.15000000E+002 -.38894748E+005 0.77819497E+005 0.77913908E+005 0.77866244E+005 0.34893613E+005 0.32752000E+005 0.11102230E-015 0.13987146E+005 0.32752000E+005
0.10000000E+001
867
0.10454225E+001 0.11373506E+001 0.10808710E+001 0.10244694E+001 0.10320761E+001 -.10009385E+001 -.10501764E+001 -.10689556E+001 -.10708806E+001 -.10571800E+001
-.77235390E-003 -.29386536E+000 -.45378604E+000 0.18478459E+001 0.66542631E+000 0.82548790E+000 0.17451210E+000 0.42705783E+000 0.57294217E+000 0.49980691E+000
0.50019309E+000 0.62619593E+000 0.37380407E+000
0.40849069E-001 0.42542681E-001 0.43230095E-001 0.41073088E-001 0.41024722E-001 0.45194858E-001 0.46589046E-001 0.45423908E-001 0.47384495E-001 0.46159265E-001
0.51262807E-001 0.69350926E-001 0.81604704E-001 0.12439667E+000 0.10535708E+000 0.14206481E-001 0.14206481E-001 0.16968746E-001 0.16968746E-001 0.12815700E-001
0.12815700E-001 0.12799119E-001 0.12799119E-001
0.15000000E+002 -.38801993E+005 0.77633986E+005 0.77728397E+005 0.77680734E+005 0.34451217E+005 0.32752000E+005 0.32815306E-010 0.13866189E+005 0.32752000E+005
0.10000000E+001
868
-.96263459E+000 -.10138881E+001 -.97608288E+000 -.98607408E+000 -.10454787E+001 0.10672163E+001 0.11469898E+001 0.11194177E+001 0.11068873E+001 0.10822426E+001
0.74278381E-001 -.15266470E+001 -.26980402E+000 0.18182669E+001 0.87139350E+000 0.57239265E+000 0.42760735E+000 0.17848480E+000 0.82151520E+000 0.51856106E+000
0.48143894E+000 0.38275008E+000 0.61724992E+000
0.43079877E-001 0.45628388E-001 0.44472940E-001 0.43830351E-001 0.45187755E-001 0.43433967E-001 0.43118255E-001 0.42561009E-001 0.42717039E-001 0.42907807E-001
0.51510924E-001 0.10020791E+000 0.60148622E-001 0.12411554E+000 0.10514966E+000 0.16975549E-001 0.16975549E-001 0.14693283E-001 0.14693283E-001 0.12859985E-001
0.12859985E-001 0.13265909E-001 0.13265909E-001
0.15000000E+002 -.38812501E+005 0.77655002E+005 0.77749412E+005 0.77701749E+005 0.34670339E+005 0.32752000E+005 0.94479979E-013 0.13990517E+005 0.32752000E+005
0.10000000E+001
869
-.10025585E+001 -.10147462E+001 -.96341089E+000 -.97866042E+000 -.10085564E+001 0.11102829E+001 0.11022379E+001 0.10526124E+001 0.10972805E+001 0.11370379E+001
0.21892839E-001 -.14492114E+001 -.27631949E+000 0.18004614E+001 0.80453054E+000 0.58692068E+000 0.41307932E+000 0.19012297E+000 0.80987703E+000 0.50547299E+000
0.49452701E+000 0.39069349E+000 0.60930651E+000
0.44865825E-001 0.44668468E-001 0.44370110E-001 0.44688933E-001 0.43411738E-001 0.41877761E-001 0.42030895E-001 0.40352407E-001 0.41929048E-001 0.45132626E-001
0.51681659E-001 0.94101233E-001 0.64393898E-001 0.12238937E+000 0.10477694E+000 0.17213523E-001 0.17213523E-001 0.14489353E-001 0.14489353E-001 0.12918867E-001
0.12918867E-001 0.12924335E-001 0.12924335E-001
0.15000000E+002 -.38864163E+005 0.77758326E+005 0.77852737E+005 0.77805073E+005 0.34467844E+005 0.32752000E+005 0.21533331E-010 0.13930157E+005 0.32752000E+005
0.10000000E+001
870
0.11084783E+001 0.10589302E+001 0.10655408E+001 0.10958012E+001 0.10803994E+001 -.98214828E+000 -.10350277E+001 -.10495017E+001 -.10540622E+001 -.10639015E+001
-.90460011E-001 -.30755344E+000 -.53332258E+000 0.18940541E+001 0.70663179E+000 0.83012319E+000 0.16987681E+000 0.42371203E+000 0.57628797E+000 0.47740041E+000
0.52259959E+000 0.61773288E+000 0.38226712E+000
0.41185624E-001 0.40277879E-001 0.40338160E-001 0.42696116E-001 0.41590141E-001 0.42792096E-001 0.43504839E-001 0.43857159E-001 0.43182160E-001 0.43591527E-001
0.52106159E-001 0.66198907E-001 0.79932272E-001 0.12507254E+000 0.10166127E+000 0.13943797E-001 0.13943797E-001 0.16164459E-001 0.16164459E-001 0.12999927E-001
0.12999927E-001 0.12157229E-001 0.12157229E-001
0.15000000E+002 -.38794260E+005 0.77618519E+005 0.77712930E+005 0.77665267E+005 0.34032852E+005 0.32752000E+005 0.38394274E-006 0.13817253E+005 0.32752000E+005
0.10000000E+001
871
0.11161557E+001 0.10871736E+001 0.11098139E+001 0.10509403E+001 0.10533102E+001 -.10292073E+001 -.95441999E+000 -.10124069E+001 -.95993191E+000 -.10564680E+001
-.64331590E-001 -.29672487E+000 -.54194796E+000 0.17815404E+001 0.79825924E+000 0.81529883E+000 0.18470117E+000 0.42635831E+000 0.57364169E+000 0.48392265E+000
0.51607735E+000 0.61457544E+000 0.38542456E+000
0.45554172E-001 0.41980347E-001 0.42494621E-001 0.40208577E-001 0.42214618E-001 0.43920082E-001 0.44432495E-001 0.45758931E-001 0.45307184E-001 0.45617972E-001
0.52674177E-001 0.70434611E-001 0.85083180E-001 0.12457374E+000 0.10561726E+000 0.14713574E-001 0.14713574E-001 0.17226679E-001 0.17226679E-001 0.13154929E-001
0.13154929E-001 0.13144080E-001 0.13144080E-001
0.15000000E+002 -.38887596E+005 0.77805193E+005 0.77899603E+005 0.77851940E+005 0.34437060E+005 0.32752000E+005 0.46835535E-010 0.13979403E+005 0.32752000E+005
0.10000000E+001
872
-.99103953E+000 -.10300471E+001 -.10864807E+001 -.10861222E+001 -.10515913E+001 0.10658204E+001 0.10358850E+001 0.10588846E+001 0.10468798E+001 0.10885994E+001
-.75601688E-001 -.16107673E+001 -.40362393E+000 0.19490062E+001 0.92287892E+000 0.58376265E+000 0.41623735E+000 0.16648210E+000 0.83351790E+000 0.48110858E+000
0.51889142E+000 0.36723935E+000 0.63276065E+000
0.47071520E-001 0.47850684E-001 0.47336215E-001 0.49561365E-001 0.48683091E-001 0.40020421E-001 0.40140744E-001 0.42571450E-001 0.40588522E-001 0.42030898E-001
0.51080315E-001 0.97748877E-001 0.63819385E-001 0.12349008E+000 0.10506734E+000 0.17540390E-001 0.17540390E-001 0.13564202E-001 0.13564202E-001 0.12751849E-001
0.12751849E-001 0.13115884E-001 0.13115884E-001
0.15000000E+002 -.38770208E+005 0.77570415E+005 0.77664826E+005 0.77617162E+005 0.34701264E+005 0.32752000E+005 0.39301895E-013 0.13837349E+005 0.32752000E+005
0.10000000E+001
873
-.93975024E+000 -.98117465E+000 -.97871041E+000 -.10399381E+001 -.97801028E+000 0.10592034E+001 0.10946931E+001 0.10356756E+001 0.10825626E+001 0.10648160E+001
0.16806216E-001 -.14556581E+001 -.27747714E+000 0.18885109E+001 0.94631462E+000 0.60655468E+000 0.39344532E+000 0.18913230E+000 0.81086770E+000 0.50420146E+000
0.49579854E+000 0.39959727E+000 0.60040273E+000
0.44321175E-001 0.44941229E-001 0.44514796E-001 0.45394806E-001 0.46019448E-001 0.42113768E-001 0.42836499E-001 0.42186072E-001 0.44423513E-001 0.42222667E-001
0.54043386E-001 0.94292970E-001 0.65812848E-001 0.12521283E+000 0.10789240E+000 0.17488210E-001 0.17488210E-001 0.14460890E-001 0.14460890E-001 0.13509893E-001
0.13509893E-001 0.13157046E-001 0.13157046E-001
0.15000000E+002 -.39006381E+005 0.78042761E+005 0.78137172E+005 0.78089509E+005 0.34353295E+005 0.32752000E+005 0.36365766E-009 0.14134948E+005 0.32752000E+005
0.10000000E+001
874
-.97391630E+000 -.10089148E+001 -.97709656E+000 -.95184973E+000 -.99458662E+000 0.11171092E+001 0.11293844E+001 0.11313331E+001 0.11059371E+001 0.11037605E+001
0.94984454E-001 -.15841721E+001 -.15643216E+000 0.18565773E+001 0.64880104E+000 0.56768328E+000 0.43231672E+000 0.17020543E+000 0.82979457E+000 0.52372828E+000
0.47627172E+000 0.37837582E+000 0.62162418E+000
0.42554742E-001 0.44028191E-001 0.44204223E-001 0.42149985E-001 0.43655407E-001 0.42863289E-001 0.41824122E-001 0.41583521E-001 0.41928282E-001 0.42586412E-001
0.52264571E-001 0.10447532E+000 0.61887545E-001 0.12898027E+000 0.10435584E+000 0.16032224E-001 0.16032224E-001 0.14755628E-001 0.14755628E-001 0.13036716E-001
0.13036716E-001 0.12360741E-001 0.12360741E-001
0.15000000E+002 -.38819595E+005 0.77669189E+005 0.77763600E+005 0.77715937E+005 0.33673611E+005 0.32752000E+005 0.17829372E-003 0.13782570E+005 0.32752000E+005
0.10000000E+001
875
0.10456067E+001 0.10861069E+001 0.10046964E+001 0.10666972E+001 0.10560113E+001 -.10483495E+001 -.11026687E+001 -.10586216E+001 -.10798877E+001 -.10784895E+001
0.23528126E-001 -.23812719E+000 -.55185302E+000 0.20775569E+001 0.74895630E+000 0.86288125E+000 0.13711875E+000 0.44074793E+000 0.55925207E+000 0.50588176E+000
0.49411824E+000 0.65429748E+000 0.34570252E+000
0.40044215E-001 0.40952265E-001 0.39183675E-001 0.40460451E-001 0.40734711E-001 0.47003498E-001 0.47582842E-001 0.46058216E-001 0.46747052E-001 0.46300053E-001
0.50702399E-001 0.71048979E-001 0.85258415E-001 0.13460019E+000 0.10655123E+000 0.12932575E-001 0.12932575E-001 0.17512805E-001 0.17512805E-001 0.12673846E-001
0.12673846E-001 0.12699018E-001 0.12699018E-001
0.15000000E+002 -.38708371E+005 0.77446743E+005 0.77541153E+005 0.77493490E+005 0.34882566E+005 0.32752000E+005 0.22204460E-015 0.13854882E+005 0.32752000E+005
0.10000000E+001
876
0.11496591E+001 0.10524447E+001 0.11057637E+001 0.10871296E+001 0.11042694E+001 -.10881645E+001 -.10322261E+001 -.10743193E+001 -.10130920E+001 -.10181260E+001
-.62765367E-001 -.32304220E+000 -.41334881E+000 0.19214120E+001 0.60386318E+000 0.83179042E+000 0.16820958E+000 0.41993452E+000 0.58006548E+000 0.48431381E+000
0.51568619E+000 0.61940202E+000 0.38059798E+000
0.41365077E-001 0.39199432E-001 0.40694152E-001 0.41201362E-001 0.40267691E-001 0.44132196E-001 0.44097646E-001 0.44504640E-001 0.42043273E-001 0.43659645E-001
0.49224794E-001 0.65656410E-001 0.78172453E-001 0.12459100E+000 0.99671701E-001 0.13928918E-001 0.13928918E-001 0.15993213E-001 0.15993213E-001 0.12294086E-001
0.12294086E-001 0.11924924E-001 0.11924924E-001
0.15000000E+002 -.38687041E+005 0.77404082E+005 0.77498493E+005 0.77450829E+005 0.34096428E+005 0.32752000E+005 0.10780624E-006 0.13736073E+005 0.32752000E+005
0.10000000E+001
877
-.10529018E+001 -.98687550E+000 -.10009649E+001 -.97551265E+000 -.97022898E+000 0.10761300E+001 0.10552015E+001 0.10883977E+001 0.10702957E+001 0.10429938E+001
0.10172199E+000 -.16483339E+001 -.28743463E+000 0.19684280E+001 0.94068238E+000 0.57934718E+000 0.42065282E+000 0.16133425E+000 0.83866575E+000 0.52540859E+000
0.47459141E+000 0.38096183E+000 0.61903817E+000
0.46797301E-001 0.44899000E-001 0.47281464E-001 0.44818031E-001 0.45043283E-001 0.44383000E-001 0.43362514E-001 0.42307012E-001 0.44120788E-001 0.42162088E-001
0.51777304E-001 0.10422548E+000 0.64908817E-001 0.13207111E+000 0.11004850E+000 0.18119030E-001 0.18119030E-001 0.14102281E-001 0.14102281E-001 0.12910899E-001
0.12910899E-001 0.13657718E-001 0.13657718E-001
0.15000000E+002 -.38927649E+005 0.77885299E+005 0.77979709E+005 0.77932046E+005 0.34477253E+005 0.32752000E+005 0.16937896E-010 0.14174434E+005 0.32752000E+005
0.10000000E+001
878
0.10212125E+001 0.10476143E+001 0.10247020E+001 0.10559148E+001 0.10398773E+001 -.10560080E+001 -.10648932E+001 -.10594617E+001 -.10159202E+001 -.10986775E+001
0.75878465E-001 -.27990077E+000 -.47799697E+000 0.19079909E+001 0.78659581E+000 0.83590784E+000 0.16409216E+000 0.43047810E+000 0.56952190E+000 0.51896052E+000
0.48103948E+000 0.64088013E+000 0.35911987E+000
0.40248962E-001 0.40060777E-001 0.39329973E-001 0.40458267E-001 0.40018798E-001 0.46202886E-001 0.48098875E-001 0.47348061E-001 0.45288372E-001 0.48149775E-001
0.51976238E-001 0.69208805E-001 0.85135534E-001 0.12563536E+000 0.10545504E+000 0.13664967E-001 0.13664967E-001 0.16967695E-001 0.16967695E-001 0.12975374E-001
0.12975374E-001 0.12528407E-001 0.12528407E-001
0.15000000E+002 -.38857062E+005 0.77744124E+005 0.77838534E+005 0.77790871E+005 0.34711640E+005 0.32752000E+005 0.29198866E-013 0.14024025E+005 0.32752000E+005
0.10000000E+001
879
0.11124540E+001 0.10631028E+001 0.10724491E+001 0.10436012E+001 0.10716891E+001 -.10996736E+001 -.10381774E+001 -.10791140E+001 -.10056936E+001 -.10499035E+001
-.47705650E-001 -.40906073E+000 -.54052864E+000 0.21409689E+001 0.89892334E+000 0.84965633E+000 0.15034367E+000 0.39913736E+000 0.60086264E+000 0.48807585E+000
0.51192415E+000 0.61902479E+000 0.38097521E+000
0.40225318E-001 0.40274746E-001 0.39973412E-001 0.38863685E-001 0.41245636E-001 0.48154068E-001 0.43652163E-001 0.44607717E-001 0.43847459E-001 0.42810768E-001
0.48418177E-001 0.67136361E-001 0.82754032E-001 0.13000524E+000 0.10274584E+000 0.13437142E-001 0.13437142E-001 0.16101094E-001 0.16101094E-001 0.12097660E-001
0.12097660E-001 0.11975562E-001 0.11975562E-001
0.15000000E+002 -.38702001E+005 0.77434002E+005 0.77528412E+005 0.77480749E+005 0.34668066E+005 0.32752000E+005 0.10069723E-012 0.13854951E+005 0.32752000E+005
0.10000000E+001
880
0.11026442E+001 0.97636906E+000 0.98498482E+000 0.10767354E+001 0.10921222E+001 -.10715210E+001 -.10011862E+001 -.94706533E+000 -.10639320E+001 -.10668037E+001
0.97943725E-002 -.29206343E+000 -.34945874E+000 0.17625152E+001 0.62883874E+000 0.81312604E+000 0.18687396E+000 0.42749878E+000 0.57250122E+000 0.50244857E+000
0.49755143E+000 0.62125665E+000 0.37874335E+000
0.43390262E-001 0.38701537E-001 0.39451456E-001 0.41353787E-001 0.43336643E-001 0.47229156E-001 0.46705819E-001 0.43464263E-001 0.47407440E-001 0.46504204E-001
0.52179813E-001 0.70998453E-001 0.82953010E-001 0.12175314E+000 0.10394787E+000 0.14271156E-001 0.14271156E-001 0.17376415E-001 0.17376415E-001 0.13044640E-001
0.13044640E-001 0.12896073E-001 0.12896073E-001
0.15000000E+002 -.38962431E+005 0.77954862E+005 0.78049272E+005 0.78001609E+005 0.34624980E+005 0.32752000E+005 0.33439918E-012 0.14104312E+005 0.32752000E+005
0.10000000E+001
881
0.11289112E+001 0.11388034E+001 0.10648280E+001 0.11256573E+001 0.11050879E+001 -.89498177E+000 -.10684989E+001 -.95119248E+000 -.10219434E+001 -.98630671E+000
0.13061846E-001 -.35830679E+000 -.44978986E+000 0.18152561E+001 0.57919100E+000 0.81106564E+000 0.18893436E+000 0.41136951E+000 0.58863049E+000 0.50326541E+000
0.49673459E+000 0.61252275E+000 0.38747725E+000
0.41042106E-001 0.43350490E-001 0.40015715E-001 0.42618757E-001 0.41328806E-001 0.42954415E-001 0.45353539E-001 0.43699167E-001 0.44393430E-001 0.44759686E-001
0.52299719E-001 0.70144435E-001 0.81571215E-001 0.12117141E+000 0.10334064E+000 0.13927219E-001 0.13927219E-001 0.16985099E-001 0.16985099E-001 0.13074372E-001
0.13074372E-001 0.12339937E-001 0.12339937E-001
0.15000000E+002 -.38837288E+005 0.77704577E+005 0.77798987E+005 0.77751324E+005 0.34315134E+005 0.32752000E+005 0.89648178E-009 0.13887650E+005 0.32752000E+005
0.10000000E+001
882
0.10655118E+001 0.97328222E+000 0.10430109E+001 0.10786728E+001 0.10285152E+001 -.10333077E+001 -.10709159E+001 -.10039130E+001 -.10403039E+001 -.10709939E+001
-.24829127E-002 -.23824473E+000 -.41263024E+000 0.17850319E+001 0.68467106E+000 0.82444921E+000 0.17555079E+000 0.44071895E+000 0.55928105E+000 0.49937927E+000
0.50062073E+000 0.63234589E+000 0.36765411E+000
0.42348095E-001 0.38805877E-001 0.40716872E-001 0.41592857E-001 0.40875066E-001 0.44927604E-001 0.48095404E-001 0.44961634E-001 0.48094366E-001 0.48105249E-001
0.54147207E-001 0.70428620E-001 0.82661600E-001 0.12688642E+000 0.10569111E+000 0.14247893E-001 0.14247893E-001 0.17359652E-001 0.17359652E-001 0.13536781E-001
0.13536781E-001 0.12852687E-001 0.12852687E-001
0.15000000E+002 -.38941376E+005 0.77912753E+005 0.78007163E+005 0.77959500E+005 0.34595411E+005 0.32752000E+005 0.75095485E-012 0.14041684E+005 0.32752000E+005
0.10000000E+001
883
0.10943463E+001 0.11817061E+001 0.10827115E+001 0.10531477E+001 0.10922408E+001 -.96586711E+000 -.10609521E+001 -.10130487E+001 -.89060193E+000 -.11162589E+001
-.69894476E-001 -.37462531E+000 -.44453033E+000 0.19709022E+001 0.58196105E+000 0.83149738E+000 0.16850262E+000 0.40742386E+000 0.59257614E+000 0.48253349E+000
0.51746651E+000 0.61205353E+000 0.38794647E+000
0.41152928E-001 0.44086111E-001 0.40055857E-001 0.39475943E-001 0.40401721E-001 0.41892146E-001 0.43067729E-001 0.44193258E-001 0.40738459E-001 0.45993100E-001
0.49879859E-001 0.68266318E-001 0.83037823E-001 0.12498181E+000 0.10212560E+000 0.13738788E-001 0.13738788E-001 0.16481514E-001 0.16481514E-001 0.12454748E-001
0.12454748E-001 0.12226780E-001 0.12226780E-001
0.15000000E+002 -.38811332E+005 0.77652663E+005 0.77747074E+005 0.77699410E+005 0.33588034E+005 0.32752000E+005 0.59395198E-003 0.13809565E+005 0.32752000E+005
0.10000000E+001
884
-.98111543E+000 -.99973899E+000 -.10061172E+001 -.10533325E+001 -.10101508E+001 0.10961223E+001 0.99722984E+000 0.11037549E+001 0.11131361E+001 0.10416223E+001
0.61330602E-001 -.15932401E+001 -.17456974E+000 0.18531362E+001 0.84937291E+000 0.56461075E+000 0.43538925E+000 0.16892853E+000 0.83107147E+000 0.51532785E+000
0.48467215E+000 0.37283460E+000 0.62716540E+000
0.45997753E-001 0.44325900E-001 0.43422658E-001 0.45074158E-001 0.44593230E-001 0.41490133E-001 0.40253234E-001 0.44355120E-001 0.44339090E-001 0.41615875E-001
0.52746008E-001 0.10203769E+000 0.61194075E-001 0.12802336E+000 0.10702769E+000 0.16977641E-001 0.16977641E-001 0.14325243E-001 0.14325243E-001 0.13174110E-001
0.13174110E-001 0.12855548E-001 0.12855548E-001
0.15000000E+002 -.38896064E+005 0.77822129E+005 0.77916540E+005 0.77868876E+005 0.34597729E+005 0.32752000E+005 0.70510264E-012 0.14038543E+005 0.32752000E+005
0.10000000E+001
885
0.11582486E+001 0.10997132E+001 0.10530892E+001 0.10612997E+001 0.11746377E+001 -.10370392E+001 -.98299782E+000 -.10685736E+001 -.10207060E+001 -.96834426E+000
-.82481180E-001 -.24913021E+000 -.48031118E+000 0.17632438E+001 0.69495057E+000 0.81967004E+000 0.18032996E+000 0.43803760E+000 0.56196240E+000 0.47939139E+000
0.52060861E+000 0.62098890E+000 0.37901110E+000
0.42746769E-001 0.40364631E-001 0.41826277E-001 0.40525677E-001 0.42781969E-001 0.45102880E-001 0.43574256E-001 0.43118050E-001 0.44074432E-001 0.43590597E-001
0.49928236E-001 0.69663349E-001 0.81138225E-001 0.12228310E+000 0.10272109E+000 0.13984508E-001 0.13984508E-001 0.17148376E-001 0.17148376E-001 0.12460854E-001
0.12460854E-001 0.12569270E-001 0.12569270E-001
0.15000000E+002 -.38751750E+005 0.77533500E+005 0.77627910E+005 0.77580247E+005 0.33681628E+005 0.32752000E+005 0.15847543E-003 0.13747803E+005 0.32752000E+005
0.10000000E+001
886
0.11836432E+001 0.10325413E+001 0.10342619E+001 0.10572775E+001 0.10418240E+001 -.10419347E+001 -.99199831E+000 -.10137355E+001 -.10347885E+001 -.10681337E+001
-.94628163E-001 -.43884183E+000 -.47601998E+000 0.21154916E+001 0.81230169E+000 0.84246039E+000 0.15753961E+000 0.39201697E+000 0.60798303E+000 0.47636060E+000
0.52363940E+000 0.60659047E+000 0.39340953E+000
0.44533701E-001 0.40308478E-001 0.40121218E-001 0.41302840E-001 0.42354031E-001 0.44672220E-001 0.43945666E-001 0.44436844E-001 0.44720137E-001 0.44062238E-001
0.52583548E-001 0.68206685E-001 0.79841325E-001 0.13119064E+000 0.10211124E+000 0.13899837E-001 0.13899837E-001 0.16256358E-001 0.16256358E-001 0.13116502E-001
0.13116502E-001 0.12545726E-001 0.12545726E-001
0.15000000E+002 -.38823672E+005 0.77677344E+005 0.77771755E+005 0.77724092E+005 0.34835749E+005 0.32752000E+005 0.77715612E-015 0.13984215E+005 0.32752000E+005
0.10000000E+001
887
0.11489409E+001 0.11434374E+001 0.11721350E+001 0.10419037E+001 0.10258190E+001 -.99669149E+000 -.99991963E+000 -.10442314E+001 -.10098936E+001 -.95689360E+000
0.21456493E-001 -.35299148E+000 -.54437246E+000 0.17871288E+001 0.75229797E+000 0.80754514E+000 0.19245486E+000 0.41265718E+000 0.58734282E+000 0.50536392E+000
0.49463608E+000 0.61221931E+000 0.38778069E+000
0.42711868E-001 0.43954262E-001 0.45079956E-001 0.41840511E-001 0.41113281E-001 0.45421748E-001 0.45090905E-001 0.46804113E-001 0.44747250E-001 0.43334553E-001
0.51752586E-001 0.71085429E-001 0.83410442E-001 0.12037589E+000 0.10423256E+000 0.14643685E-001 0.14643685E-001 0.17229063E-001 0.17229063E-001 0.12936657E-001
0.12936657E-001 0.13248293E-001 0.13248293E-001
0.15000000E+002 -.38793455E+005 0.77616909E+005 0.77711320E+005 0.77663657E+005 0.33890526E+005 0.32752000E+005 0.53994066E-005 0.13905243E+005 0.32752000E+005
0.10000000E+001
888
0.10598834E+001 0.10494470E+001 0.11045323E+001 0.10936185E+001 0.10236599E+001 -.95893829E+000 -.10338920E+001 -.10395594E+001 -.99254770E+000 -.99518521E+000
0.20856449E-001 -.30859419E+000 -.56147550E+000 0.19911341E+001 0.79973865E+000 0.84324056E+000 0.15675944E+000 0.42345792E+000 0.57654208E+000 0.50521392E+000
0.49478608E+000 0.63553795E+000 0.36446205E+000
0.41629682E-001 0.40807764E-001 0.42207246E-001 0.40554489E-001 0.39718514E-001 0.43356242E-001 0.46072391E-001 0.46502663E-001 0.45717144E-001 0.44376771E-001
0.53699828E-001 0.69843533E-001 0.87566826E-001 0.12936327E+000 0.10799754E+000 0.13513083E-001 0.13513083E-001 0.17051692E-001 0.17051692E-001 0.13423497E-001
0.13423497E-001 0.12644733E-001 0.12644733E-001
0.15000000E+002 -.38908676E+005 0.77847352E+005 0.77941763E+005 0.77894099E+005 0.33946984E+005 0.32752000E+005 0.19556945E-005 0.13959157E+005 0.32752000E+005
0.10000000E+001
889
0.10522497E+001 0.11272445E+001 0.10490627E+001 0.10793513E+001 0.10655623E+001 -.10886667E+001 -.98806458E+000 -.10313944E+001 -.10084852E+001 -.10224298E+001
-.26797340E-001 -.28028549E+000 -.49987626E+000 0.18302453E+001 0.72925487E+000 0.82490793E+000 0.17509207E+000 0.43038379E+000 0.56961621E+000 0.49330107E+000
0.50669893E+000 0.62500297E+000 0.37499703E+000
0.41500593E-001 0.43842518E-001 0.40911558E-001 0.40678232E-001 0.41231746E-001 0.46804043E-001 0.43220761E-001 0.45811578E-001 0.46005434E-001 0.45619533E-001
0.50711252E-001 0.69979990E-001 0.85841114E-001 0.12491358E+000 0.10542469E+000 0.14146025E-001 0.14146025E-001 0.17155845E-001 0.17155845E-001 0.12675537E-001
0.12675537E-001 0.12702253E-001 0.12702253E-001
0.15000000E+002 -.38826820E+005 0.77683639E+005 0.77778050E+005 0.77730386E+005 0.34088425E+005 0.32752000E+005 0.12688236E-006 0.13903600E+005 0.32752000E+005
0.10000000E+001
890
0.10084345E+001 0.10773639E+001 0.10443703E+001 0.11247815E+001 0.10520165E+001 -.10117825E+001 -.10580106E+001 -.10670396E+001 -.10738175E+001 -.10796576E+001
-.44501776E-001 -.35462809E+000 -.63011659E+000 0.20223564E+001 0.93855996E+000 0.84127271E+000 0.15872729E+000 0.41226057E+000 0.58773943E+000 0.48887639E+000
0.51112361E+000 0.62199448E+000 0.37800552E+000
0.39197048E-001 0.41466395E-001 0.41034299E-001 0.41862711E-001 0.41434905E-001 0.43775669E-001 0.44496477E-001 0.44784192E-001 0.45546332E-001 0.46184896E-001
0.50618666E-001 0.68695345E-001 0.85199644E-001 0.12742613E+000 0.10534137E+000 0.13624681E-001 0.13624681E-001 0.16645005E-001 0.16645005E-001 0.12648403E-001
0.12648403E-001 0.12534489E-001 0.12534489E-001
0.15000000E+002 -.38746525E+005 0.77523050E+005 0.77617461E+005 0.77569798E+005 0.35011089E+005 0.32752000E+005 0.00000000E+000 0.13888929E+005 0.32752000E+005
0.10000000E+001
891
0.10467020E+001 0.11667377E+001 0.10900442E+001 0.11161767E+001 0.12041530E+001 -.97903744E+000 -.10126476E+001 -.94657756E+000 -.10283644E+001 -.10075947E+001
-.74950085E-001 -.31655188E+000 -.58185881E+000 0.19974641E+001 0.75572903E+000 0.84302528E+000 0.15697472E+000 0.42151631E+000 0.57848369E+000 0.48127125E+000
0.51872875E+000 0.62437646E+000 0.37562354E+000
0.40358440E-001 0.45721316E-001 0.41988621E-001 0.42248768E-001 0.45218957E-001 0.43760640E-001 0.44554593E-001 0.42886896E-001 0.46203898E-001 0.44559830E-001
0.52180186E-001 0.66829432E-001 0.81616063E-001 0.12826065E+000 0.10575917E+000 0.13557492E-001 0.13557492E-001 0.16295709E-001 0.16295709E-001 0.13026743E-001
0.13026743E-001 0.12257933E-001 0.12257933E-001
0.15000000E+002 -.38703211E+005 0.77436422E+005 0.77530833E+005 0.77483170E+005 0.33824502E+005 0.32752000E+005 0.16755243E-004 0.13769231E+005 0.32752000E+005
0.10000000E+001
892
-.10511994E+001 -.99765811E+000 -.98479359E+000 -.97094224E+000 -.97303554E+000 0.10682403E+001 0.10543089E+001 0.10721302E+001 0.10425341E+001 0.10885751E+001
0.29178571E-001 -.15268567E+001 -.35363241E+000 0.18267973E+001 0.10425731E+001 0.57442799E+000 0.42557201E+000 0.17845405E+000 0.82154595E+000 0.50729413E+000
0.49270587E+000 0.37932931E+000 0.62067069E+000
0.45154348E-001 0.44505895E-001 0.45184129E-001 0.45673956E-001 0.44347567E-001 0.43894028E-001 0.42552771E-001 0.40654794E-001 0.39871550E-001 0.42062889E-001
0.52237096E-001 0.99337488E-001 0.61253345E-001 0.12431037E+000 0.10970307E+000 0.16617336E-001 0.16617336E-001 0.14563691E-001 0.14563691E-001 0.13056495E-001
0.13056495E-001 0.12755174E-001 0.12755174E-001
0.15000000E+002 -.38956789E+005 0.77943578E+005 0.78037989E+005 0.77990326E+005 0.34107768E+005 0.32752000E+005 0.85454260E-007 0.14071672E+005 0.32752000E+005
0.10000000E+001
893
-.10844057E+001 -.11190736E+001 -.10666493E+001 -.99366576E+000 -.10316578E+001 0.10686548E+001 0.11043296E+001 0.10258966E+001 0.96976360E+000 0.10832006E+001
0.29591465E-001 -.14025528E+001 -.39074447E+000 0.17447864E+001 0.93062949E+000 0.58473297E+000 0.41526703E+000 0.19741133E+000 0.80258867E+000 0.50739733E+000
0.49260267E+000 0.39393730E+000 0.60606270E+000
0.45374501E-001 0.47355177E-001 0.44759149E-001 0.43458620E-001 0.46148622E-001 0.41284044E-001 0.43055809E-001 0.41297243E-001 0.38733336E-001 0.40384954E-001
0.50717856E-001 0.91119015E-001 0.64645304E-001 0.11793734E+000 0.10392309E+000 0.16483827E-001 0.16483827E-001 0.14436905E-001 0.14436905E-001 0.12676689E-001
0.12676689E-001 0.12406361E-001 0.12406361E-001
0.15000000E+002 -.38850696E+005 0.77731391E+005 0.77825802E+005 0.77778139E+005 0.34270082E+005 0.32752000E+005 0.25357748E-008 0.13998901E+005 0.32752000E+005
0.10000000E+001
894
0.11192025E+001 0.10663048E+001 0.10505384E+001 0.11002874E+001 0.10512731E+001 -.99430727E+000 -.10327805E+001 -.10748976E+001 -.10372272E+001 -.10340208E+001
0.31323594E-001 -.20314622E+000 -.42734253E+000 0.16066315E+001 0.60107219E+000 0.80273636E+000 0.19726364E+000 0.44938738E+000 0.55061262E+000 0.50783026E+000
0.49216974E+000 0.62882869E+000 0.37117131E+000
0.42046665E-001 0.40721091E-001 0.41522613E-001 0.42368942E-001 0.41013782E-001 0.46482963E-001 0.46569787E-001 0.46681756E-001 0.46006440E-001 0.47593270E-001
0.53417305E-001 0.68848503E-001 0.89427885E-001 0.11788560E+000 0.10499851E+000 0.14313851E-001 0.14313851E-001 0.17035761E-001 0.17035761E-001 0.13351051E-001
0.13351051E-001 0.12642514E-001 0.12642514E-001
0.15000000E+002 -.38830840E+005 0.77691681E+005 0.77786092E+005 0.77738428E+005 0.34945754E+005 0.32752000E+005 0.00000000E+000 0.13957793E+005 0.32752000E+005
0.10000000E+001
895
-.10522743E+001 -.10400097E+001 -.10696200E+001 -.10013307E+001 -.10137085E+001 0.10976495E+001 0.10620492E+001 0.10581071E+001 0.10828221E+001 0.10436667E+001
-.46540414E-001 -.14374095E+001 -.22939811E+000 0.17078409E+001 0.68587182E+000 0.56719879E+000 0.43280121E+000 0.19194682E+000 0.80805318E+000 0.48836700E+000
0.51163300E+000 0.37520750E+000 0.62479250E+000
0.46299145E-001 0.45493808E-001 0.45531851E-001 0.45339739E-001 0.45419102E-001 0.41230549E-001 0.40403675E-001 0.42394667E-001 0.40418380E-001 0.39812191E-001
0.50643861E-001 0.90978224E-001 0.60167706E-001 0.11908369E+000 0.10572475E+000 0.17628736E-001 0.17628736E-001 0.14111017E-001 0.14111017E-001 0.12654112E-001
0.12654112E-001 0.12850662E-001 0.12850662E-001
0.15000000E+002 -.38857885E+005 0.77745770E+005 0.77840181E+005 0.77792518E+005 0.34001989E+005 0.32752000E+005 0.69730313E-006 0.13835283E+005 0.32752000E+005
0.10000000E+001
896
0.10802078E+001 0.11085249E+001 0.10877659E+001 0.10627047E+001 0.11010406E+001 -.10099953E+001 -.99454386E+000 -.10128219E+001 -.99710711E+000 -.97216066E+000
-.58601470E-001 -.29915216E+000 -.52013491E+000 0.19834889E+001 0.70024745E+000 0.84347794E+000 0.15652206E+000 0.42576476E+000 0.57423524E+000 0.48535382E+000
0.51464618E+000 0.62850345E+000 0.37149655E+000
0.42102718E-001 0.42285255E-001 0.42667639E-001 0.40869449E-001 0.41759042E-001 0.45114265E-001 0.45346300E-001 0.44483523E-001 0.45497572E-001 0.44659273E-001
0.52255542E-001 0.68745096E-001 0.88043309E-001 0.13074358E+000 0.10619759E+000 0.13736136E-001 0.13736136E-001 0.16807429E-001 0.16807429E-001 0.13052676E-001
0.13052676E-001 0.12529529E-001 0.12529529E-001
0.15000000E+002 -.38854994E+005 0.77739988E+005 0.77834399E+005 0.77786736E+005 0.34213523E+005 0.32752000E+005 0.89966227E-008 0.13863281E+005 0.32752000E+005
0.10000000E+001
897
0.10387147E+001 0.99974579E+000 0.10471928E+001 0.10266531E+001 0.10597024E+001 -.11098349E+001 -.10660630E+001 -.11423902E+001 -.10263908E+001 -.10906507E+001
0.68245113E-001 -.35063419E+000 -.54568866E+000 0.17833769E+001 0.92656155E+000 0.80732830E+000 0.19267170E+000 0.41322864E+000 0.58677136E+000 0.51705466E+000
0.48294534E+000 0.61699971E+000 0.38300029E+000
0.41460217E-001 0.38205682E-001 0.40160001E-001 0.39182785E-001 0.38392706E-001 0.45545680E-001 0.45540349E-001 0.45869593E-001 0.43811143E-001 0.46732433E-001
0.48754342E-001 0.67942972E-001 0.83873341E-001 0.11774932E+000 0.10503397E+000 0.14237899E-001 0.14237899E-001 0.16474182E-001 0.16474182E-001 0.12174405E-001
0.12174405E-001 0.12255740E-001 0.12255740E-001
0.15000000E+002 -.38818975E+005 0.77667950E+005 0.77762361E+005 0.77714698E+005 0.34085812E+005 0.32752000E+005 0.13378934E-006 0.13995899E+005 0.32752000E+005
0.10000000E+001
898
0.10554194E+001 0.10471131E+001 0.10016315E+001 0.10558559E+001 0.10480741E+001 -.11330129E+001 -.10013077E+001 -.99846160E+000 -.10972427E+001 -.11326024E+001
0.59008577E-001 -.16667748E+000 -.61489525E+000 0.17805824E+001 0.94485506E+000 0.83395283E+000 0.16604717E+000 0.45842683E+000 0.54157317E+000 0.51474787E+000
0.48525213E+000 0.65172804E+000 0.34827196E+000
0.40347211E-001 0.38794719E-001 0.38430944E-001 0.39930826E-001 0.39527581E-001 0.48694616E-001 0.45915835E-001 0.43689892E-001 0.46600830E-001 0.47940920E-001
0.50715360E-001 0.71579351E-001 0.86231314E-001 0.12341654E+000 0.10858732E+000 0.13229122E-001 0.13229122E-001 0.17771125E-001 0.17771125E-001 0.12667809E-001
0.12667809E-001 0.12507746E-001 0.12507746E-001
0.15000000E+002 -.38796808E+005 0.77623616E+005 0.77718027E+005 0.77670364E+005 0.34109537E+005 0.32752000E+005 0.82399299E-007 0.13816706E+005 0.32752000E+005
0.10000000E+001
899
0.11385119E+001 0.11018564E+001 0.11191607E+001 0.10920527E+001 0.10794792E+001 -.10705917E+001 -.98555990E+000 -.10366942E+001 -.10083237E+001 -.10659930E+001
-.47608489E-001 -.49089264E+000 -.45127880E+000 0.20579361E+001 0.76350547E+000 0.82736172E+000 0.17263828E+000 0.37968331E+000 0.62031669E+000 0.48810013E+000
0.51189987E+000 0.59819520E+000 0.40180480E+000
0.43646667E-001 0.41465419E-001 0.41564461E-001 0.40398726E-001 0.41531269E-001 0.45171847E-001 0.43661049E-001 0.44250935E-001 0.44637653E-001 0.45944849E-001
0.50031757E-001 0.69800102E-001 0.83513343E-001 0.12332264E+000 0.10230824E+000 0.13737273E-001 0.13737273E-001 0.16439592E-001 0.16439592E-001 0.12500854E-001
0.12500854E-001 0.12536572E-001 0.12536572E-001
0.15000000E+002 -.38678236E+005 0.77386471E+005 0.77480882E+005 0.77433219E+005 0.35306667E+005 0.32752000E+005 0.00000000E+000 0.13862435E+005 0.32752000E+005
0.10000000E+001
900
0.10949333E+001 0.10429654E+001 0.10492011E+001 0.11113216E+001 0.11126575E+001 -.10718526E+001 -.10920041E+001 -.10965740E+001 -.10424212E+001 -.10476831E+001
0.12768247E-001 -.28429210E+000 -.49135306E+000 0.18284763E+001 0.67890401E+000 0.82407216E+000 0.17592784E+000 0.42940183E+000 0.57059817E+000 0.50319202E+000
0.49680798E+000 0.62799679E+000 0.37200321E+000
0.43000682E-001 0.41060939E-001 0.41852159E-001 0.41470482E-001 0.42794938E-001 0.46630064E-001 0.46858665E-001 0.46524362E-001 0.47446241E-001 0.45854916E-001
0.52662220E-001 0.70422091E-001 0.82572622E-001 0.12164395E+000 0.10272212E+000 0.13730363E-001 0.13730363E-001 0.17254532E-001 0.17254532E-001 0.13165019E-001
0.13165019E-001 0.12923281E-001 0.12923281E-001
0.15000000E+002 -.38654043E+005 0.77338085E+005 0.77432496E+005 0.77384833E+005 0.34833131E+005 0.32752000E+005 0.77715612E-015 0.13795590E+005 0.32752000E+005
0.10000000E+001
